# Freq.    Mag.
0          2.56266e-05
1          2.5404e-05
2          2.03714e-05
3          1.64626e-05
4          1.65798e-05
5          1.66755e-05
6          1.64232e-05
7          1.63863e-05
8          1.64991e-05
9          1.58413e-05
10         1.49258e-05
11         1.51343e-05
12         1.57328e-05
13         1.63808e-05
14         1.76563e-05
15         1.84625e-05
16         1.86719e-05
17         1.88988e-05
18         1.87161e-05
19         1.84359e-05
20         1.80908e-05
21         1.80732e-05
22         1.83896e-05
23         1.88976e-05
24         1.89526e-05
25         1.82074e-05
26         1.75716e-05
27         1.80912e-05
28         1.88584e-05
29         1.90051e-05
30         1.89186e-05
31         1.90215e-05
32         1.90192e-05
33         1.91306e-05
34         1.97044e-05
35         1.99511e-05
36         1.99729e-05
37         2.19636e-05
38         2.66494e-05
39         2.82564e-05
40         2.79259e-05
41         2.5151e-05
42         1.97349e-05
43         1.84726e-05
44         1.92374e-05
45         2.01576e-05
46         2.14783e-05
47         2.1722e-05
48         2.09637e-05
49         2.02037e-05
50         1.96601e-05
51         1.9532e-05
52         1.9821e-05
53         2.02209e-05
54         1.99225e-05
55         2.01068e-05
56         2.10452e-05
57         2.25583e-05
58         2.37522e-05
59         2.39418e-05
60         2.31235e-05
61         2.2183e-05
62         2.10054e-05
63         2.05243e-05
64         2.09025e-05
65         2.12294e-05
66         2.06392e-05
67         2.06967e-05
68         2.15583e-05
69         2.20037e-05
70         2.19237e-05
71         2.22623e-05
72         2.28023e-05
73         2.2215e-05
74         2.19656e-05
75         2.21838e-05
76         2.23603e-05
77         2.28966e-05
78         2.27407e-05
79         2.22995e-05
80         2.21335e-05
81         2.2588e-05
82         2.36212e-05
83         2.41238e-05
84         2.39396e-05
85         2.31667e-05
86         2.27239e-05
87         2.25249e-05
88         2.266e-05 
89         2.31944e-05
90         2.39476e-05
91         2.50769e-05
92         2.58832e-05
93         2.55677e-05
94         2.385e-05 
95         2.25e-05  
96         2.2039e-05
97         2.25172e-05
98         2.36959e-05
99         2.3665e-05
100        2.31008e-05
101        2.29399e-05
102        2.38008e-05
103        2.47139e-05
104        2.53165e-05
105        2.49284e-05
106        2.33493e-05
107        2.20311e-05
108        2.13074e-05
109        2.14726e-05
110        2.16326e-05
111        2.16515e-05
112        2.25742e-05
113        2.38166e-05
114        2.41646e-05
115        2.39328e-05
116        2.44157e-05
117        2.58266e-05
118        2.57357e-05
119        2.41602e-05
120        2.32895e-05
121        2.34957e-05
122        2.3904e-05
123        2.39597e-05
124        2.40199e-05
125        2.44651e-05
126        2.40892e-05
127        2.32606e-05
128        2.2956e-05
129        2.36688e-05
130        2.44276e-05
131        2.33873e-05
132        2.27271e-05
133        2.3647e-05
134        2.45091e-05
135        2.42795e-05
136        2.35894e-05
137        2.34672e-05
138        2.41572e-05
139        2.44339e-05
140        2.41738e-05
141        2.43773e-05
142        2.43008e-05
143        2.46207e-05
144        2.60512e-05
145        2.69045e-05
146        2.57017e-05
147        2.38419e-05
148        2.34083e-05
149        2.41607e-05
150        2.4868e-05
151        2.48592e-05
152        2.43116e-05
153        2.3582e-05
154        2.26761e-05
155        2.1745e-05
156        2.14479e-05
157        2.19171e-05
158        2.23949e-05
159        2.3154e-05
160        2.43497e-05
161        2.4123e-05
162        2.30941e-05
163        2.26951e-05
164        2.35027e-05
165        2.46559e-05
166        2.4409e-05
167        2.33515e-05
168        2.23781e-05
169        2.17271e-05
170        2.23527e-05
171        2.34937e-05
172        2.46116e-05
173        2.49782e-05
174        2.4404e-05
175        2.40049e-05
176        2.40833e-05
177        2.45503e-05
178        2.42691e-05
179        2.30172e-05
180        2.21617e-05
181        2.2051e-05
182        2.25404e-05
183        2.31786e-05
184        2.3254e-05
185        2.2888e-05
186        2.26534e-05
187        2.25211e-05
188        2.3377e-05
189        2.41396e-05
190        2.36637e-05
191        2.31685e-05
192        2.3212e-05
193        2.32098e-05
194        2.35706e-05
195        2.39353e-05
196        2.40249e-05
197        2.38796e-05
198        2.43011e-05
199        2.44848e-05
200        2.32111e-05
201        2.20344e-05
202        2.23436e-05
203        2.3255e-05
204        2.39778e-05
205        2.41351e-05
206        2.43894e-05
207        2.42885e-05
208        2.41662e-05
209        2.50515e-05
210        2.56301e-05
211        2.56585e-05
212        2.5025e-05
213        2.39755e-05
214        2.38928e-05
215        2.47498e-05
216        2.60194e-05
217        2.63266e-05
218        2.52074e-05
219        2.43911e-05
220        2.42643e-05
221        2.37035e-05
222        2.36613e-05
223        2.4414e-05
224        2.50397e-05
225        2.53879e-05
226        2.47628e-05
227        2.37244e-05
228        2.27731e-05
229        2.23326e-05
230        2.23921e-05
231        2.29192e-05
232        2.34743e-05
233        2.40543e-05
234        2.50802e-05
235        2.60557e-05
236        2.61591e-05
237        2.53579e-05
238        2.47957e-05
239        2.43308e-05
240        2.36902e-05
241        2.31528e-05
242        2.29335e-05
243        2.31411e-05
244        2.32796e-05
245        2.36407e-05
246        2.4063e-05
247        2.43821e-05
248        2.47393e-05
249        2.41148e-05
250        2.40269e-05
251        2.50316e-05
252        2.5658e-05
253        2.50755e-05
254        2.42647e-05
255        2.30884e-05
256        2.27444e-05
257        2.36592e-05
258        2.44273e-05
259        2.47566e-05
260        2.49183e-05
261        2.48186e-05
262        2.50418e-05
263        2.60018e-05
264        2.60003e-05
265        2.56647e-05
266        2.57328e-05
267        2.48337e-05
268        2.36865e-05
269        2.37208e-05
270        2.42455e-05
271        2.43541e-05
272        2.42765e-05
273        2.4229e-05
274        2.48161e-05
275        2.58282e-05
276        2.5575e-05
277        2.4852e-05
278        2.45154e-05
279        2.45594e-05
280        2.42627e-05
281        2.38229e-05
282        2.34733e-05
283        2.31598e-05
284        2.34869e-05
285        2.44377e-05
286        2.5634e-05
287        2.57771e-05
288        2.49411e-05
289        2.43247e-05
290        2.44022e-05
291        2.43023e-05
292        2.35894e-05
293        2.32325e-05
294        2.26782e-05
295        2.28008e-05
296        2.36213e-05
297        2.47223e-05
298        2.54841e-05
299        2.52887e-05
300        2.5042e-05
301        2.54872e-05
302        2.59183e-05
303        2.61147e-05
304        2.57685e-05
305        2.49788e-05
306        2.36372e-05
307        2.39361e-05
308        2.51881e-05
309        2.58424e-05
310        2.57954e-05
311        2.57776e-05
312        2.5625e-05
313        2.4995e-05
314        2.47021e-05
315        2.43568e-05
316        2.39785e-05
317        2.39273e-05
318        2.3973e-05
319        2.43084e-05
320        2.4983e-05
321        2.50556e-05
322        2.43049e-05
323        2.36371e-05
324        2.30952e-05
325        2.30847e-05
326        2.36679e-05
327        2.38177e-05
328        2.33277e-05
329        2.28957e-05
330        2.34845e-05
331        2.42587e-05
332        2.41096e-05
333        2.35869e-05
334        2.29738e-05
335        2.23477e-05
336        2.2101e-05
337        2.1898e-05
338        2.20686e-05
339        2.29918e-05
340        2.34539e-05
341        2.33097e-05
342        2.30549e-05
343        2.34094e-05
344        2.40075e-05
345        2.41799e-05
346        2.37437e-05
347        2.36145e-05
348        2.31934e-05
349        2.3044e-05
350        2.32908e-05
351        2.34398e-05
352        2.42433e-05
353        2.49535e-05
354        2.49139e-05
355        2.5118e-05
356        2.58813e-05
357        2.58985e-05
358        2.57255e-05
359        2.60082e-05
360        2.59622e-05
361        2.55518e-05
362        2.52178e-05
363        2.36158e-05
364        2.22777e-05
365        2.24074e-05
366        2.32928e-05
367        2.49941e-05
368        2.58806e-05
369        2.53227e-05
370        2.44325e-05
371        2.31946e-05
372        2.25923e-05
373        2.35883e-05
374        2.44567e-05
375        2.43868e-05
376        2.43157e-05
377        2.44631e-05
378        2.4402e-05
379        2.43155e-05
380        2.41318e-05
381        2.49222e-05
382        2.5476e-05
383        2.49921e-05
384        2.45616e-05
385        2.38161e-05
386        2.29904e-05
387        2.32606e-05
388        2.36029e-05
389        2.32319e-05
390        2.27507e-05
391        2.25133e-05
392        2.33154e-05
393        2.41042e-05
394        2.46711e-05
395        2.43636e-05
396        2.48584e-05
397        2.55704e-05
398        2.50938e-05
399        2.42786e-05
400        2.34738e-05
401        2.43608e-05
402        2.53935e-05
403        2.59955e-05
404        2.5731e-05
405        2.5148e-05
406        2.53329e-05
407        2.49479e-05
408        2.39777e-05
409        2.31229e-05
410        2.3071e-05
411        2.39896e-05
412        2.4085e-05
413        2.31662e-05
414        2.30948e-05
415        2.3847e-05
416        2.37249e-05
417        2.40802e-05
418        2.51332e-05
419        2.56507e-05
420        2.60477e-05
421        2.59643e-05
422        2.55356e-05
423        2.54963e-05
424        2.57151e-05
425        2.61946e-05
426        2.54788e-05
427        2.42623e-05
428        2.39028e-05
429        2.37492e-05
430        2.44849e-05
431        2.51872e-05
432        2.46405e-05
433        2.35299e-05
434        2.29209e-05
435        2.27671e-05
436        2.29214e-05
437        2.29393e-05
438        2.3417e-05
439        2.34195e-05
440        2.26131e-05
441        2.19388e-05
442        2.24963e-05
443        2.36692e-05
444        2.46862e-05
445        2.5989e-05
446        2.69465e-05
447        2.64136e-05
448        2.60995e-05
449        2.59623e-05
450        2.59013e-05
451        2.5811e-05
452        2.47772e-05
453        2.33365e-05
454        2.26387e-05
455        2.28571e-05
456        2.34613e-05
457        2.38821e-05
458        2.39978e-05
459        2.45236e-05
460        2.48266e-05
461        2.43349e-05
462        2.31023e-05
463        2.31911e-05
464        2.46549e-05
465        2.56441e-05
466        2.57496e-05
467        2.45697e-05
468        2.38908e-05
469        2.42531e-05
470        2.44104e-05
471        2.40415e-05
472        2.34025e-05
473        2.31412e-05
474        2.39259e-05
475        2.45282e-05
476        2.43958e-05
477        2.36028e-05
478        2.2629e-05
479        2.22882e-05
480        2.22442e-05
481        2.27352e-05
482        2.32933e-05
483        2.31921e-05
484        2.24871e-05
485        2.13488e-05
486        2.21093e-05
487        2.34728e-05
488        2.48183e-05
489        2.57529e-05
490        2.53876e-05
491        2.45391e-05
492        2.3864e-05
493        2.4303e-05
494        2.48818e-05
495        2.46659e-05
496        2.38619e-05
497        2.32917e-05
498        2.30902e-05
499        2.27495e-05
500        2.25345e-05
501        2.26654e-05
502        2.31459e-05
503        2.34296e-05
504        2.33999e-05
505        2.30438e-05
506        2.29933e-05
507        2.37853e-05
508        2.40247e-05
509        2.41503e-05
510        2.43049e-05
511        2.41857e-05
512        2.36217e-05
513        2.35921e-05
514        2.38194e-05
515        2.40571e-05
516        2.43295e-05
517        2.45017e-05
518        2.43494e-05
519        2.42411e-05
520        2.48768e-05
521        2.51778e-05
522        2.44196e-05
523        2.3893e-05
524        2.31266e-05
525        2.28705e-05
526        2.33311e-05
527        2.37051e-05
528        2.43456e-05
529        2.54204e-05
530        2.5413e-05
531        2.41941e-05
532        2.37354e-05
533        2.43826e-05
534        2.47904e-05
535        2.48589e-05
536        2.50174e-05
537        2.56745e-05
538        2.59258e-05
539        2.51276e-05
540        2.43829e-05
541        2.38462e-05
542        2.43204e-05
543        2.43323e-05
544        2.34928e-05
545        2.27613e-05
546        2.16552e-05
547        2.07044e-05
548        2.08882e-05
549        2.16524e-05
550        2.23882e-05
551        2.2248e-05
552        2.24838e-05
553        2.30801e-05
554        2.32769e-05
555        2.30957e-05
556        2.30948e-05
557        2.35152e-05
558        2.34854e-05
559        2.43558e-05
560        2.48801e-05
561        2.42149e-05
562        2.31674e-05
563        2.26845e-05
564        2.32136e-05
565        2.44524e-05
566        2.58796e-05
567        2.66746e-05
568        2.62885e-05
569        2.52161e-05
570        2.4779e-05
571        2.53469e-05
572        2.65659e-05
573        2.65522e-05
574        2.54317e-05
575        2.5743e-05
576        2.61368e-05
577        2.49507e-05
578        2.3699e-05
579        2.35131e-05
580        2.33072e-05
581        2.31927e-05
582        2.31207e-05
583        2.35147e-05
584        2.43845e-05
585        2.50615e-05
586        2.54803e-05
587        2.51222e-05
588        2.42552e-05
589        2.4481e-05
590        2.45423e-05
591        2.42721e-05
592        2.44218e-05
593        2.41964e-05
594        2.32944e-05
595        2.2287e-05
596        2.2241e-05
597        2.32472e-05
598        2.39113e-05
599        2.39292e-05
600        2.39564e-05
601        2.47052e-05
602        2.60006e-05
603        2.66099e-05
604        2.63982e-05
605        2.56646e-05
606        2.4683e-05
607        2.46999e-05
608        2.46678e-05
609        2.39236e-05
610        2.42091e-05
611        2.49998e-05
612        2.58305e-05
613        2.61956e-05
614        2.56248e-05
615        2.44816e-05
616        2.33109e-05
617        2.29053e-05
618        2.29918e-05
619        2.37254e-05
620        2.39443e-05
621        2.34016e-05
622        2.30984e-05
623        2.2956e-05
624        2.31316e-05
625        2.34022e-05
626        2.37732e-05
627        2.42399e-05
628        2.42315e-05
629        2.37463e-05
630        2.38041e-05
631        2.46696e-05
632        2.5447e-05
633        2.52575e-05
634        2.4596e-05
635        2.41151e-05
636        2.4453e-05
637        2.47531e-05
638        2.44589e-05
639        2.45526e-05
640        2.4429e-05
641        2.35689e-05
642        2.32979e-05
643        2.3898e-05
644        2.50239e-05
645        2.48427e-05
646        2.41164e-05
647        2.41135e-05
648        2.44478e-05
649        2.3897e-05
650        2.32995e-05
651        2.32375e-05
652        2.37252e-05
653        2.46313e-05
654        2.51872e-05
655        2.53816e-05
656        2.53516e-05
657        2.51618e-05
658        2.45566e-05
659        2.36923e-05
660        2.3926e-05
661        2.40099e-05
662        2.37133e-05
663        2.38665e-05
664        2.44096e-05
665        2.49307e-05
666        2.43387e-05
667        2.37435e-05
668        2.30647e-05
669        2.25508e-05
670        2.24357e-05
671        2.25224e-05
672        2.31235e-05
673        2.39432e-05
674        2.4101e-05
675        2.33694e-05
676        2.28081e-05
677        2.28399e-05
678        2.36537e-05
679        2.42489e-05
680        2.43297e-05
681        2.42802e-05
682        2.45154e-05
683        2.50815e-05
684        2.54526e-05
685        2.51534e-05
686        2.45723e-05
687        2.42001e-05
688        2.44809e-05
689        2.51654e-05
690        2.52038e-05
691        2.50293e-05
692        2.38354e-05
693        2.33859e-05
694        2.40859e-05
695        2.48648e-05
696        2.48323e-05
697        2.4493e-05
698        2.41099e-05
699        2.31362e-05
700        2.20086e-05
701        2.15191e-05
702        2.21906e-05
703        2.23442e-05
704        2.22261e-05
705        2.31503e-05
706        2.3473e-05
707        2.35043e-05
708        2.33897e-05
709        2.39219e-05
710        2.46667e-05
711        2.48046e-05
712        2.45627e-05
713        2.41173e-05
714        2.38681e-05
715        2.33833e-05
716        2.25178e-05
717        2.2649e-05
718        2.35005e-05
719        2.35196e-05
720        2.3343e-05
721        2.3448e-05
722        2.42554e-05
723        2.40924e-05
724        2.3102e-05
725        2.25213e-05
726        2.23745e-05
727        2.25406e-05
728        2.19547e-05
729        2.10708e-05
730        2.12374e-05
731        2.1294e-05
732        2.15366e-05
733        2.22389e-05
734        2.36516e-05
735        2.50572e-05
736        2.55732e-05
737        2.48349e-05
738        2.3529e-05
739        2.33572e-05
740        2.35538e-05
741        2.3319e-05
742        2.23678e-05
743        2.19661e-05
744        2.27411e-05
745        2.35786e-05
746        2.42868e-05
747        2.47708e-05
748        2.49726e-05
749        2.49444e-05
750        2.43267e-05
751        2.3586e-05
752        2.34561e-05
753        2.40008e-05
754        2.44691e-05
755        2.42969e-05
756        2.39632e-05
757        2.39241e-05
758        2.39034e-05
759        2.42265e-05
760        2.39805e-05
761        2.32809e-05
762        2.36299e-05
763        2.39119e-05
764        2.37066e-05
765        2.32358e-05
766        2.25602e-05
767        2.1994e-05
768        2.15214e-05
769        2.11659e-05
770        2.09933e-05
771        2.18029e-05
772        2.2182e-05
773        2.22168e-05
774        2.25589e-05
775        2.33328e-05
776        2.40999e-05
777        2.44672e-05
778        2.42104e-05
779        2.37159e-05
780        2.32247e-05
781        2.28986e-05
782        2.2943e-05
783        2.26865e-05
784        2.24624e-05
785        2.22262e-05
786        2.21298e-05
787        2.24532e-05
788        2.25734e-05
789        2.23806e-05
790        2.21843e-05
791        2.26107e-05
792        2.33856e-05
793        2.37631e-05
794        2.34286e-05
795        2.34252e-05
796        2.30794e-05
797        2.31352e-05
798        2.344e-05 
799        2.21819e-05
800        2.15043e-05
801        2.17368e-05
802        2.21993e-05
803        2.2534e-05
804        2.26786e-05
805        2.31349e-05
806        2.3128e-05
807        2.26439e-05
808        2.25077e-05
809        2.2854e-05
810        2.28759e-05
811        2.31463e-05
812        2.40382e-05
813        2.45933e-05
814        2.43725e-05
815        2.38398e-05
816        2.28298e-05
817        2.19968e-05
818        2.20798e-05
819        2.33173e-05
820        2.38867e-05
821        2.29664e-05
822        2.21268e-05
823        2.15386e-05
824        2.12828e-05
825        2.10803e-05
826        2.10112e-05
827        2.20388e-05
828        2.37967e-05
829        2.48625e-05
830        2.48465e-05
831        2.39365e-05
832        2.25624e-05
833        2.14678e-05
834        2.06797e-05
835        1.9825e-05
836        1.98547e-05
837        2.11367e-05
838        2.31842e-05
839        2.3803e-05
840        2.30482e-05
841        2.28531e-05
842        2.35139e-05
843        2.42894e-05
844        2.38719e-05
845        2.26709e-05
846        2.18847e-05
847        2.15765e-05
848        2.15996e-05
849        2.20985e-05
850        2.18744e-05
851        2.16941e-05
852        2.31271e-05
853        2.50443e-05
854        2.51933e-05
855        2.39994e-05
856        2.38035e-05
857        2.4236e-05
858        2.43306e-05
859        2.41249e-05
860        2.31845e-05
861        2.16937e-05
862        2.17297e-05
863        2.22429e-05
864        2.25018e-05
865        2.28482e-05
866        2.24632e-05
867        2.19797e-05
868        2.12749e-05
869        2.08003e-05
870        2.13223e-05
871        2.24421e-05
872        2.3491e-05
873        2.29859e-05
874        2.15833e-05
875        2.10694e-05
876        2.11652e-05
877        2.08246e-05
878        2.06284e-05
879        2.09593e-05
880        2.14804e-05
881        2.18363e-05
882        2.24798e-05
883        2.32198e-05
884        2.40794e-05
885        2.42101e-05
886        2.31295e-05
887        2.18904e-05
888        2.10637e-05
889        2.08772e-05
890        2.12457e-05
891        2.18214e-05
892        2.23347e-05
893        2.2962e-05
894        2.30761e-05
895        2.28826e-05
896        2.29781e-05
897        2.30674e-05
898        2.25221e-05
899        2.20137e-05
900        2.23419e-05
901        2.24585e-05
902        2.21975e-05
903        2.18693e-05
904        2.19742e-05
905        2.22657e-05
906        2.24385e-05
907        2.26736e-05
908        2.25224e-05
909        2.25766e-05
910        2.21635e-05
911        2.10444e-05
912        2.06111e-05
913        2.09625e-05
914        2.22507e-05
915        2.27915e-05
916        2.23843e-05
917        2.23743e-05
918        2.29275e-05
919        2.32949e-05
920        2.28687e-05
921        2.24332e-05
922        2.27256e-05
923        2.30584e-05
924        2.26293e-05
925        2.16347e-05
926        2.15021e-05
927        2.1537e-05
928        2.18979e-05
929        2.23897e-05
930        2.28886e-05
931        2.41333e-05
932        2.51552e-05
933        2.44077e-05
934        2.23385e-05
935        2.13198e-05
936        2.14138e-05
937        2.25092e-05
938        2.36276e-05
939        2.36434e-05
940        2.3427e-05
941        2.31336e-05
942        2.25279e-05
943        2.16856e-05
944        2.20311e-05
945        2.32297e-05
946        2.35453e-05
947        2.33372e-05
948        2.34546e-05
949        2.37919e-05
950        2.36911e-05
951        2.26312e-05
952        2.11568e-05
953        2.10868e-05
954        2.17007e-05
955        2.18642e-05
956        2.12665e-05
957        2.08378e-05
958        2.14775e-05
959        2.25263e-05
960        2.30593e-05
961        2.28905e-05
962        2.22202e-05
963        2.23261e-05
964        2.28005e-05
965        2.26062e-05
966        2.27318e-05
967        2.32247e-05
968        2.3241e-05
969        2.29534e-05
970        2.22849e-05
971        2.15653e-05
972        2.10586e-05
973        2.09114e-05
974        2.14421e-05
975        2.1838e-05
976        2.18184e-05
977        2.14585e-05
978        2.1833e-05
979        2.21841e-05
980        2.22362e-05
981        2.26241e-05
982        2.28512e-05
983        2.31073e-05
984        2.34878e-05
985        2.32053e-05
986        2.2212e-05
987        2.12076e-05
988        2.16619e-05
989        2.21071e-05
990        2.21769e-05
991        2.22092e-05
992        2.22814e-05
993        2.2465e-05
994        2.25484e-05
995        2.29127e-05
996        2.32247e-05
997        2.30164e-05
998        2.25337e-05
999        2.21937e-05
1000       2.24523e-05
1001       2.27059e-05
1002       2.25463e-05
1003       2.24562e-05
1004       2.27421e-05
1005       2.30869e-05
1006       2.33181e-05
1007       2.35362e-05
1008       2.38914e-05
1009       2.32929e-05
1010       2.15202e-05
1011       2.01905e-05
1012       2.0662e-05
1013       2.15543e-05
1014       2.224e-05 
1015       2.21277e-05
1016       2.16759e-05
1017       2.15157e-05
1018       2.131e-05 
1019       2.13818e-05
1020       2.17759e-05
1021       2.25521e-05
1022       2.30627e-05
1023       2.2836e-05
1024       2.2467e-05
1025       2.19533e-05
1026       2.14516e-05
1027       2.14241e-05
1028       2.21923e-05
1029       2.30371e-05
1030       2.29995e-05
1031       2.18429e-05
1032       2.11755e-05
1033       2.09463e-05
1034       2.10286e-05
1035       2.15552e-05
1036       2.19545e-05
1037       2.15297e-05
1038       2.12835e-05
1039       2.09413e-05
1040       2.00459e-05
1041       1.94152e-05
1042       1.95379e-05
1043       2.03511e-05
1044       2.15758e-05
1045       2.18749e-05
1046       2.1716e-05
1047       2.16933e-05
1048       2.17627e-05
1049       2.23195e-05
1050       2.3056e-05
1051       2.29335e-05
1052       2.22144e-05
1053       2.21078e-05
1054       2.25163e-05
1055       2.26749e-05
1056       2.27324e-05
1057       2.21171e-05
1058       2.22229e-05
1059       2.27843e-05
1060       2.29007e-05
1061       2.32438e-05
1062       2.35616e-05
1063       2.35874e-05
1064       2.38149e-05
1065       2.37662e-05
1066       2.31781e-05
1067       2.24951e-05
1068       2.17533e-05
1069       2.12842e-05
1070       2.13869e-05
1071       2.23304e-05
1072       2.27315e-05
1073       2.15763e-05
1074       2.06132e-05
1075       2.04473e-05
1076       2.07348e-05
1077       2.15352e-05
1078       2.34008e-05
1079       2.47818e-05
1080       2.40625e-05
1081       2.31121e-05
1082       2.2304e-05
1083       2.12757e-05
1084       2.12233e-05
1085       2.07823e-05
1086       2.05431e-05
1087       2.16798e-05
1088       2.22893e-05
1089       2.19606e-05
1090       2.1352e-05
1091       2.15786e-05
1092       2.18741e-05
1093       2.21062e-05
1094       2.25487e-05
1095       2.21379e-05
1096       2.10823e-05
1097       2.08789e-05
1098       2.09974e-05
1099       2.1085e-05
1100       2.15793e-05
1101       2.19175e-05
1102       2.17757e-05
1103       2.13945e-05
1104       2.07585e-05
1105       2.02931e-05
1106       2.06047e-05
1107       2.16237e-05
1108       2.24417e-05
1109       2.26086e-05
1110       2.27444e-05
1111       2.23582e-05
1112       2.1821e-05
1113       2.18439e-05
1114       2.23094e-05
1115       2.24076e-05
1116       2.18775e-05
1117       2.13757e-05
1118       2.18911e-05
1119       2.26024e-05
1120       2.23668e-05
1121       2.17003e-05
1122       2.07814e-05
1123       2.07141e-05
1124       2.09074e-05
1125       2.12997e-05
1126       2.17263e-05
1127       2.17955e-05
1128       2.22945e-05
1129       2.28548e-05
1130       2.3132e-05
1131       2.29892e-05
1132       2.1441e-05
1133       2.08402e-05
1134       2.12238e-05
1135       2.10958e-05
1136       2.13302e-05
1137       2.13184e-05
1138       2.07321e-05
1139       2.02857e-05
1140       2.04721e-05
1141       2.16078e-05
1142       2.2399e-05
1143       2.2339e-05
1144       2.15332e-05
1145       2.10041e-05
1146       2.15355e-05
1147       2.20026e-05
1148       2.1946e-05
1149       2.15296e-05
1150       2.07125e-05
1151       2.05132e-05
1152       2.10254e-05
1153       2.18625e-05
1154       2.23416e-05
1155       2.25042e-05
1156       2.21983e-05
1157       2.17401e-05
1158       2.17315e-05
1159       2.19433e-05
1160       2.17996e-05
1161       2.09821e-05
1162       2.03125e-05
1163       2.08193e-05
1164       2.175e-05 
1165       2.18787e-05
1166       2.09666e-05
1167       1.9629e-05
1168       1.99108e-05
1169       2.1006e-05
1170       2.0933e-05
1171       2.07099e-05
1172       2.12319e-05
1173       2.18265e-05
1174       2.22559e-05
1175       2.25585e-05
1176       2.1899e-05
1177       2.11006e-05
1178       2.04058e-05
1179       1.9871e-05
1180       1.9731e-05
1181       2.00683e-05
1182       2.0509e-05
1183       2.06174e-05
1184       2.04756e-05
1185       2.00303e-05
1186       1.95482e-05
1187       1.94112e-05
1188       1.98595e-05
1189       2.01627e-05
1190       1.99953e-05
1191       1.99621e-05
1192       2.02642e-05
1193       2.08649e-05
1194       2.14404e-05
1195       2.18483e-05
1196       2.17043e-05
1197       2.12442e-05
1198       2.0808e-05
1199       2.01439e-05
1200       1.97789e-05
1201       2.05314e-05
1202       2.12447e-05
1203       2.12108e-05
1204       2.15838e-05
1205       2.16011e-05
1206       2.12019e-05
1207       2.09254e-05
1208       2.12535e-05
1209       2.15429e-05
1210       2.1458e-05
1211       2.13067e-05
1212       2.07778e-05
1213       2.05046e-05
1214       2.06605e-05
1215       2.07595e-05
1216       2.08062e-05
1217       2.07348e-05
1218       2.03634e-05
1219       2.00848e-05
1220       2.04753e-05
1221       2.07665e-05
1222       2.12276e-05
1223       2.19902e-05
1224       2.22485e-05
1225       2.21419e-05
1226       2.2158e-05
1227       2.2396e-05
1228       2.29222e-05
1229       2.28626e-05
1230       2.19944e-05
1231       2.05327e-05
1232       2.01719e-05
1233       2.03325e-05
1234       2.06549e-05
1235       2.10139e-05
1236       2.1182e-05
1237       2.15063e-05
1238       2.1342e-05
1239       2.07083e-05
1240       2.01835e-05
1241       1.99541e-05
1242       2.0127e-05
1243       1.98518e-05
1244       1.93864e-05
1245       1.93036e-05
1246       1.97413e-05
1247       2.02341e-05
1248       2.06251e-05
1249       2.07965e-05
1250       2.09074e-05
1251       2.11795e-05
1252       2.08473e-05
1253       2.02413e-05
1254       2.01805e-05
1255       2.0544e-05
1256       2.08668e-05
1257       2.08428e-05
1258       2.07017e-05
1259       2.02532e-05
1260       1.9948e-05
1261       1.9903e-05
1262       1.99071e-05
1263       2.02654e-05
1264       2.04864e-05
1265       2.06571e-05
1266       2.05157e-05
1267       2.03644e-05
1268       1.99268e-05
1269       1.87331e-05
1270       1.9024e-05
1271       2.07134e-05
1272       2.19034e-05
1273       2.24467e-05
1274       2.21481e-05
1275       2.11892e-05
1276       2.08009e-05
1277       2.08318e-05
1278       2.13882e-05
1279       2.12105e-05
1280       2.01923e-05
1281       1.98989e-05
1282       1.95938e-05
1283       1.97385e-05
1284       1.98819e-05
1285       1.98097e-05
1286       1.97211e-05
1287       1.9872e-05
1288       2.03056e-05
1289       2.07257e-05
1290       2.07737e-05
1291       2.09282e-05
1292       2.10851e-05
1293       2.08948e-05
1294       2.12039e-05
1295       2.10948e-05
1296       2.12487e-05
1297       2.13507e-05
1298       2.06504e-05
1299       2.04941e-05
1300       2.0474e-05
1301       2.05769e-05
1302       2.02097e-05
1303       2.00111e-05
1304       2.08355e-05
1305       2.15355e-05
1306       2.11738e-05
1307       1.99762e-05
1308       1.92813e-05
1309       1.93008e-05
1310       1.97859e-05
1311       2.02699e-05
1312       2.07994e-05
1313       2.05417e-05
1314       1.96012e-05
1315       1.88786e-05
1316       1.86158e-05
1317       1.89995e-05
1318       1.94614e-05
1319       1.98943e-05
1320       2.04937e-05
1321       2.08227e-05
1322       2.05782e-05
1323       2.03211e-05
1324       2.00048e-05
1325       1.9623e-05
1326       1.97134e-05
1327       2.02771e-05
1328       2.09072e-05
1329       2.17782e-05
1330       2.21049e-05
1331       2.10165e-05
1332       1.98229e-05
1333       1.95321e-05
1334       2.01933e-05
1335       2.05689e-05
1336       2.01748e-05
1337       1.95166e-05
1338       1.96942e-05
1339       2.02063e-05
1340       2.02324e-05
1341       1.9919e-05
1342       1.99553e-05
1343       1.99001e-05
1344       2.02786e-05
1345       2.00763e-05
1346       1.9995e-05
1347       1.98039e-05
1348       1.96124e-05
1349       2.01829e-05
1350       2.06065e-05
1351       2.0671e-05
1352       2.05127e-05
1353       2.01411e-05
1354       1.99005e-05
1355       1.96122e-05
1356       1.88825e-05
1357       1.86741e-05
1358       1.87928e-05
1359       1.96186e-05
1360       2.15093e-05
1361       2.29961e-05
1362       2.3079e-05
1363       2.13828e-05
1364       1.94786e-05
1365       1.85188e-05
1366       1.92644e-05
1367       2.05129e-05
1368       2.11514e-05
1369       2.11546e-05
1370       2.04355e-05
1371       1.93067e-05
1372       1.82608e-05
1373       1.80813e-05
1374       1.8183e-05
1375       1.81153e-05
1376       1.82375e-05
1377       1.85634e-05
1378       1.93391e-05
1379       2.05448e-05
1380       2.10858e-05
1381       2.07771e-05
1382       2.01047e-05
1383       1.969e-05 
1384       1.9549e-05
1385       1.98543e-05
1386       2.00249e-05
1387       1.95126e-05
1388       1.87821e-05
1389       1.85503e-05
1390       1.87861e-05
1391       1.94197e-05
1392       2.01029e-05
1393       2.09617e-05
1394       2.15795e-05
1395       2.12424e-05
1396       2.12272e-05
1397       2.20314e-05
1398       2.21131e-05
1399       2.12583e-05
1400       1.99281e-05
1401       1.89155e-05
1402       1.94601e-05
1403       2.05437e-05
1404       2.09907e-05
1405       2.06326e-05
1406       1.97741e-05
1407       1.91159e-05
1408       1.88407e-05
1409       1.91155e-05
1410       2.0024e-05
1411       2.07429e-05
1412       2.02019e-05
1413       1.97096e-05
1414       1.98468e-05
1415       2.01251e-05
1416       1.98328e-05
1417       1.97082e-05
1418       1.96429e-05
1419       1.94984e-05
1420       1.93683e-05
1421       1.88032e-05
1422       1.89163e-05
1423       1.97949e-05
1424       2.09187e-05
1425       2.09289e-05
1426       2.00706e-05
1427       1.90811e-05
1428       1.83184e-05
1429       1.80015e-05
1430       1.80756e-05
1431       1.8289e-05
1432       1.84534e-05
1433       1.91942e-05
1434       1.9878e-05
1435       2.02059e-05
1436       2.06194e-05
1437       2.04763e-05
1438       1.9765e-05
1439       1.93466e-05
1440       1.9503e-05
1441       2.04764e-05
1442       2.11306e-05
1443       2.06651e-05
1444       2.02137e-05
1445       1.97969e-05
1446       1.93897e-05
1447       1.95617e-05
1448       1.95696e-05
1449       1.93296e-05
1450       1.90114e-05
1451       1.86377e-05
1452       1.85045e-05
1453       1.87797e-05
1454       1.96821e-05
1455       2.06822e-05
1456       2.09623e-05
1457       2.01286e-05
1458       1.91243e-05
1459       1.85196e-05
1460       1.80668e-05
1461       1.84266e-05
1462       1.9606e-05
1463       2.00716e-05
1464       1.98067e-05
1465       1.96154e-05
1466       1.93614e-05
1467       1.89514e-05
1468       1.90517e-05
1469       1.90387e-05
1470       1.90955e-05
1471       1.87312e-05
1472       1.8277e-05
1473       1.82225e-05
1474       1.79863e-05
1475       1.7785e-05
1476       1.73111e-05
1477       1.69867e-05
1478       1.70257e-05
1479       1.73821e-05
1480       1.87931e-05
1481       1.93243e-05
1482       1.89397e-05
1483       1.88549e-05
1484       1.86834e-05
1485       1.85853e-05
1486       1.85558e-05
1487       1.94409e-05
1488       2.01271e-05
1489       2.07631e-05
1490       2.15728e-05
1491       2.16963e-05
1492       2.10314e-05
1493       1.95092e-05
1494       1.77182e-05
1495       1.74446e-05
1496       1.7729e-05
1497       1.82976e-05
1498       1.91705e-05
1499       1.95863e-05
1500       1.93324e-05
1501       1.88739e-05
1502       1.87317e-05
1503       1.90188e-05
1504       1.91976e-05
1505       1.94152e-05
1506       1.92677e-05
1507       1.97537e-05
1508       2.01179e-05
1509       1.95495e-05
1510       1.88751e-05
1511       1.89376e-05
1512       1.95624e-05
1513       1.9911e-05
1514       1.98318e-05
1515       1.95681e-05
1516       2.01384e-05
1517       2.04899e-05
1518       2.00702e-05
1519       1.94445e-05
1520       1.95173e-05
1521       1.96591e-05
1522       1.95649e-05
1523       1.92387e-05
1524       1.87192e-05
1525       1.85352e-05
1526       1.86748e-05
1527       1.92634e-05
1528       1.96979e-05
1529       1.98404e-05
1530       1.99429e-05
1531       1.97877e-05
1532       1.93228e-05
1533       1.91987e-05
1534       1.96194e-05
1535       1.96481e-05
1536       1.97616e-05
1537       2.01844e-05
1538       2.04379e-05
1539       2.05292e-05
1540       2.04427e-05
1541       2.02352e-05
1542       1.9717e-05
1543       1.95265e-05
1544       1.98121e-05
1545       2.03146e-05
1546       2.04978e-05
1547       2.03757e-05
1548       2.01231e-05
1549       2.06237e-05
1550       2.09087e-05
1551       2.05584e-05
1552       1.9894e-05
1553       1.9517e-05
1554       1.95151e-05
1555       1.90829e-05
1556       1.84231e-05
1557       1.84649e-05
1558       1.86905e-05
1559       1.88464e-05
1560       1.93494e-05
1561       1.9603e-05
1562       1.98675e-05
1563       1.89521e-05
1564       1.82821e-05
1565       1.83555e-05
1566       1.90262e-05
1567       1.98338e-05
1568       1.95728e-05
1569       1.96083e-05
1570       1.98396e-05
1571       1.9634e-05
1572       1.91111e-05
1573       1.85187e-05
1574       1.79193e-05
1575       1.77505e-05
1576       1.84662e-05
1577       1.91593e-05
1578       1.89637e-05
1579       1.79234e-05
1580       1.73699e-05
1581       1.81762e-05
1582       1.8584e-05
1583       1.85339e-05
1584       1.86821e-05
1585       1.87974e-05
1586       1.90444e-05
1587       1.9248e-05
1588       1.9709e-05
1589       2.00826e-05
1590       1.97915e-05
1591       1.96303e-05
1592       2.01239e-05
1593       2.05409e-05
1594       2.06158e-05
1595       2.03077e-05
1596       1.99628e-05
1597       1.97024e-05
1598       1.93947e-05
1599       1.8689e-05
1600       1.80962e-05
