# Freq.    Mag.
0          9.08558e-06
64         8.84092e-06
128        8.2056e-06
192        7.83628e-06
256        7.68548e-06
320        7.60948e-06
384        7.49453e-06
448        7.17514e-06
512        6.60611e-06
576        6.1824e-06
640        5.86269e-06
704        5.8202e-06
768        5.87366e-06
832        5.84558e-06
896        5.89909e-06
960        5.89237e-06
1024       5.95957e-06
1088       5.91082e-06
1152       5.68505e-06
1216       5.25854e-06
1280       4.79269e-06
1344       4.57203e-06
1408       4.37045e-06
1472       4.33273e-06
1536       4.35728e-06
1600       4.33589e-06
1664       4.33031e-06
1728       4.17694e-06
1792       4.01264e-06
1856       3.84991e-06
1920       3.69892e-06
1984       3.56705e-06
2048       3.36406e-06
2112       3.14485e-06
2176       3.04559e-06
2240       3.01321e-06
2304       3.04814e-06
2368       3.0584e-06
2432       3.01312e-06
2496       2.9434e-06
2560       2.92773e-06
2624       2.99621e-06
2688       2.96716e-06
2752       2.91943e-06
2816       2.85427e-06
2880       2.80668e-06
2944       2.7404e-06
3008       2.57107e-06
3072       2.43995e-06
3136       2.3832e-06
3200       2.41232e-06
3264       2.47775e-06
3328       2.46403e-06
3392       2.42063e-06
3456       2.45114e-06
3520       2.45445e-06
3584       2.41874e-06
3648       2.39904e-06
3712       2.2858e-06
3776       2.15312e-06
3840       2.07021e-06
3904       1.96738e-06
3968       1.94166e-06
4032       1.93272e-06
4096       1.96761e-06
4160       1.98701e-06
4224       1.9033e-06
4288       1.8134e-06
4352       1.71368e-06
4416       1.65428e-06
4480       1.68231e-06
4544       1.69408e-06
4608       1.66907e-06
4672       1.66782e-06
4736       1.66508e-06
4800       1.68795e-06
4864       1.68208e-06
4928       1.65737e-06
4992       1.62294e-06
5056       1.56138e-06
5120       1.53701e-06
5184       1.53245e-06
5248       1.5075e-06
5312       1.49439e-06
5376       1.52415e-06
5440       1.55635e-06
5504       1.54678e-06
5568       1.50114e-06
5632       1.41359e-06
5696       1.39499e-06
5760       1.42028e-06
5824       1.42586e-06
5888       1.43457e-06
5952       1.41154e-06
6016       1.38516e-06
6080       1.34664e-06
6144       1.28477e-06
6208       1.25528e-06
6272       1.26178e-06
6336       1.29538e-06
6400       1.32004e-06
6464       1.30727e-06
6528       1.23149e-06
6592       1.20068e-06
6656       1.21718e-06
6720       1.21669e-06
6784       1.2252e-06
6848       1.20985e-06
6912       1.18529e-06
6976       1.17576e-06
7040       1.13258e-06
7104       1.10811e-06
7168       1.10559e-06
7232       1.11553e-06
7296       1.12706e-06
7360       1.09703e-06
7424       1.06307e-06
7488       1.10524e-06
7552       1.16599e-06
7616       1.17756e-06
7680       1.15453e-06
7744       1.10048e-06
7808       1.05219e-06
7872       1.04985e-06
7936       1.08151e-06
8000       1.08294e-06
8064       1.05131e-06
8128       1.07159e-06
8192       1.11082e-06
8256       1.11863e-06
8320       1.10409e-06
8384       1.07097e-06
8448       1.04928e-06
8512       1.0553e-06
8576       1.02989e-06
8640       9.74315e-07
8704       9.48692e-07
8768       9.46767e-07
8832       9.51164e-07
8896       9.36498e-07
8960       9.17381e-07
9024       9.27067e-07
9088       9.47843e-07
9152       9.64877e-07
9216       9.81926e-07
9280       9.67254e-07
9344       9.33859e-07
9408       9.19094e-07
9472       9.20088e-07
9536       9.33887e-07
9600       9.41985e-07
9664       9.30261e-07
9728       9.11483e-07
9792       9.30282e-07
9856       9.47369e-07
9920       9.61256e-07
9984       9.43317e-07
10048      8.91978e-07
10112      9.02508e-07
10176      9.56672e-07
10240      9.83085e-07
10304      9.66213e-07
10368      9.29789e-07
10432      9.06316e-07
10496      8.92091e-07
10560      8.97157e-07
10624      9.15137e-07
10688      8.81701e-07
10752      7.96574e-07
10816      7.412e-07 
10880      7.58693e-07
10944      8.14525e-07
11008      8.4226e-07
11072      8.72593e-07
11136      9.15445e-07
11200      9.41605e-07
11264      9.66364e-07
11328      9.55294e-07
11392      8.95697e-07
11456      8.32285e-07
11520      7.95357e-07
11584      7.74135e-07
11648      7.84628e-07
11712      8.30452e-07
11776      8.57608e-07
11840      8.57421e-07
11904      8.50713e-07
11968      8.56464e-07
12032      8.81462e-07
12096      8.88889e-07
12160      8.48401e-07
12224      7.84952e-07
12288      7.65397e-07
12352      7.87441e-07
12416      8.26221e-07
12480      8.54554e-07
12544      8.61605e-07
12608      8.52339e-07
12672      8.66023e-07
12736      8.98769e-07
12800      9.03887e-07
12864      8.76263e-07
12928      8.38336e-07
12992      8.1321e-07
13056      8.07609e-07
13120      8.05105e-07
13184      7.90066e-07
13248      7.62278e-07
13312      7.49587e-07
13376      7.74941e-07
13440      8.10185e-07
13504      8.08622e-07
13568      7.89611e-07
13632      7.99223e-07
13696      8.18875e-07
13760      8.00205e-07
13824      7.60716e-07
13888      7.20884e-07
13952      7.07973e-07
14016      7.46605e-07
14080      8.01292e-07
14144      8.25981e-07
14208      8.05278e-07
14272      7.53399e-07
14336      7.27056e-07
14400      7.43995e-07
14464      7.65608e-07
14528      7.94982e-07
14592      8.13924e-07
14656      7.99055e-07
14720      7.79868e-07
14784      7.52926e-07
14848      7.58503e-07
14912      7.84016e-07
14976      7.96435e-07
15040      8.17401e-07
15104      8.15267e-07
15168      8.04024e-07
15232      7.88854e-07
15296      7.62074e-07
15360      7.38091e-07
15424      7.23467e-07
15488      7.27122e-07
15552      7.40141e-07
15616      7.64765e-07
15680      7.71329e-07
15744      7.62665e-07
15808      7.53128e-07
15872      7.22419e-07
15936      6.97312e-07
16000      7.00822e-07
16064      7.22252e-07
16128      7.50435e-07
16192      7.52253e-07
16256      7.4987e-07
16320      7.21755e-07
16384      7.06058e-07
16448      7.23244e-07
16512      7.64458e-07
16576      7.85952e-07
16640      7.64089e-07
16704      7.39342e-07
16768      7.29901e-07
16832      7.13443e-07
16896      6.88012e-07
16960      6.83663e-07
17024      7.07394e-07
17088      7.57619e-07
17152      7.83644e-07
17216      7.7232e-07
17280      7.63894e-07
17344      7.49638e-07
17408      7.48039e-07
17472      7.52616e-07
17536      7.22395e-07
17600      6.89525e-07
17664      6.84754e-07
17728      7.04396e-07
17792      7.2537e-07
17856      7.21491e-07
17920      7.02984e-07
17984      6.88884e-07
18048      6.78593e-07
18112      6.91555e-07
18176      7.16781e-07
18240      7.48392e-07
18304      7.88313e-07
18368      7.91378e-07
18432      7.59278e-07
18496      7.57177e-07
18560      7.77378e-07
18624      7.82869e-07
18688      7.79706e-07
18752      7.61368e-07
18816      7.25804e-07
18880      7.03211e-07
18944      6.73659e-07
19008      6.6159e-07
19072      6.70268e-07
19136      6.80958e-07
19200      6.95622e-07
19264      7.0546e-07
19328      7.08077e-07
19392      6.8815e-07
19456      6.59832e-07
19520      6.61751e-07
19584      6.95301e-07
19648      7.12491e-07
19712      6.95072e-07
19776      6.75634e-07
19840      6.81039e-07
19904      6.80798e-07
19968      6.51684e-07
20032      6.59499e-07
20096      6.89134e-07
20160      7.09938e-07
20224      7.04064e-07
20288      6.79041e-07
20352      6.77174e-07
20416      6.94399e-07
20480      7.17204e-07
20544      7.18845e-07
20608      7.00381e-07
20672      7.0307e-07
20736      7.22296e-07
20800      7.17965e-07
20864      7.21029e-07
20928      7.36413e-07
20992      7.42542e-07
21056      7.17975e-07
21120      6.92038e-07
21184      7.01243e-07
21248      7.40089e-07
21312      7.56027e-07
21376      7.51539e-07
21440      7.44676e-07
21504      7.05581e-07
21568      6.67563e-07
21632      6.87647e-07
21696      7.18911e-07
21760      7.35759e-07
21824      7.25299e-07
21888      6.79145e-07
21952      6.4846e-07
22016      6.6568e-07
22080      7.01851e-07
22144      7.29881e-07
22208      7.3434e-07
22272      7.26799e-07
22336      6.82741e-07
22400      6.379e-07 
22464      6.41253e-07
22528      6.59251e-07
22592      6.5744e-07
22656      6.57345e-07
22720      6.75847e-07
22784      6.83755e-07
22848      6.87737e-07
22912      6.67241e-07
22976      6.53549e-07
23040      6.48986e-07
23104      6.51612e-07
23168      6.61589e-07
23232      6.84834e-07
23296      7.08944e-07
23360      6.88859e-07
23424      6.45623e-07
23488      6.28199e-07
23552      6.61181e-07
23616      7.16368e-07
23680      7.37785e-07
23744      6.92902e-07
23808      6.3989e-07
23872      6.25646e-07
23936      6.41656e-07
24000      6.82568e-07
24064      7.03327e-07
24128      6.93206e-07
24192      6.77972e-07
24256      6.67136e-07
24320      6.70823e-07
24384      6.71577e-07
24448      6.65223e-07
24512      6.53935e-07
24576      6.28674e-07
24640      6.31394e-07
24704      6.46788e-07
24768      6.49662e-07
24832      6.48735e-07
24896      6.4122e-07
24960      6.37403e-07
25024      6.57675e-07
25088      6.6647e-07
25152      6.89367e-07
25216      7.32062e-07
25280      7.57015e-07
25344      7.47664e-07
25408      7.08064e-07
25472      6.52992e-07
25536      6.52061e-07
25600      6.75761e-07
25664      6.93533e-07
25728      7.10607e-07
25792      7.09114e-07
25856      6.88518e-07
25920      6.43465e-07
25984      6.42191e-07
26048      6.63619e-07
26112      6.68632e-07
26176      6.73682e-07
26240      6.81199e-07
26304      6.82644e-07
26368      6.78616e-07
26432      6.48957e-07
26496      6.53665e-07
26560      6.76494e-07
26624      6.84653e-07
26688      6.81819e-07
26752      6.80092e-07
26816      6.78465e-07
26880      6.86061e-07
26944      6.91226e-07
27008      6.81393e-07
27072      6.69608e-07
27136      6.65334e-07
27200      6.60211e-07
27264      6.72537e-07
27328      7.06865e-07
27392      7.35811e-07
27456      7.29904e-07
27520      7.07604e-07
27584      6.76965e-07
27648      6.50267e-07
27712      6.55487e-07
27776      6.68631e-07
27840      6.90449e-07
27904      7.09362e-07
27968      7.03884e-07
28032      6.93461e-07
28096      6.9022e-07
28160      6.92446e-07
28224      6.91341e-07
28288      6.7871e-07
28352      6.46141e-07
28416      6.23563e-07
28480      6.15234e-07
28544      6.36589e-07
28608      6.54799e-07
28672      6.64956e-07
28736      6.67597e-07
28800      6.82852e-07
28864      7.23311e-07
28928      7.75966e-07
28992      7.97366e-07
29056      7.86155e-07
29120      7.54381e-07
29184      7.17113e-07
29248      6.9244e-07
29312      6.77405e-07
29376      6.80309e-07
29440      6.95476e-07
29504      6.92459e-07
29568      6.67562e-07
29632      6.38025e-07
29696      6.44996e-07
29760      6.41092e-07
29824      6.39195e-07
29888      6.46971e-07
29952      6.52213e-07
30016      6.62084e-07
30080      6.66508e-07
30144      6.58459e-07
30208      6.33807e-07
30272      6.13081e-07
30336      6.29302e-07
30400      6.61663e-07
30464      6.761e-07 
30528      6.69788e-07
30592      6.34411e-07
30656      6.10834e-07
30720      6.22268e-07
30784      6.34521e-07
30848      6.36448e-07
30912      6.34383e-07
30976      6.27689e-07
31040      6.52373e-07
31104      6.82213e-07
31168      6.96368e-07
31232      6.9854e-07
31296      7.07261e-07
31360      7.00044e-07
31424      6.76985e-07
31488      6.51451e-07
31552      6.31342e-07
31616      6.2219e-07
31680      6.26672e-07
31744      6.90529e-07
31808      8.6386e-07
31872      1.0141e-06
31936      1.06494e-06
32000      1.03727e-06
32064      9.10827e-07
32128      7.71896e-07
32192      7.01331e-07
32256      6.66554e-07
32320      6.55347e-07
32384      6.7307e-07
32448      6.78678e-07
32512      6.69817e-07
32576      6.5574e-07
32640      6.31276e-07
32704      6.25611e-07
32768      6.326e-07 
32832      6.40186e-07
32896      6.32265e-07
32960      6.21501e-07
33024      6.23342e-07
33088      6.38748e-07
33152      6.35739e-07
33216      6.12399e-07
33280      5.97703e-07
33344      6.01663e-07
33408      5.92793e-07
33472      5.7505e-07
33536      6.04539e-07
33600      6.64422e-07
33664      7.01551e-07
33728      6.96669e-07
33792      6.7185e-07
33856      6.62385e-07
33920      6.74965e-07
33984      6.90763e-07
34048      7.13091e-07
34112      7.43565e-07
34176      7.45461e-07
34240      7.43382e-07
34304      7.21313e-07
34368      6.82561e-07
34432      6.78166e-07
34496      7.25837e-07
34560      7.62843e-07
34624      7.41432e-07
34688      7.00308e-07
34752      6.82678e-07
34816      6.86344e-07
34880      6.84619e-07
34944      6.836e-07 
35008      7.10332e-07
35072      7.30169e-07
35136      7.25706e-07
35200      7.31676e-07
35264      7.23996e-07
35328      6.9682e-07
35392      6.58878e-07
35456      6.45453e-07
35520      6.53396e-07
35584      6.56111e-07
35648      6.58039e-07
35712      6.56987e-07
35776      6.59078e-07
35840      6.69306e-07
35904      6.75121e-07
35968      6.74438e-07
36032      6.57222e-07
36096      6.43434e-07
36160      6.40246e-07
36224      6.42539e-07
36288      6.37685e-07
36352      6.37396e-07
36416      6.52386e-07
36480      6.58209e-07
36544      6.40224e-07
36608      6.2309e-07
36672      6.24075e-07
36736      6.11213e-07
36800      5.86654e-07
36864      5.79613e-07
36928      5.82509e-07
36992      5.76066e-07
37056      5.7273e-07
37120      5.75191e-07
37184      5.91113e-07
37248      6.16279e-07
37312      6.25183e-07
37376      6.11178e-07
37440      6.22621e-07
37504      6.47571e-07
37568      6.40282e-07
37632      6.20382e-07
37696      6.09908e-07
37760      6.1362e-07
37824      6.24184e-07
37888      6.2463e-07
37952      6.06241e-07
38016      5.84513e-07
38080      5.83137e-07
38144      5.7497e-07
38208      5.69668e-07
38272      5.79431e-07
38336      6.16704e-07
38400      6.41498e-07
38464      6.03724e-07
38528      5.5848e-07
38592      5.48191e-07
38656      5.68623e-07
38720      5.88715e-07
38784      5.95641e-07
38848      5.97877e-07
38912      5.82859e-07
38976      5.73522e-07
39040      5.94406e-07
39104      6.27125e-07
39168      6.50315e-07
39232      6.50963e-07
39296      6.19325e-07
39360      5.98995e-07
39424      6.0548e-07
39488      6.12542e-07
39552      5.96295e-07
39616      5.91938e-07
39680      5.80377e-07
39744      5.54781e-07
39808      5.43051e-07
39872      5.5741e-07
39936      5.91613e-07
40000      6.16287e-07
40064      6.11116e-07
40128      5.93712e-07
40192      6.01964e-07
40256      6.3704e-07
40320      6.58682e-07
40384      6.49995e-07
40448      6.17657e-07
40512      6.09755e-07
40576      6.22288e-07
40640      6.20281e-07
40704      6.13094e-07
40768      6.22762e-07
40832      6.4033e-07
40896      6.47743e-07
40960      6.41856e-07
41024      6.12474e-07
41088      5.9416e-07
41152      5.93223e-07
41216      5.91842e-07
41280      5.93324e-07
41344      6.01022e-07
41408      6.05361e-07
41472      5.98407e-07
41536      5.69487e-07
41600      5.5851e-07
41664      5.61187e-07
41728      5.88326e-07
41792      6.16374e-07
41856      6.07808e-07
41920      5.92483e-07
41984      5.93169e-07
42048      6.01165e-07
42112      6.19048e-07
42176      6.35424e-07
42240      6.42318e-07
42304      6.33095e-07
42368      6.03445e-07
42432      5.70462e-07
42496      5.69959e-07
42560      5.9208e-07
42624      5.91302e-07
42688      5.74483e-07
42752      5.69662e-07
42816      5.70267e-07
42880      5.80778e-07
42944      5.79891e-07
43008      5.82e-07  
43072      5.87356e-07
43136      5.8901e-07
43200      6.04812e-07
43264      6.1727e-07
43328      6.07603e-07
43392      5.93503e-07
43456      5.98211e-07
43520      5.89278e-07
43584      5.65386e-07
43648      5.42216e-07
43712      5.4092e-07
43776      5.46116e-07
43840      5.47409e-07
43904      5.32213e-07
43968      4.9881e-07
44032      4.90823e-07
44096      5.21056e-07
44160      5.54908e-07
44224      5.72211e-07
44288      5.68871e-07
44352      5.52575e-07
44416      5.40066e-07
44480      5.39537e-07
44544      5.32363e-07
44608      5.31836e-07
44672      5.32727e-07
44736      5.42376e-07
44800      5.60049e-07
44864      5.69931e-07
44928      5.70057e-07
44992      5.70672e-07
45056      5.48213e-07
45120      5.34059e-07
45184      5.46342e-07
45248      5.60222e-07
45312      5.75069e-07
45376      5.84519e-07
45440      5.98389e-07
45504      6.06183e-07
45568      6.09708e-07
45632      6.08287e-07
45696      5.97203e-07
45760      5.81889e-07
45824      5.607e-07 
45888      5.33709e-07
45952      5.23068e-07
46016      5.26743e-07
46080      5.41047e-07
46144      5.51554e-07
46208      5.57893e-07
46272      5.71585e-07
46336      5.70057e-07
46400      5.60164e-07
46464      5.74063e-07
46528      5.7079e-07
46592      5.65249e-07
46656      5.77092e-07
46720      5.75874e-07
46784      5.60737e-07
46848      5.4791e-07
46912      5.29567e-07
46976      5.3931e-07
47040      5.63946e-07
47104      5.72837e-07
47168      5.71173e-07
47232      5.5754e-07
47296      5.67236e-07
47360      5.85405e-07
47424      5.80879e-07
47488      5.73381e-07
47552      5.63062e-07
47616      5.44878e-07
47680      5.32298e-07
47744      5.24002e-07
47808      5.32878e-07
47872      5.43415e-07
47936      5.64075e-07
48000      5.83413e-07
48064      5.7904e-07
48128      5.58036e-07
48192      5.28181e-07
48256      5.33126e-07
48320      5.62555e-07
48384      5.65643e-07
48448      5.69496e-07
48512      5.67402e-07
48576      5.87061e-07
48640      5.9767e-07
48704      5.75477e-07
48768      5.60535e-07
48832      5.73631e-07
48896      5.76142e-07
48960      5.69494e-07
49024      5.62032e-07
49088      5.50078e-07
49152      5.52507e-07
49216      5.68173e-07
49280      5.74216e-07
49344      5.73198e-07
49408      5.73192e-07
49472      5.57393e-07
49536      5.38917e-07
49600      5.29143e-07
49664      5.29896e-07
49728      5.46524e-07
49792      5.59389e-07
49856      5.59044e-07
49920      5.50983e-07
49984      5.32285e-07
50048      5.23495e-07
50112      5.15315e-07
50176      5.25586e-07
50240      5.43121e-07
50304      5.46259e-07
50368      5.48841e-07
50432      5.42942e-07
50496      5.48511e-07
50560      5.6898e-07
50624      5.86359e-07
50688      5.88735e-07
50752      5.76048e-07
50816      5.63811e-07
50880      5.63554e-07
50944      5.69876e-07
51008      5.7047e-07
51072      5.84818e-07
51136      5.91113e-07
51200      5.76254e-07
51264      5.53527e-07
51328      5.19837e-07
51392      5.08134e-07
51456      5.39668e-07
51520      5.59305e-07
51584      5.66826e-07
51648      5.61526e-07
51712      5.53714e-07
51776      5.52242e-07
51840      5.55106e-07
51904      5.68209e-07
51968      5.66727e-07
52032      5.71229e-07
52096      5.68844e-07
52160      5.83358e-07
52224      5.94617e-07
52288      5.86714e-07
52352      5.91546e-07
52416      5.91554e-07
52480      5.83819e-07
52544      5.62562e-07
52608      5.47669e-07
52672      5.42952e-07
52736      5.43969e-07
52800      5.35755e-07
52864      5.35269e-07
52928      5.55152e-07
52992      5.70198e-07
53056      5.67269e-07
53120      5.59775e-07
53184      5.65434e-07
53248      5.79235e-07
53312      5.74642e-07
53376      5.59638e-07
53440      5.67755e-07
53504      5.93045e-07
53568      6.03101e-07
53632      6.1078e-07
53696      6.20918e-07
53760      6.04618e-07
53824      5.73963e-07
53888      5.42179e-07
53952      5.28176e-07
54016      5.41459e-07
54080      5.67061e-07
54144      5.77904e-07
54208      5.64704e-07
54272      5.41001e-07
54336      5.09194e-07
54400      5.03909e-07
54464      5.25186e-07
54528      5.21329e-07
54592      5.07134e-07
54656      5.27315e-07
54720      5.58438e-07
54784      5.65843e-07
54848      5.65115e-07
54912      5.73242e-07
54976      5.84001e-07
55040      5.95253e-07
55104      5.99129e-07
55168      5.79757e-07
55232      5.64916e-07
55296      5.32684e-07
55360      5.13237e-07
55424      5.23822e-07
55488      5.27493e-07
55552      5.30396e-07
55616      5.41174e-07
55680      5.4638e-07
55744      5.43207e-07
55808      5.36132e-07
55872      5.40251e-07
55936      5.50673e-07
56000      5.49145e-07
56064      5.46822e-07
56128      5.5256e-07
56192      5.52807e-07
56256      5.45906e-07
56320      5.31804e-07
56384      5.31943e-07
56448      5.33685e-07
56512      5.24656e-07
56576      5.20755e-07
56640      5.23739e-07
56704      5.12965e-07
56768      5.24594e-07
56832      5.54761e-07
56896      5.8703e-07
56960      6.02106e-07
57024      5.93178e-07
57088      5.84516e-07
57152      5.83979e-07
57216      5.71695e-07
57280      5.65505e-07
57344      5.72524e-07
57408      5.72617e-07
57472      5.54552e-07
57536      5.22727e-07
57600      5.15915e-07
57664      5.1542e-07
57728      5.13847e-07
57792      5.2269e-07
57856      5.22844e-07
57920      5.30875e-07
57984      5.48717e-07
58048      5.57844e-07
58112      5.57217e-07
58176      5.34272e-07
58240      5.20706e-07
58304      5.27138e-07
58368      5.44404e-07
58432      5.52479e-07
58496      5.46177e-07
58560      5.35081e-07
58624      5.2841e-07
58688      5.25491e-07
58752      5.1533e-07
58816      5.12464e-07
58880      5.17275e-07
58944      5.35611e-07
59008      5.58374e-07
59072      5.69603e-07
59136      5.75292e-07
59200      5.85067e-07
59264      5.89446e-07
59328      6.01891e-07
59392      5.98834e-07
59456      5.89385e-07
59520      5.78001e-07
59584      5.52074e-07
59648      5.35812e-07
59712      5.39715e-07
59776      5.46678e-07
59840      5.41099e-07
59904      5.50474e-07
59968      5.70653e-07
60032      5.92523e-07
60096      5.97143e-07
60160      5.74917e-07
60224      5.40095e-07
60288      5.26155e-07
60352      5.34606e-07
60416      5.4824e-07
60480      5.53196e-07
60544      5.4788e-07
60608      5.51409e-07
60672      5.64445e-07
60736      5.66507e-07
60800      5.59931e-07
60864      5.45756e-07
60928      5.24128e-07
60992      5.09795e-07
61056      5.21595e-07
61120      5.50904e-07
61184      5.63165e-07
61248      5.57919e-07
61312      5.32861e-07
61376      5.15473e-07
61440      5.14266e-07
61504      5.14983e-07
61568      5.32162e-07
61632      5.56409e-07
61696      5.74177e-07
61760      5.7371e-07
61824      5.61911e-07
61888      5.53974e-07
61952      5.43551e-07
62016      5.25715e-07
62080      5.21184e-07
62144      5.17673e-07
62208      5.02603e-07
62272      5.00288e-07
62336      5.14019e-07
62400      5.25169e-07
62464      5.29289e-07
62528      5.40324e-07
62592      5.44546e-07
62656      5.22519e-07
62720      4.925e-07 
62784      4.75841e-07
62848      4.85122e-07
62912      4.98554e-07
62976      5.00053e-07
63040      5.00759e-07
63104      4.85742e-07
63168      4.7485e-07
63232      4.90616e-07
63296      5.12525e-07
63360      5.38308e-07
63424      5.52668e-07
63488      5.49089e-07
63552      5.46368e-07
63616      5.59083e-07
63680      7.1092e-07
63744      1.07208e-06
63808      1.2785e-06
63872      1.29773e-06
63936      1.19988e-06
64000      8.68758e-07
64064      6.08252e-07
64128      5.44595e-07
64192      5.21443e-07
64256      5.17333e-07
64320      5.15957e-07
64384      5.10819e-07
64448      5.08745e-07
64512      5.32215e-07
64576      5.52494e-07
64640      5.57471e-07
64704      5.55018e-07
64768      5.34781e-07
64832      5.20747e-07
64896      5.28227e-07
64960      5.44833e-07
65024      5.53543e-07
65088      5.46944e-07
65152      5.36923e-07
65216      5.20599e-07
65280      5.09544e-07
65344      4.9323e-07
65408      4.81576e-07
65472      4.79734e-07
65536      4.70106e-07
65600      4.802e-07 
65664      5.00675e-07
65728      5.25745e-07
65792      5.4523e-07
65856      5.54971e-07
65920      5.49625e-07
65984      5.45419e-07
66048      5.47472e-07
66112      5.49639e-07
66176      5.56388e-07
66240      5.51614e-07
66304      5.49842e-07
66368      5.70783e-07
66432      5.90564e-07
66496      5.81807e-07
66560      5.54181e-07
66624      5.34916e-07
66688      5.44521e-07
66752      5.56014e-07
66816      5.57109e-07
66880      5.46329e-07
66944      5.39479e-07
67008      5.28163e-07
67072      5.30473e-07
67136      5.45016e-07
67200      5.43798e-07
67264      5.34268e-07
67328      5.33811e-07
67392      5.47038e-07
67456      5.42152e-07
67520      5.19241e-07
67584      5.14781e-07
67648      5.15219e-07
67712      5.10563e-07
67776      5.04565e-07
67840      4.95474e-07
67904      5.13273e-07
67968      5.29869e-07
68032      5.29137e-07
68096      5.10319e-07
68160      4.96578e-07
68224      4.91119e-07
68288      4.8754e-07
68352      4.90923e-07
68416      4.85157e-07
68480      4.85814e-07
68544      4.92897e-07
68608      5.00743e-07
68672      5.02028e-07
68736      4.97239e-07
68800      5.03052e-07
68864      5.02079e-07
68928      4.91712e-07
68992      4.83125e-07
69056      5.02013e-07
69120      5.21453e-07
69184      5.23561e-07
69248      5.27122e-07
69312      5.26564e-07
69376      5.22508e-07
69440      5.16858e-07
69504      5.11621e-07
69568      5.02887e-07
69632      5.10085e-07
69696      5.3195e-07
69760      5.30095e-07
69824      4.99084e-07
69888      4.8635e-07
69952      4.90714e-07
70016      4.9241e-07
70080      4.83765e-07
70144      4.77614e-07
70208      4.7505e-07
70272      4.79889e-07
70336      4.92544e-07
70400      4.86575e-07
70464      4.73506e-07
70528      4.6556e-07
70592      4.6862e-07
70656      4.81864e-07
70720      4.98778e-07
70784      5.0551e-07
70848      5.06782e-07
70912      5.20444e-07
70976      5.30286e-07
71040      5.22621e-07
71104      5.05619e-07
71168      4.88426e-07
71232      4.76293e-07
71296      4.76776e-07
71360      4.88372e-07
71424      4.91974e-07
71488      4.85499e-07
71552      4.74718e-07
71616      4.74329e-07
71680      4.85367e-07
71744      4.89977e-07
71808      4.79196e-07
71872      4.67738e-07
71936      4.6229e-07
72000      4.70517e-07
72064      4.83371e-07
72128      5.01516e-07
72192      5.21895e-07
72256      5.14368e-07
72320      4.9292e-07
72384      4.92625e-07
72448      5.12019e-07
72512      5.23437e-07
72576      5.15818e-07
72640      5.05556e-07
72704      4.94412e-07
72768      4.84127e-07
72832      4.74511e-07
72896      4.66907e-07
72960      4.62429e-07
73024      4.78892e-07
73088      4.93271e-07
73152      4.94573e-07
73216      4.87859e-07
73280      4.65027e-07
73344      4.44823e-07
73408      4.31055e-07
73472      4.39641e-07
73536      4.65195e-07
73600      4.66823e-07
73664      4.64487e-07
73728      4.77311e-07
73792      4.85197e-07
73856      4.8098e-07
73920      4.77029e-07
73984      4.69784e-07
74048      4.45673e-07
74112      4.2671e-07
74176      4.40961e-07
74240      4.66541e-07
74304      4.77797e-07
74368      4.74064e-07
74432      4.59863e-07
74496      4.56997e-07
74560      4.57053e-07
74624      4.5748e-07
74688      4.65524e-07
74752      4.77457e-07
74816      4.81734e-07
74880      4.90748e-07
74944      5.01713e-07
75008      4.97351e-07
75072      4.90265e-07
75136      4.90732e-07
75200      4.84311e-07
75264      4.73033e-07
75328      4.71105e-07
75392      4.73665e-07
75456      4.81577e-07
75520      4.87682e-07
75584      4.87104e-07
75648      4.91996e-07
75712      5.1296e-07
75776      5.34428e-07
75840      5.26405e-07
75904      5.04208e-07
75968      4.76684e-07
76032      4.57116e-07
76096      4.5853e-07
76160      4.63124e-07
76224      4.7357e-07
76288      4.80392e-07
76352      4.63863e-07
76416      4.62796e-07
76480      4.79881e-07
76544      4.8586e-07
76608      4.91247e-07
76672      4.85806e-07
76736      4.85743e-07
76800      4.88931e-07
76864      5.01859e-07
76928      5.58157e-07
76992      5.97423e-07
77056      5.96736e-07
77120      5.63811e-07
77184      4.9512e-07
77248      4.5942e-07
77312      4.50722e-07
77376      4.50149e-07
77440      4.4735e-07
77504      4.4259e-07
77568      4.35312e-07
77632      4.31625e-07
77696      4.47391e-07
77760      4.79594e-07
77824      4.99904e-07
77888      4.89104e-07
77952      4.60645e-07
78016      4.49618e-07
78080      4.60675e-07
78144      4.74857e-07
78208      4.96855e-07
78272      5.1788e-07
78336      5.12824e-07
78400      4.9656e-07
78464      4.86282e-07
78528      4.81912e-07
78592      4.81948e-07
78656      4.86196e-07
78720      4.79175e-07
78784      4.75513e-07
78848      4.61471e-07
78912      4.60084e-07
78976      4.717e-07 
79040      4.66312e-07
79104      4.5847e-07
79168      4.52657e-07
79232      4.5582e-07
79296      4.54288e-07
79360      4.46047e-07
79424      4.43506e-07
79488      4.39901e-07
79552      4.4098e-07
79616      4.39901e-07
79680      4.39971e-07
79744      4.377e-07 
79808      4.38301e-07
79872      4.44551e-07
79936      4.49637e-07
80000      4.6064e-07
80064      4.62926e-07
80128      4.81993e-07
80192      4.91617e-07
80256      4.80329e-07
80320      4.72984e-07
80384      4.55392e-07
80448      4.27454e-07
80512      4.08583e-07
80576      4.18858e-07
80640      4.44434e-07
80704      4.66425e-07
80768      4.72095e-07
80832      4.70701e-07
80896      4.72629e-07
80960      4.67237e-07
81024      4.57019e-07
81088      4.52684e-07
81152      4.55905e-07
81216      4.58679e-07
81280      4.6102e-07
81344      4.64724e-07
81408      4.74339e-07
81472      4.76887e-07
81536      4.79403e-07
81600      4.74767e-07
81664      4.66467e-07
81728      4.6097e-07
81792      4.50336e-07
81856      4.53189e-07
81920      4.60861e-07
81984      4.76953e-07
82048      4.84852e-07
82112      4.69355e-07
82176      4.6101e-07
82240      4.67735e-07
82304      4.65761e-07
82368      4.59265e-07
82432      4.60841e-07
82496      4.57986e-07
82560      4.43183e-07
82624      4.25871e-07
82688      4.06474e-07
82752      3.97226e-07
82816      4.0284e-07
82880      4.18017e-07
82944      4.37012e-07
83008      4.43961e-07
83072      4.34255e-07
83136      4.49308e-07
83200      4.65183e-07
83264      4.65055e-07
83328      4.49969e-07
83392      4.34904e-07
83456      4.33926e-07
83520      4.39777e-07
83584      4.4448e-07
83648      4.50833e-07
83712      4.62451e-07
83776      4.65251e-07
83840      4.52952e-07
83904      4.3489e-07
83968      4.31254e-07
84032      4.27338e-07
84096      4.20246e-07
84160      4.25779e-07
84224      4.27707e-07
84288      4.102e-07 
84352      4.06412e-07
84416      4.21615e-07
84480      4.37627e-07
84544      4.51421e-07
84608      4.57291e-07
84672      4.65313e-07
84736      4.6855e-07
84800      4.43684e-07
84864      4.23325e-07
84928      4.2629e-07
84992      4.32723e-07
85056      4.42204e-07
85120      4.51663e-07
85184      4.51258e-07
85248      4.49645e-07
85312      4.44521e-07
85376      4.46893e-07
85440      4.66984e-07
85504      4.73501e-07
85568      4.74062e-07
85632      4.58807e-07
85696      4.48182e-07
85760      4.45399e-07
85824      4.47153e-07
85888      4.50958e-07
85952      4.45673e-07
86016      4.37692e-07
86080      4.35527e-07
86144      4.55206e-07
86208      4.60751e-07
86272      4.4611e-07
86336      4.42705e-07
86400      4.31057e-07
86464      4.19958e-07
86528      4.2635e-07
86592      4.28962e-07
86656      4.23954e-07
86720      4.16804e-07
86784      4.1907e-07
86848      4.39143e-07
86912      4.52572e-07
86976      4.51228e-07
87040      4.4693e-07
87104      4.50659e-07
87168      4.62158e-07
87232      4.65064e-07
87296      4.44912e-07
87360      4.19988e-07
87424      4.06489e-07
87488      4.10961e-07
87552      4.27492e-07
87616      4.53397e-07
87680      4.69134e-07
87744      4.60258e-07
87808      4.41674e-07
87872      4.28365e-07
87936      4.14869e-07
88000      3.97139e-07
88064      3.96601e-07
88128      4.23111e-07
88192      4.37394e-07
88256      4.38561e-07
88320      4.40072e-07
88384      4.39158e-07
88448      4.41505e-07
88512      4.42642e-07
88576      4.45305e-07
88640      4.31882e-07
88704      4.13259e-07
88768      4.17771e-07
88832      4.2426e-07
88896      4.1854e-07
88960      4.08478e-07
89024      4.01418e-07
89088      4.14549e-07
89152      4.33454e-07
89216      4.382e-07 
89280      4.34075e-07
89344      4.33185e-07
89408      4.42173e-07
89472      4.40178e-07
89536      4.26151e-07
89600      4.2251e-07
89664      4.1879e-07
89728      4.23577e-07
89792      4.18042e-07
89856      4.18279e-07
89920      4.24621e-07
89984      4.2513e-07
90048      4.32823e-07
90112      4.41334e-07
90176      4.52968e-07
90240      4.57006e-07
90304      4.45151e-07
90368      4.35983e-07
90432      4.28326e-07
90496      4.3207e-07
90560      4.43317e-07
90624      4.46206e-07
90688      4.42558e-07
90752      4.27498e-07
90816      4.26322e-07
90880      4.44888e-07
90944      4.53856e-07
91008      4.54346e-07
91072      4.4368e-07
91136      4.29294e-07
91200      4.23189e-07
91264      4.29215e-07
91328      4.29561e-07
91392      4.40529e-07
91456      4.62333e-07
91520      4.65651e-07
91584      4.54967e-07
91648      4.37739e-07
91712      4.21314e-07
91776      4.06723e-07
91840      4.00846e-07
91904      4.13335e-07
91968      4.27132e-07
92032      4.40758e-07
92096      4.54129e-07
92160      4.66076e-07
92224      4.7798e-07
92288      4.7018e-07
92352      4.62942e-07
92416      4.54162e-07
92480      4.48476e-07
92544      4.47347e-07
92608      4.44518e-07
92672      4.41567e-07
92736      4.37825e-07
92800      4.37386e-07
92864      4.31689e-07
92928      4.18014e-07
92992      4.14286e-07
93056      4.3776e-07
93120      4.65911e-07
93184      4.64407e-07
93248      4.48253e-07
93312      4.3519e-07
93376      4.41876e-07
93440      4.67662e-07
93504      4.79679e-07
93568      4.63198e-07
93632      4.34644e-07
93696      4.14791e-07
93760      4.12511e-07
93824      4.25424e-07
93888      4.36633e-07
93952      4.46156e-07
94016      4.48945e-07
94080      4.61122e-07
94144      4.63054e-07
94208      4.54736e-07
94272      4.44678e-07
94336      4.3385e-07
94400      4.36214e-07
94464      4.38543e-07
94528      4.31575e-07
94592      4.27771e-07
94656      4.25169e-07
94720      4.27991e-07
94784      4.29036e-07
94848      4.37801e-07
94912      4.48458e-07
94976      4.39838e-07
95040      4.28149e-07
95104      4.23033e-07
95168      4.20426e-07
95232      4.08678e-07
95296      4.05569e-07
95360      4.09773e-07
95424      4.17284e-07
95488      4.36463e-07
95552      4.68211e-07
95616      7.19306e-07
95680      1.19847e-06
95744      1.41578e-06
95808      1.41413e-06
95872      1.2524e-06
95936      8.10722e-07
96000      5.11821e-07
96064      4.63335e-07
96128      4.40702e-07
96192      4.29243e-07
96256      4.32942e-07
96320      4.3244e-07
96384      4.26083e-07
96448      4.20869e-07
96512      4.25565e-07
96576      4.29442e-07
96640      4.27058e-07
96704      4.24623e-07
96768      4.16455e-07
96832      4.137e-07 
96896      4.22835e-07
96960      4.30664e-07
97024      4.38414e-07
97088      4.38888e-07
97152      4.38946e-07
97216      4.34763e-07
97280      4.23098e-07
97344      4.21569e-07
97408      4.22551e-07
97472      4.18879e-07
97536      4.14417e-07
97600      4.07279e-07
97664      4.08231e-07
97728      4.20291e-07
97792      4.36007e-07
97856      4.47428e-07
97920      4.54716e-07
97984      4.5258e-07
98048      4.47454e-07
98112      4.33404e-07
98176      4.38222e-07
98240      4.54203e-07
98304      4.49444e-07
98368      4.24533e-07
98432      4.15749e-07
98496      4.12748e-07
98560      4.14493e-07
98624      4.22929e-07
98688      4.18702e-07
98752      4.27606e-07
98816      4.28185e-07
98880      4.30744e-07
98944      4.45548e-07
99008      4.38925e-07
99072      4.38439e-07
99136      4.40506e-07
99200      4.26822e-07
99264      4.18282e-07
99328      4.27954e-07
99392      4.35654e-07
99456      4.34174e-07
99520      4.34613e-07
99584      4.33584e-07
99648      4.32715e-07
99712      4.38365e-07
99776      4.41775e-07
99840      4.29104e-07
99904      4.12232e-07
99968      4.0992e-07
100032     4.13504e-07
100096     4.29992e-07
100160     4.40964e-07
100224     4.45429e-07
100288     4.37946e-07
100352     4.15879e-07
100416     4.02564e-07
100480     3.92476e-07
100544     3.9188e-07
100608     3.96892e-07
100672     4.06494e-07
100736     4.20356e-07
100800     4.34717e-07
100864     4.3643e-07
100928     4.31583e-07
100992     4.24838e-07
101056     4.11525e-07
101120     4.02083e-07
101184     4.04151e-07
101248     4.17929e-07
101312     4.35505e-07
101376     4.37321e-07
101440     4.25221e-07
101504     4.13874e-07
101568     3.96215e-07
101632     3.79554e-07
101696     3.82327e-07
101760     4.04763e-07
101824     4.2634e-07
101888     4.25735e-07
101952     4.16829e-07
102016     4.24811e-07
102080     4.22263e-07
102144     4.1671e-07
102208     4.24099e-07
102272     4.34863e-07
102336     4.30977e-07
102400     4.23057e-07
