# Freq.    Mag.
0          2.70095e-05
1          2.63777e-05
2          1.78766e-05
3          6.04186e-06
4          2.8039e-06
5          2.3069e-06
6          1.87849e-06
7          1.52424e-06
8          1.2862e-06
9          1.1833e-06
10         1.16459e-06
11         1.19071e-06
12         1.23201e-06
13         1.21358e-06
14         1.14258e-06
15         1.14621e-06
16         1.10913e-06
17         1.0217e-06
18         9.96441e-07
19         1.04969e-06
20         1.06943e-06
21         1.03361e-06
22         1.03441e-06
23         1.03596e-06
24         9.99814e-07
25         1.00173e-06
26         1.0398e-06
27         1.06817e-06
28         1.02383e-06
29         9.12919e-07
30         8.81573e-07
31         9.71638e-07
32         1.06683e-06
33         1.0783e-06
34         1.03101e-06
35         9.83921e-07
36         3.6437e-06
37         1.80676e-05
38         3.5514e-05
39         4.01288e-05
40         3.99991e-05
41         3.32149e-05
42         1.47542e-05
43         2.4234e-06
44         8.50934e-07
45         8.602e-07 
46         8.74317e-07
47         1.04775e-06
48         1.49212e-06
49         1.65948e-06
50         1.65312e-06
51         1.50047e-06
52         1.07075e-06
53         8.96257e-07
54         8.87369e-07
55         9.29383e-07
56         9.71062e-07
57         1.13961e-06
58         2.28707e-06
59         3.25178e-06
60         3.39006e-06
61         3.36586e-06
62         2.48252e-06
63         1.22783e-06
64         8.78742e-07
65         9.19648e-07
66         9.66493e-07
67         9.33291e-07
68         8.90302e-07
69         8.33418e-07
70         8.07932e-07
71         8.24055e-07
72         8.49175e-07
73         9.06381e-07
74         9.50005e-07
75         9.25466e-07
76         8.76113e-07
77         9.6789e-07
78         1.06536e-06
79         1.08699e-06
80         1.07371e-06
81         9.46784e-07
82         8.68056e-07
83         8.31757e-07
84         8.20275e-07
85         8.13681e-07
86         8.05878e-07
87         7.79906e-07
88         7.48475e-07
89         7.40149e-07
90         7.6284e-07
91         8.05366e-07
92         8.39226e-07
93         8.65075e-07
94         8.70045e-07
95         8.79032e-07
96         8.80683e-07
97         8.65943e-07
98         8.78551e-07
99         8.96122e-07
100        8.7585e-07
101        8.43693e-07
102        7.76849e-07
103        7.41059e-07
104        7.41135e-07
105        7.72816e-07
106        7.89876e-07
107        7.97167e-07
108        8.3952e-07
109        8.7562e-07
110        8.78531e-07
111        8.52192e-07
112        8.00671e-07
113        7.5178e-07
114        7.48761e-07
115        1.73422e-06
116        6.6276e-06
117        1.15349e-05
118        1.27475e-05
119        1.31085e-05
120        1.06735e-05
121        6.08586e-06
122        3.33683e-06
123        1.24624e-06
124        9.00975e-07
125        9.2382e-07
126        9.48633e-07
127        9.91589e-07
128        9.89587e-07
129        9.32995e-07
130        8.35121e-07
131        7.73343e-07
132        7.57751e-07
133        7.57291e-07
134        7.81364e-07
135        8.09091e-07
136        7.74253e-07
137        7.46027e-07
138        7.49466e-07
139        7.71664e-07
140        7.94678e-07
141        8.31345e-07
142        8.33711e-07
143        7.86437e-07
144        7.94227e-07
145        8.12535e-07
146        8.24853e-07
147        8.35423e-07
148        8.98066e-07
149        9.54762e-07
150        9.49462e-07
151        9.46179e-07
152        9.06242e-07
153        8.60054e-07
154        8.48916e-07
155        8.52487e-07
156        8.49681e-07
157        8.41155e-07
158        8.43295e-07
159        8.52348e-07
160        8.31705e-07
161        8.40539e-07
162        8.40104e-07
163        8.36767e-07
164        8.22423e-07
165        7.88006e-07
166        8.06136e-07
167        8.42156e-07
168        8.31453e-07
169        7.98701e-07
170        7.52038e-07
171        6.86347e-07
172        6.76646e-07
173        7.52986e-07
174        7.92983e-07
175        8.06282e-07
176        8.17521e-07
177        1.34813e-06
178        3.81496e-06
179        5.68925e-06
180        5.88307e-06
181        5.75678e-06
182        3.95828e-06
183        1.40587e-06
184        8.00093e-07
185        8.57615e-07
186        8.83926e-07
187        8.69161e-07
188        8.49424e-07
189        8.44867e-07
190        8.6103e-07
191        8.729e-07 
192        8.48e-07  
193        8.39838e-07
194        1.386e-06 
195        4.10171e-06
196        6.40449e-06
197        6.72856e-06
198        6.64215e-06
199        4.77395e-06
200        1.85382e-06
201        9.24133e-07
202        8.22131e-07
203        8.06854e-07
204        8.30332e-07
205        8.61003e-07
206        8.75188e-07
207        8.58772e-07
208        8.45774e-07
209        8.43918e-07
210        8.16426e-07
211        8.04378e-07
212        8.14261e-07
213        8.47162e-07
214        9.01269e-07
215        8.95477e-07
216        8.45029e-07
217        8.56706e-07
218        9.03952e-07
219        8.90585e-07
220        8.59172e-07
221        8.10611e-07
222        7.31783e-07
223        7.07662e-07
224        6.93559e-07
225        7.27438e-07
226        7.5115e-07
227        7.6334e-07
228        7.54713e-07
229        7.55666e-07
230        7.66954e-07
231        7.97031e-07
232        8.20056e-07
233        8.51395e-07
234        8.69273e-07
235        8.76414e-07
236        8.99254e-07
237        1.19864e-06
238        2.64127e-06
239        3.78348e-06
240        3.89825e-06
241        3.84752e-06
242        2.71723e-06
243        1.17375e-06
244        8.2119e-07
245        8.14653e-07
246        8.05065e-07
247        7.93969e-07
248        7.9341e-07
249        7.8898e-07
250        7.99818e-07
251        8.47515e-07
252        8.31159e-07
253        7.71283e-07
254        7.49258e-07
255        7.71869e-07
256        7.83797e-07
257        7.85261e-07
258        7.84273e-07
259        7.78617e-07
260        7.77742e-07
261        7.52152e-07
262        7.50958e-07
263        7.61061e-07
264        8.06942e-07
265        8.71815e-07
266        8.9085e-07
267        8.68049e-07
268        8.42285e-07
269        8.29094e-07
270        8.37057e-07
271        8.01415e-07
272        7.32919e-07
273        1.27961e-06
274        3.51658e-06
275        5.00304e-06
276        5.1698e-06
277        5.01681e-06
278        3.3312e-06
279        1.3074e-06
280        8.08446e-07
281        7.5108e-07
282        7.80769e-07
283        8.31773e-07
284        8.6033e-07
285        8.57804e-07
286        8.33078e-07
287        7.8882e-07
288        7.61879e-07
289        7.56165e-07
290        7.48541e-07
291        7.57023e-07
292        7.94109e-07
293        8.41269e-07
294        8.64734e-07
295        8.60974e-07
296        8.395e-07 
297        1.03297e-06
298        2.23747e-06
299        3.25401e-06
300        3.38763e-06
301        3.30788e-06
302        2.35991e-06
303        1.13893e-06
304        8.55133e-07
305        8.56539e-07
306        8.58743e-07
307        8.64537e-07
308        8.81759e-07
309        8.72437e-07
310        8.42871e-07
311        7.84969e-07
312        7.58158e-07
313        7.9703e-07
314        8.45456e-07
315        8.949e-07 
316        9.56325e-07
317        1.02408e-06
318        1.02281e-06
319        1.00009e-06
320        9.39181e-07
321        8.51391e-07
322        7.96919e-07
323        8.12799e-07
324        8.26177e-07
325        8.01638e-07
326        8.11228e-07
327        8.32477e-07
328        8.34822e-07
329        8.28317e-07
330        8.09311e-07
331        7.68923e-07
332        7.52936e-07
333        7.57291e-07
334        7.42619e-07
335        7.15325e-07
336        6.91925e-07
337        7.24627e-07
338        8.00617e-07
339        8.84946e-07
340        9.22258e-07
341        8.96118e-07
342        8.48547e-07
343        8.49303e-07
344        8.98072e-07
345        9.40659e-07
346        9.28633e-07
347        8.61271e-07
348        8.27769e-07
349        8.52303e-07
350        8.80839e-07
351        8.80067e-07
352        1.5237e-06
353        3.45458e-06
354        4.45845e-06
355        4.51903e-06
356        4.21644e-06
357        2.65816e-06
358        2.97554e-06
359        4.31373e-06
360        4.45606e-06
361        4.37707e-06
362        3.1118e-06
363        1.28442e-06
364        7.80183e-07
365        7.7348e-07
366        8.11657e-07
367        8.53195e-07
368        8.1998e-07
369        7.77761e-07
370        7.84411e-07
371        8.20146e-07
372        8.78192e-07
373        8.93371e-07
374        8.4426e-07
375        9.24979e-07
376        1.23831e-06
377        1.35915e-06
378        1.3304e-06
379        1.22366e-06
380        9.35174e-07
381        8.228e-07 
382        7.84169e-07
383        7.50897e-07
384        7.57721e-07
385        7.99735e-07
386        8.40571e-07
387        8.4109e-07
388        8.31252e-07
389        8.35447e-07
390        8.40025e-07
391        8.32233e-07
392        8.6499e-07
393        9.01348e-07
394        9.02682e-07
395        9.08151e-07
396        8.15156e-07
397        7.52486e-07
398        8.09035e-07
399        8.89352e-07
400        9.29123e-07
401        8.92938e-07
402        8.24987e-07
403        8.28538e-07
404        8.29047e-07
405        7.91588e-07
406        7.54699e-07
407        7.41038e-07
408        7.61745e-07
409        7.86091e-07
410        8.13362e-07
411        8.04121e-07
412        7.85271e-07
413        7.79775e-07
414        7.57485e-07
415        7.38293e-07
416        7.23285e-07
417        9.96397e-07
418        2.45179e-06
419        3.63288e-06
420        3.74498e-06
421        3.67851e-06
422        2.65311e-06
423        1.22272e-06
424        8.84584e-07
425        8.78382e-07
426        8.59572e-07
427        8.52414e-07
428        8.56772e-07
429        8.56404e-07
430        9.21983e-07
431        1.62769e-06
432        3.10052e-06
433        3.66627e-06
434        3.63605e-06
435        3.21737e-06
436        1.74326e-06
437        7.98665e-07
438        7.60205e-07
439        8.09622e-07
440        8.51872e-07
441        8.59779e-07
442        8.47278e-07
443        8.19741e-07
444        7.57336e-07
445        7.14347e-07
446        7.53579e-07
447        8.13333e-07
448        8.43576e-07
449        8.63949e-07
450        8.36659e-07
451        7.64741e-07
452        7.12412e-07
453        6.80493e-07
454        7.09605e-07
455        7.44194e-07
456        7.71069e-07
457        7.76659e-07
458        7.87121e-07
459        7.93789e-07
460        7.7525e-07
461        7.82155e-07
462        7.78354e-07
463        7.662e-07 
464        7.90657e-07
465        8.23091e-07
466        8.17452e-07
467        8.35599e-07
468        8.63381e-07
469        8.15926e-07
470        7.71515e-07
471        8.94167e-07
472        1.06671e-06
473        1.10079e-06
474        1.05069e-06
475        8.77267e-07
476        7.6103e-07
477        1.00107e-06
478        2.23281e-06
479        3.25447e-06
480        3.35888e-06
481        3.28663e-06
482        2.37013e-06
483        1.12042e-06
484        8.44537e-07
485        8.71139e-07
486        8.85158e-07
487        8.60337e-07
488        8.45251e-07
489        8.36257e-07
490        8.22945e-07
491        8.02205e-07
492        7.53128e-07
493        7.04667e-07
494        6.89161e-07
495        7.09707e-07
496        7.65632e-07
497        7.98009e-07
498        8.20278e-07
499        8.08831e-07
500        7.75066e-07
501        7.89202e-07
502        7.65778e-07
503        7.45084e-07
504        7.36903e-07
505        7.47067e-07
506        7.59152e-07
507        7.76328e-07
508        7.68837e-07
509        7.72121e-07
510        1.50037e-06
511        2.71087e-06
512        3.07933e-06
513        3.07171e-06
514        2.55618e-06
515        1.31017e-06
516        7.82704e-07
517        7.78494e-07
518        7.84323e-07
519        8.00471e-07
520        7.84475e-07
521        7.46895e-07
522        7.39052e-07
523        7.60531e-07
524        1.20368e-06
525        2.37089e-06
526        2.88459e-06
527        2.933e-06 
528        2.69162e-06
529        1.62652e-06
530        9.08508e-07
531        8.45941e-07
532        8.80115e-07
533        8.9027e-07
534        8.70027e-07
535        8.15694e-07
536        7.86321e-07
537        9.61039e-07
538        2.01104e-06
539        2.89766e-06
540        2.99031e-06
541        2.90678e-06
542        2.0655e-06
543        9.68031e-07
544        7.7592e-07
545        7.77232e-07
546        7.43007e-07
547        6.80798e-07
548        6.85202e-07
549        7.69047e-07
550        9.34604e-07
551        1.06984e-06
552        1.09591e-06
553        1.0873e-06
554        9.47527e-07
555        8.29113e-07
556        8.26028e-07
557        8.31127e-07
558        8.37906e-07
559        7.89536e-07
560        7.53162e-07
561        7.44491e-07
562        7.59545e-07
563        8.00833e-07
564        8.303e-07 
565        8.69349e-07
566        8.88666e-07
567        8.66849e-07
568        8.14782e-07
569        7.87412e-07
570        8.19667e-07
571        8.32001e-07
572        8.4359e-07
573        8.37163e-07
574        8.20319e-07
575        8.08203e-07
576        8.30045e-07
577        8.69397e-07
578        8.93564e-07
579        9.15754e-07
580        9.0594e-07
581        8.47111e-07
582        7.77062e-07
583        7.42115e-07
584        7.4703e-07
585        7.32497e-07
586        6.92725e-07
587        6.79871e-07
588        7.9881e-07
589        1.43843e-06
590        2.21119e-06
591        2.35931e-06
592        2.33271e-06
593        1.89063e-06
594        1.08369e-06
595        8.83612e-07
596        8.66996e-07
597        9.55987e-07
598        1.62923e-06
599        2.24218e-06
600        2.25794e-06
601        2.15096e-06
602        1.5664e-06
603        8.95649e-07
604        8.34513e-07
605        8.53956e-07
606        8.72195e-07
607        8.74166e-07
608        8.40919e-07
609        8.2118e-07
610        8.32199e-07
611        8.19644e-07
612        8.13153e-07
613        8.30835e-07
614        8.52564e-07
615        8.75971e-07
616        8.77392e-07
617        8.60017e-07
618        8.39026e-07
619        8.22537e-07
620        8.16632e-07
621        8.31442e-07
622        8.42414e-07
623        8.28169e-07
624        8.38159e-07
625        8.4336e-07
626        8.50641e-07
627        8.41986e-07
628        8.34955e-07
629        9.70334e-07
630        1.06799e-06
631        1.10174e-06
632        1.0674e-06
633        8.80369e-07
634        7.79351e-07
635        7.79354e-07
636        8.23964e-07
637        8.46791e-07
638        8.2909e-07
639        7.9581e-07
640        7.8271e-07
641        7.81217e-07
642        7.69543e-07
643        7.6335e-07
644        7.27401e-07
645        6.99118e-07
646        7.3295e-07
647        7.74782e-07
648        7.90111e-07
649        8.00467e-07
650        8.2932e-07
651        8.43549e-07
652        8.12256e-07
653        7.7389e-07
654        7.86778e-07
655        8.35155e-07
656        8.63326e-07
657        9.87773e-07
658        1.63033e-06
659        2.23966e-06
660        2.3147e-06
661        2.25541e-06
662        1.68328e-06
663        9.7643e-07
664        8.40026e-07
665        8.34529e-07
666        7.84376e-07
667        7.69295e-07
668        1.19967e-06
669        1.7383e-06
670        1.85038e-06
671        1.86393e-06
672        1.44909e-06
673        8.61715e-07
674        7.26703e-07
675        7.14427e-07
676        7.45135e-07
677        7.59542e-07
678        7.61749e-07
679        7.66403e-07
680        7.62876e-07
681        7.67892e-07
682        7.61592e-07
683        7.45041e-07
684        7.60704e-07
685        7.72679e-07
686        7.94565e-07
687        8.20509e-07
688        8.42455e-07
689        8.2897e-07
690        8.19533e-07
691        8.67392e-07
692        8.76529e-07
693        8.49296e-07
694        8.13277e-07
695        8.29347e-07
696        8.52928e-07
697        8.28647e-07
698        7.80605e-07
699        7.42096e-07
700        7.14073e-07
701        7.3514e-07
702        7.97434e-07
703        8.51298e-07
704        8.68288e-07
705        8.33089e-07
706        8.00765e-07
707        8.18587e-07
708        9.20034e-07
709        9.86471e-07
710        1.00587e-06
711        9.98429e-07
712        9.12663e-07
713        8.48942e-07
714        8.22797e-07
715        8.64567e-07
716        9.04405e-07
717        9.38127e-07
718        1.30139e-06
719        1.72648e-06
720        1.75826e-06
721        1.71341e-06
722        1.30573e-06
723        8.71217e-07
724        8.43776e-07
725        8.71183e-07
726        8.47031e-07
727        7.98854e-07
728        7.87277e-07
729        8.11031e-07
730        8.04287e-07
731        7.83902e-07
732        8.04834e-07
733        8.15443e-07
734        7.97593e-07
735        8.02854e-07
736        7.96721e-07
737        7.59861e-07
738        7.00069e-07
739        6.8005e-07
740        6.83447e-07
741        7.02369e-07
742        7.06439e-07
743        6.98001e-07
744        6.92679e-07
745        7.06337e-07
746        7.96391e-07
747        1.22839e-06
748        1.5723e-06
749        1.5615e-06
750        1.50235e-06
751        1.18354e-06
752        8.82967e-07
753        8.57639e-07
754        8.4846e-07
755        7.99855e-07
756        7.58444e-07
757        7.75877e-07
758        8.23522e-07
759        8.42286e-07
760        8.45482e-07
761        8.18515e-07
762        7.50852e-07
763        7.13408e-07
764        7.09899e-07
765        7.53454e-07
766        8.09512e-07
767        8.21806e-07
768        7.99695e-07
769        7.62759e-07
770        7.30508e-07
771        7.36378e-07
772        7.40732e-07
773        7.5103e-07
774        7.71621e-07
775        7.77602e-07
776        7.9047e-07
777        8.31895e-07
778        1.18093e-06
779        1.63156e-06
780        1.73712e-06
781        1.75737e-06
782        1.4072e-06
783        9.40758e-07
784        8.18834e-07
785        7.85422e-07
786        7.88133e-07
787        8.37627e-07
788        8.82729e-07
789        9.16241e-07
790        9.06233e-07
791        8.81668e-07
792        8.75465e-07
793        8.24936e-07
794        8.04471e-07
795        8.08428e-07
796        8.06239e-07
797        7.80333e-07
798        7.66339e-07
799        7.99625e-07
800        8.55941e-07
801        8.84495e-07
802        8.41992e-07
803        7.89538e-07
804        7.50839e-07
805        7.29111e-07
806        7.53174e-07
807        7.64765e-07
808        7.70238e-07
809        8.14522e-07
810        8.84477e-07
811        9.38524e-07
812        9.43106e-07
813        8.93364e-07
814        8.37471e-07
815        8.03902e-07
816        7.84454e-07
817        7.84525e-07
818        8.12097e-07
819        8.42275e-07
820        8.87914e-07
821        8.95576e-07
822        8.76494e-07
823        8.36933e-07
824        7.91178e-07
825        8.90504e-07
826        1.23678e-06
827        1.43785e-06
828        1.45514e-06
829        1.40229e-06
830        1.05834e-06
831        8.72264e-07
832        8.71448e-07
833        8.77857e-07
834        8.52244e-07
835        8.18017e-07
836        8.18138e-07
837        8.92811e-07
838        1.14546e-06
839        1.39625e-06
840        1.39493e-06
841        1.37028e-06
842        1.14316e-06
843        9.32699e-07
844        9.35415e-07
845        9.26606e-07
846        9.19396e-07
847        9.22999e-07
848        8.84805e-07
849        8.42967e-07
850        7.94232e-07
851        7.61683e-07
852        7.69505e-07
853        7.99698e-07
854        8.24723e-07
855        8.28152e-07
856        8.25797e-07
857        8.38774e-07
858        8.58403e-07
859        8.83513e-07
860        9.06962e-07
861        8.91429e-07
862        8.56798e-07
863        8.21279e-07
864        8.05943e-07
865        8.52455e-07
866        9.06133e-07
867        8.93423e-07
868        8.52119e-07
869        7.65786e-07
870        7.05636e-07
871        7.2507e-07
872        7.58352e-07
873        8.08946e-07
874        8.37927e-07
875        8.05197e-07
876        7.80807e-07
877        7.86907e-07
878        8.02916e-07
879        8.34491e-07
880        8.35995e-07
881        8.25983e-07
882        8.15084e-07
883        7.83327e-07
884        7.48603e-07
885        7.38744e-07
886        7.49146e-07
887        7.35036e-07
888        7.13725e-07
889        7.38411e-07
890        7.51672e-07
891        7.69694e-07
892        7.60829e-07
893        7.3378e-07
894        7.24246e-07
895        7.19954e-07
896        7.13663e-07
897        7.33619e-07
898        9.17159e-07
899        1.10202e-06
900        1.12632e-06
901        1.17451e-06
902        1.26441e-06
903        1.37901e-06
904        1.42492e-06
905        1.66727e-06
906        1.66612e-06
907        1.54166e-06
908        1.41204e-06
909        1.03119e-06
910        8.54055e-07
911        8.04256e-07
912        7.51168e-07
913        6.98086e-07
914        7.17112e-07
915        7.72607e-07
916        7.69472e-07
917        7.28835e-07
918        7.46503e-07
919        7.795e-07 
920        7.9825e-07
921        7.76982e-07
922        7.49655e-07
923        7.61405e-07
924        7.96783e-07
925        7.97012e-07
926        7.92783e-07
927        8.24419e-07
928        8.54914e-07
929        8.35295e-07
930        8.03353e-07
931        7.73686e-07
932        7.60496e-07
933        7.76055e-07
934        8.08617e-07
935        8.32903e-07
936        8.04258e-07
937        7.5579e-07
938        7.52889e-07
939        7.81349e-07
940        7.94431e-07
941        7.4681e-07
942        6.97368e-07
943        6.92812e-07
944        7.57413e-07
945        8.44521e-07
946        8.60071e-07
947        8.26786e-07
948        8.02432e-07
949        8.22841e-07
950        8.52418e-07
951        8.83512e-07
952        8.90623e-07
953        8.598e-07 
954        7.99351e-07
955        7.53937e-07
956        7.45968e-07
957        7.73873e-07
958        7.839e-07 
959        8.16678e-07
960        8.29227e-07
961        8.20619e-07
962        8.09845e-07
963        7.87711e-07
964        7.97546e-07
965        7.9485e-07
966        7.51945e-07
967        7.30494e-07
968        7.1975e-07
969        7.1249e-07
970        7.41233e-07
971        7.93875e-07
972        8.05582e-07
973        7.93619e-07
974        7.84486e-07
975        7.99453e-07
976        8.25731e-07
977        8.34068e-07
978        8.08314e-07
979        7.71019e-07
980        7.00257e-07
981        6.54833e-07
982        6.98857e-07
983        8.81839e-07
984        1.26335e-06
985        1.37369e-06
986        1.35818e-06
987        1.23856e-06
988        9.17728e-07
989        7.80532e-07
990        7.49704e-07
991        7.05903e-07
992        7.15155e-07
993        7.35484e-07
994        7.40191e-07
995        7.72839e-07
996        7.98325e-07
997        7.84316e-07
998        8.16242e-07
999        8.82965e-07
1000       8.87086e-07
1001       8.68493e-07
1002       7.82969e-07
1003       7.2293e-07
1004       7.22415e-07
1005       7.10826e-07
1006       7.10698e-07
1007       7.25364e-07
1008       7.33754e-07
1009       7.50955e-07
1010       7.7726e-07
1011       7.80672e-07
1012       7.75914e-07
1013       7.48972e-07
1014       7.02887e-07
1015       6.61615e-07
1016       6.99502e-07
1017       8.0853e-07
1018       8.85933e-07
1019       8.9131e-07
1020       8.3534e-07
1021       7.86833e-07
1022       7.88159e-07
1023       8.54033e-07
1024       8.87357e-07
1025       8.76298e-07
1026       8.52355e-07
1027       7.7639e-07
1028       7.68376e-07
1029       8.1979e-07
1030       8.49942e-07
1031       8.69175e-07
1032       8.5395e-07
1033       8.34206e-07
1034       8.23689e-07
1035       8.18859e-07
1036       7.92174e-07
1037       7.59075e-07
1038       7.66933e-07
1039       7.81185e-07
1040       7.93151e-07
1041       7.95464e-07
1042       7.92984e-07
1043       7.73212e-07
1044       7.55858e-07
1045       7.65173e-07
1046       7.92933e-07
1047       8.02706e-07
1048       7.90869e-07
1049       8.00864e-07
1050       8.29288e-07
1051       8.52057e-07
1052       8.20342e-07
1053       7.8605e-07
1054       7.82872e-07
1055       7.77071e-07
1056       8.10954e-07
1057       8.93979e-07
1058       9.35677e-07
1059       9.02449e-07
1060       8.67826e-07
1061       8.33752e-07
1062       9.7754e-07
1063       1.32477e-06
1064       1.38334e-06
1065       1.37953e-06
1066       1.19958e-06
1067       8.5197e-07
1068       7.36555e-07
1069       7.24261e-07
1070       7.31026e-07
1071       8.07895e-07
1072       8.48818e-07
1073       8.36267e-07
1074       8.05938e-07
1075       7.72508e-07
1076       7.57318e-07
1077       7.79343e-07
1078       8.34608e-07
1079       8.75408e-07
1080       8.92919e-07
1081       9.11566e-07
1082       8.82832e-07
1083       8.46045e-07
1084       8.3245e-07
1085       8.10241e-07
1086       8.0243e-07
1087       7.98161e-07
1088       7.87484e-07
1089       7.55324e-07
1090       7.31379e-07
1091       7.49939e-07
1092       7.84881e-07
1093       8.20831e-07
1094       8.73719e-07
1095       9.0149e-07
1096       8.90274e-07
1097       8.10946e-07
1098       7.54513e-07
1099       7.82928e-07
1100       8.09671e-07
1101       8.05505e-07
1102       8.9006e-07
1103       9.68985e-07
1104       9.83213e-07
1105       9.61173e-07
1106       8.44376e-07
1107       7.74964e-07
1108       7.41562e-07
1109       7.29868e-07
1110       7.48907e-07
1111       7.45036e-07
1112       7.58174e-07
1113       7.88758e-07
1114       7.88851e-07
1115       7.37538e-07
1116       7.00312e-07
1117       7.20563e-07
1118       7.65668e-07
1119       7.7025e-07
1120       7.37599e-07
1121       7.4605e-07
1122       7.86854e-07
1123       8.05819e-07
1124       7.72326e-07
1125       7.57246e-07
1126       7.43042e-07
1127       7.34628e-07
1128       7.12395e-07
1129       7.01391e-07
1130       7.99361e-07
1131       9.8142e-07
1132       1.00899e-06
1133       9.28324e-07
1134       8.60375e-07
1135       7.74164e-07
1136       7.62579e-07
1137       7.78355e-07
1138       8.56478e-07
1139       9.71622e-07
1140       1.03699e-06
1141       1.25079e-06
1142       1.48417e-06
1143       1.4638e-06
1144       1.41846e-06
1145       1.1417e-06
1146       8.38525e-07
1147       8.13295e-07
1148       8.09837e-07
1149       7.84939e-07
1150       7.61467e-07
1151       7.48624e-07
1152       7.26147e-07
1153       7.06814e-07
1154       7.4151e-07
1155       7.88783e-07
1156       7.89106e-07
1157       7.5668e-07
1158       7.42066e-07
1159       7.93644e-07
1160       8.74652e-07
1161       9.00912e-07
1162       8.63008e-07
1163       8.04103e-07
1164       7.68282e-07
1165       7.64906e-07
1166       7.64345e-07
1167       7.81077e-07
1168       7.83105e-07
1169       7.6319e-07
1170       7.74809e-07
1171       8.03591e-07
1172       8.18063e-07
1173       7.82175e-07
1174       7.47741e-07
1175       7.53951e-07
1176       7.56817e-07
1177       7.98462e-07
1178       8.19579e-07
1179       7.87841e-07
1180       7.79946e-07
1181       8.80588e-07
1182       9.65417e-07
1183       9.972e-07 
1184       9.50046e-07
1185       8.06444e-07
1186       7.48452e-07
1187       7.86613e-07
1188       7.92155e-07
1189       7.55281e-07
1190       7.18205e-07
1191       7.29146e-07
1192       7.43209e-07
1193       7.76797e-07
1194       8.21452e-07
1195       8.40916e-07
1196       8.21325e-07
1197       8.20112e-07
1198       9.2343e-07
1199       1.07588e-06
1200       1.11821e-06
1201       1.1121e-06
1202       9.8237e-07
1203       8.06423e-07
1204       7.41508e-07
1205       7.61586e-07
1206       7.87582e-07
1207       7.58608e-07
1208       7.13484e-07
1209       7.02685e-07
1210       7.27913e-07
1211       7.37416e-07
1212       7.35172e-07
1213       7.53685e-07
1214       7.68765e-07
1215       7.50708e-07
1216       7.5485e-07
1217       7.91853e-07
1218       7.99679e-07
1219       8.48326e-07
1220       1.20812e-06
1221       1.51782e-06
1222       1.53672e-06
1223       1.47996e-06
1224       1.10867e-06
1225       7.93428e-07
1226       7.56306e-07
1227       7.18037e-07
1228       7.10126e-07
1229       7.28656e-07
1230       7.54539e-07
1231       7.66899e-07
1232       7.73626e-07
1233       7.80295e-07
1234       7.84122e-07
1235       7.93215e-07
1236       8.14432e-07
1237       8.21211e-07
1238       7.93123e-07
1239       7.74308e-07
1240       7.7853e-07
1241       7.86374e-07
1242       7.70028e-07
1243       7.44084e-07
1244       7.13837e-07
1245       6.82213e-07
1246       7.20137e-07
1247       7.78669e-07
1248       8.25278e-07
1249       8.39805e-07
1250       8.05552e-07
1251       7.96316e-07
1252       8.30724e-07
1253       8.78831e-07
1254       8.96782e-07
1255       8.78506e-07
1256       8.51639e-07
1257       8.48295e-07
1258       9.81648e-07
1259       1.19045e-06
1260       1.26062e-06
1261       1.22786e-06
1262       1.06594e-06
1263       8.70005e-07
1264       7.22326e-07
1265       6.57032e-07
1266       6.66693e-07
1267       6.81597e-07
1268       6.75792e-07
1269       6.68161e-07
1270       6.87253e-07
1271       7.13866e-07
1272       7.24744e-07
1273       7.50641e-07
1274       7.57015e-07
1275       7.50208e-07
1276       7.39198e-07
1277       7.3613e-07
1278       7.78638e-07
1279       8.03584e-07
1280       7.94268e-07
1281       7.53694e-07
1282       6.94986e-07
1283       6.76847e-07
1284       7.02812e-07
1285       7.53154e-07
1286       7.69728e-07
1287       7.4947e-07
1288       7.1229e-07
1289       6.94801e-07
1290       7.07966e-07
1291       7.3296e-07
1292       7.31021e-07
1293       7.21569e-07
1294       7.10586e-07
1295       7.39773e-07
1296       7.95491e-07
1297       8.30666e-07
1298       9.08391e-07
1299       1.20753e-06
1300       1.35057e-06
1301       1.33462e-06
1302       1.30568e-06
1303       1.06421e-06
1304       8.89581e-07
1305       8.12418e-07
1306       7.92367e-07
1307       8.00814e-07
1308       8.09777e-07
1309       7.85326e-07
1310       7.71471e-07
1311       8.11388e-07
1312       8.22113e-07
1313       7.92508e-07
1314       7.72369e-07
1315       7.58956e-07
1316       7.95476e-07
1317       8.1787e-07
1318       8.523e-07 
1319       9.4018e-07
1320       9.58944e-07
1321       9.91003e-07
1322       8.89681e-07
1323       7.59338e-07
1324       7.68645e-07
1325       8.0161e-07
1326       8.01639e-07
1327       7.68975e-07
1328       7.46503e-07
1329       7.38762e-07
1330       7.77073e-07
1331       8.00609e-07
1332       7.8166e-07
1333       7.7318e-07
1334       7.83196e-07
1335       7.81708e-07
1336       7.86089e-07
1337       8.54173e-07
1338       9.79192e-07
1339       1.10186e-06
1340       1.10185e-06
1341       1.04615e-06
1342       8.97764e-07
1343       7.22476e-07
1344       6.96718e-07
1345       7.4817e-07
1346       8.10679e-07
1347       8.30641e-07
1348       7.98491e-07
1349       7.82669e-07
1350       7.68612e-07
1351       7.7441e-07
1352       7.53925e-07
1353       7.08929e-07
1354       7.04051e-07
1355       7.40966e-07
1356       7.67916e-07
1357       7.61316e-07
1358       7.53515e-07
1359       7.25271e-07
1360       7.09375e-07
1361       7.57259e-07
1362       7.98153e-07
1363       7.99257e-07
1364       8.02233e-07
1365       8.13374e-07
1366       8.13712e-07
1367       7.96343e-07
1368       7.86338e-07
1369       7.94306e-07
1370       8.17991e-07
1371       8.17101e-07
1372       7.88585e-07
1373       7.75931e-07
1374       7.61765e-07
1375       7.53685e-07
1376       7.55871e-07
1377       8.28339e-07
1378       1.22675e-06
1379       1.56432e-06
1380       1.60372e-06
1381       1.5552e-06
1382       1.20604e-06
1383       8.06052e-07
1384       7.08514e-07
1385       7.26896e-07
1386       7.47117e-07
1387       7.82897e-07
1388       8.10344e-07
1389       8.22833e-07
1390       8.1782e-07
1391       7.59971e-07
1392       7.28631e-07
1393       7.36225e-07
1394       7.70693e-07
1395       8.06802e-07
1396       8.44058e-07
1397       8.62125e-07
1398       8.29449e-07
1399       8.04249e-07
1400       8.13959e-07
1401       8.35595e-07
1402       8.52746e-07
1403       8.40479e-07
1404       8.34222e-07
1405       8.46466e-07
1406       8.57236e-07
1407       8.40677e-07
1408       8.22881e-07
1409       7.98347e-07
1410       7.75617e-07
1411       7.56113e-07
1412       7.40012e-07
1413       7.32054e-07
1414       7.30002e-07
1415       7.39241e-07
1416       7.50339e-07
1417       8.34356e-07
1418       9.09917e-07
1419       9.21483e-07
1420       9.09185e-07
1421       8.15526e-07
1422       7.74522e-07
1423       8.27353e-07
1424       8.41061e-07
1425       8.17165e-07
1426       7.75787e-07
1427       7.50145e-07
1428       7.67165e-07
1429       7.98514e-07
1430       8.20702e-07
1431       8.45452e-07
1432       8.45484e-07
1433       8.60905e-07
1434       8.67071e-07
1435       8.35586e-07
1436       7.98211e-07
1437       8.31624e-07
1438       1.0342e-06
1439       1.23967e-06
1440       1.2163e-06
1441       1.1678e-06
1442       9.88592e-07
1443       7.97701e-07
1444       7.66229e-07
1445       7.7203e-07
1446       7.68126e-07
1447       7.41169e-07
1448       7.14695e-07
1449       7.32043e-07
1450       7.65843e-07
1451       8.09838e-07
1452       8.37305e-07
1453       8.39485e-07
1454       7.93971e-07
1455       7.60317e-07
1456       7.66968e-07
1457       8.23509e-07
1458       8.47316e-07
1459       8.41439e-07
1460       7.70855e-07
1461       7.11774e-07
1462       7.41797e-07
1463       7.8052e-07
1464       7.84756e-07
1465       7.29776e-07
1466       6.80355e-07
1467       6.66787e-07
1468       6.65919e-07
1469       6.6247e-07
1470       6.93941e-07
1471       7.5715e-07
1472       7.91444e-07
1473       7.8565e-07
1474       7.74139e-07
1475       7.66764e-07
1476       7.94974e-07
1477       8.30963e-07
1478       8.4057e-07
1479       7.79608e-07
1480       7.19245e-07
1481       7.32314e-07
1482       7.85735e-07
1483       7.97405e-07
1484       7.95654e-07
1485       7.89423e-07
1486       7.56043e-07
1487       7.39066e-07
1488       7.10436e-07
1489       7.01313e-07
1490       7.13973e-07
1491       7.54804e-07
1492       8.04723e-07
1493       8.54757e-07
1494       8.82423e-07
1495       8.98275e-07
1496       9.54667e-07
1497       1.01128e-06
1498       1.19301e-06
1499       1.41625e-06
1500       1.36366e-06
1501       1.27061e-06
1502       1.04294e-06
1503       7.92826e-07
1504       7.59441e-07
1505       7.89823e-07
1506       8.45697e-07
1507       8.64456e-07
1508       8.0607e-07
1509       7.33646e-07
1510       7.239e-07 
1511       7.37578e-07
1512       7.44119e-07
1513       7.74069e-07
1514       7.61974e-07
1515       7.33909e-07
1516       7.47049e-07
1517       7.76258e-07
1518       7.70801e-07
1519       7.47699e-07
1520       7.72063e-07
1521       8.23826e-07
1522       8.38486e-07
1523       8.18096e-07
1524       8.01662e-07
1525       7.73179e-07
1526       7.54343e-07
1527       7.34521e-07
1528       6.86972e-07
1529       6.77956e-07
1530       7.07126e-07
1531       7.61649e-07
1532       8.0135e-07
1533       7.70042e-07
1534       7.02618e-07
1535       6.84883e-07
1536       7.35495e-07
1537       7.82494e-07
1538       8.26024e-07
1539       8.63882e-07
1540       8.44633e-07
1541       7.86812e-07
1542       7.64017e-07
1543       7.76602e-07
1544       7.88978e-07
1545       7.95446e-07
1546       7.93734e-07
1547       7.93093e-07
1548       7.92393e-07
1549       8.18014e-07
1550       8.49962e-07
1551       8.60516e-07
1552       8.60684e-07
1553       8.50896e-07
1554       8.4758e-07
1555       8.54183e-07
1556       8.48604e-07
1557       8.32955e-07
1558       9.83615e-07
1559       1.22156e-06
1560       1.27785e-06
1561       1.29171e-06
1562       1.05627e-06
1563       7.51334e-07
1564       7.34137e-07
1565       8.3344e-07
1566       9.11877e-07
1567       9.09422e-07
1568       8.8112e-07
1569       8.6733e-07
1570       8.19032e-07
1571       7.65654e-07
1572       7.5631e-07
1573       7.44939e-07
1574       7.29484e-07
1575       7.92413e-07
1576       8.63295e-07
1577       8.89792e-07
1578       9.21351e-07
1579       8.9639e-07
1580       8.87806e-07
1581       8.61726e-07
1582       7.96222e-07
1583       7.6249e-07
1584       7.83244e-07
1585       8.28121e-07
1586       8.62408e-07
1587       8.79977e-07
1588       8.61037e-07
1589       8.38579e-07
1590       8.37719e-07
1591       8.23029e-07
1592       7.80153e-07
1593       7.19483e-07
1594       7.05331e-07
1595       7.23068e-07
1596       7.29613e-07
1597       7.16395e-07
1598       7.16317e-07
1599       7.2302e-07
1600       7.27493e-07
