# Freq.    Mag.
0          8.5842e-06
64         8.09203e-06
128        6.25183e-06
192        3.63953e-06
256        2.12869e-06
320        1.74499e-06
384        1.71025e-06
448        1.68844e-06
512        1.5362e-06
576        1.38751e-06
640        1.20022e-06
704        1.03397e-06
768        9.56156e-07
832        9.13398e-07
896        9.20046e-07
960        8.87033e-07
1024       8.42382e-07
1088       8.21732e-07
1152       8.02259e-07
1216       7.96231e-07
1280       8.27074e-07
1344       8.71638e-07
1408       8.66212e-07
1472       8.52902e-07
1536       8.24195e-07
1600       8.00108e-07
1664       8.23418e-07
1728       8.47806e-07
1792       8.84772e-07
1856       8.80985e-07
1920       8.34261e-07
1984       7.9819e-07
2048       7.77184e-07
2112       7.73567e-07
2176       7.91255e-07
2240       8.2717e-07
2304       8.61687e-07
2368       8.45962e-07
2432       7.83234e-07
2496       7.28333e-07
2560       6.98172e-07
2624       6.9826e-07
2688       7.51049e-07
2752       7.52388e-07
2816       7.06671e-07
2880       6.62173e-07
2944       6.40507e-07
3008       6.77512e-07
3072       6.99551e-07
3136       7.12597e-07
3200       7.45882e-07
3264       7.47696e-07
3328       7.25804e-07
3392       7.64802e-07
3456       8.51816e-07
3520       8.85274e-07
3584       8.59355e-07
3648       8.0274e-07
3712       7.64511e-07
3776       7.65851e-07
3840       7.99269e-07
3904       7.91597e-07
3968       7.55681e-07
4032       7.57858e-07
4096       7.93314e-07
4160       8.19965e-07
4224       8.27297e-07
4288       7.79564e-07
4352       7.25219e-07
4416       7.41291e-07
4480       7.8183e-07
4544       8.16601e-07
4608       8.12973e-07
4672       7.74397e-07
4736       7.83766e-07
4800       8.15817e-07
4864       8.01133e-07
4928       7.82596e-07
4992       7.6216e-07
5056       7.23851e-07
5120       7.3556e-07
5184       7.65625e-07
5248       7.46481e-07
5312       7.15552e-07
5376       6.84573e-07
5440       6.87211e-07
5504       7.51911e-07
5568       7.81162e-07
5632       7.63457e-07
5696       7.4191e-07
5760       7.1875e-07
5824       7.22303e-07
5888       7.4348e-07
5952       7.6191e-07
6016       7.57815e-07
6080       7.55792e-07
6144       7.63975e-07
6208       7.81657e-07
6272       8.01373e-07
6336       7.80545e-07
6400       7.20106e-07
6464       6.71997e-07
6528       6.86676e-07
6592       7.25204e-07
6656       7.3386e-07
6720       7.401e-07 
6784       7.41602e-07
6848       7.63349e-07
6912       8.07208e-07
6976       7.99626e-07
7040       7.73592e-07
7104       7.38748e-07
7168       7.34201e-07
7232       7.65872e-07
7296       7.86397e-07
7360       7.8501e-07
7424       7.98215e-07
7488       8.13969e-07
7552       8.03367e-07
7616       7.8129e-07
7680       7.69276e-07
7744       7.32699e-07
7808       7.18848e-07
7872       7.29821e-07
7936       7.43477e-07
8000       7.83504e-07
8064       8.34516e-07
8128       8.38564e-07
8192       8.09462e-07
8256       7.80036e-07
8320       7.6247e-07
8384       7.53821e-07
8448       7.22666e-07
8512       7.11181e-07
8576       7.47668e-07
8640       8.05477e-07
8704       8.43869e-07
8768       8.44328e-07
8832       8.25604e-07
8896       7.94463e-07
8960       7.3709e-07
9024       7.03685e-07
9088       7.3602e-07
9152       7.91989e-07
9216       8.10201e-07
9280       8.24585e-07
9344       8.45586e-07
9408       8.40915e-07
9472       8.05108e-07
9536       7.83666e-07
9600       7.90441e-07
9664       8.35884e-07
9728       8.57635e-07
9792       8.15346e-07
9856       7.86366e-07
9920       7.76314e-07
9984       7.99927e-07
10048      7.75368e-07
10112      7.40782e-07
10176      7.37773e-07
10240      7.11926e-07
10304      7.01644e-07
10368      6.95042e-07
10432      7.23312e-07
10496      7.83016e-07
10560      8.21577e-07
10624      8.07621e-07
10688      7.68383e-07
10752      7.50618e-07
10816      7.62053e-07
10880      7.71899e-07
10944      7.7191e-07
11008      7.86393e-07
11072      7.84223e-07
11136      7.60249e-07
11200      7.34233e-07
11264      6.98939e-07
11328      7.0645e-07
11392      7.26806e-07
11456      7.40941e-07
11520      7.5178e-07
11584      7.53145e-07
11648      7.53558e-07
11712      7.5076e-07
11776      7.30894e-07
11840      7.22164e-07
11904      7.29997e-07
11968      7.8552e-07
12032      8.49937e-07
12096      8.66186e-07
12160      8.70084e-07
12224      8.59844e-07
12288      8.37302e-07
12352      8.32314e-07
12416      8.14456e-07
12480      7.61783e-07
12544      7.26714e-07
12608      7.36132e-07
12672      7.52943e-07
12736      7.4409e-07
12800      7.50176e-07
12864      7.72337e-07
12928      7.56824e-07
12992      7.41455e-07
13056      7.32492e-07
13120      7.48193e-07
13184      7.73078e-07
13248      8.03478e-07
13312      8.45395e-07
13376      8.50428e-07
13440      7.88996e-07
13504      7.28088e-07
13568      7.17292e-07
13632      7.5613e-07
13696      8.09091e-07
13760      8.25811e-07
13824      8.50935e-07
13888      8.59651e-07
13952      8.5739e-07
14016      8.55117e-07
14080      8.2779e-07
14144      7.96617e-07
14208      7.62166e-07
14272      7.23734e-07
14336      7.3043e-07
14400      7.61757e-07
14464      7.85073e-07
14528      7.77631e-07
14592      7.28684e-07
14656      7.13364e-07
14720      7.55535e-07
14784      7.5988e-07
14848      7.1329e-07
14912      6.93979e-07
14976      6.91234e-07
15040      7.14256e-07
15104      7.71113e-07
15168      8.04089e-07
15232      8.20903e-07
15296      8.61974e-07
15360      8.67549e-07
15424      8.15163e-07
15488      7.74792e-07
15552      7.12698e-07
15616      7.1047e-07
15680      7.69807e-07
15744      7.93091e-07
15808      7.86873e-07
15872      7.72344e-07
15936      7.412e-07 
16000      7.15281e-07
16064      6.96433e-07
16128      7.14999e-07
16192      7.63217e-07
16256      7.77193e-07
16320      7.81519e-07
16384      7.76055e-07
16448      7.67461e-07
16512      7.79619e-07
16576      8.08933e-07
16640      8.39034e-07
16704      8.24192e-07
16768      7.60179e-07
16832      7.18029e-07
16896      6.97157e-07
16960      7.01153e-07
17024      7.24317e-07
17088      7.65907e-07
17152      8.05448e-07
17216      8.18332e-07
17280      8.28969e-07
17344      8.52098e-07
17408      8.54264e-07
17472      8.05312e-07
17536      7.55717e-07
17600      7.22075e-07
17664      7.04995e-07
17728      7.44548e-07
17792      7.88605e-07
17856      8.15358e-07
17920      8.37238e-07
17984      8.29965e-07
18048      8.04092e-07
18112      7.66424e-07
18176      7.35324e-07
18240      7.30188e-07
18304      7.74328e-07
18368      7.73744e-07
18432      7.39899e-07
18496      7.19275e-07
18560      7.20254e-07
18624      7.68447e-07
18688      8.08144e-07
18752      7.6338e-07
18816      7.45559e-07
18880      8.00023e-07
18944      8.34958e-07
19008      8.21605e-07
19072      8.20186e-07
19136      8.1641e-07
19200      7.74545e-07
19264      7.16055e-07
19328      6.78343e-07
19392      6.89232e-07
19456      7.01138e-07
19520      7.44906e-07
19584      8.06226e-07
19648      7.90212e-07
19712      7.44205e-07
19776      7.19563e-07
19840      7.14225e-07
19904      7.45273e-07
19968      7.6347e-07
20032      7.81186e-07
20096      8.07082e-07
20160      8.05602e-07
20224      7.78632e-07
20288      7.47293e-07
20352      7.27595e-07
20416      7.46961e-07
20480      7.82435e-07
20544      7.95561e-07
20608      7.53384e-07
20672      6.90844e-07
20736      6.58839e-07
20800      6.52467e-07
20864      7.01225e-07
20928      7.39633e-07
20992      8.02686e-07
21056      8.47322e-07
21120      7.92629e-07
21184      7.27453e-07
21248      7.07735e-07
21312      7.3155e-07
21376      7.57934e-07
21440      7.88229e-07
21504      8.0832e-07
21568      7.95525e-07
21632      7.42266e-07
21696      7.06186e-07
21760      7.47372e-07
21824      8.49289e-07
21888      9.01591e-07
21952      8.91504e-07
22016      8.52381e-07
22080      8.04545e-07
22144      7.4962e-07
22208      6.85075e-07
22272      6.83516e-07
22336      7.55289e-07
22400      8.33756e-07
22464      8.23875e-07
22528      7.85689e-07
22592      7.59261e-07
22656      7.12039e-07
22720      6.94232e-07
22784      6.87276e-07
22848      6.83919e-07
22912      7.41929e-07
22976      8.26468e-07
23040      8.76055e-07
23104      8.77828e-07
23168      8.12786e-07
23232      7.5434e-07
23296      7.64453e-07
23360      7.86984e-07
23424      7.812e-07 
23488      7.66273e-07
23552      7.37992e-07
23616      7.09439e-07
23680      7.29327e-07
23744      7.45842e-07
23808      7.696e-07 
23872      7.91704e-07
23936      7.63148e-07
24000      7.16679e-07
24064      6.97565e-07
24128      6.81591e-07
24192      6.94194e-07
24256      7.41948e-07
24320      7.71377e-07
24384      7.37283e-07
24448      7.18793e-07
24512      7.46171e-07
24576      7.52686e-07
24640      7.4346e-07
24704      7.36121e-07
24768      7.20798e-07
24832      7.15788e-07
24896      7.14875e-07
24960      6.94529e-07
25024      7.057e-07 
25088      7.00871e-07
25152      6.89886e-07
25216      7.31366e-07
25280      7.79822e-07
25344      7.86118e-07
25408      7.40278e-07
25472      6.83464e-07
25536      6.75011e-07
25600      7.13331e-07
25664      7.52219e-07
25728      7.53878e-07
25792      7.55837e-07
25856      7.94366e-07
25920      8.48788e-07
25984      8.66814e-07
26048      8.5815e-07
26112      8.30773e-07
26176      8.02394e-07
26240      8.35998e-07
26304      8.43777e-07
26368      8.49304e-07
26432      8.48486e-07
26496      8.14551e-07
26560      8.10105e-07
26624      8.07096e-07
26688      8.00456e-07
26752      7.63182e-07
26816      7.32528e-07
26880      7.44468e-07
26944      7.65783e-07
27008      7.46612e-07
27072      7.34773e-07
27136      7.58951e-07
27200      7.92314e-07
27264      7.89107e-07
27328      7.48804e-07
27392      7.06048e-07
27456      6.93182e-07
27520      7.05794e-07
27584      7.00108e-07
27648      6.64574e-07
27712      6.69013e-07
27776      7.03869e-07
27840      7.12908e-07
27904      6.7843e-07
27968      6.85507e-07
28032      7.16516e-07
28096      7.56487e-07
28160      7.95295e-07
28224      7.8903e-07
28288      7.77739e-07
28352      7.54569e-07
28416      7.13362e-07
28480      7.09391e-07
28544      7.15942e-07
28608      7.42492e-07
28672      7.74838e-07
28736      7.80558e-07
28800      7.79309e-07
28864      7.65198e-07
28928      7.41337e-07
28992      7.16114e-07
29056      6.89978e-07
29120      6.96641e-07
29184      7.27929e-07
29248      7.54976e-07
29312      8.17729e-07
29376      8.62558e-07
29440      8.59074e-07
29504      8.24148e-07
29568      7.88123e-07
29632      7.61751e-07
29696      7.66041e-07
29760      7.90714e-07
29824      8.17781e-07
29888      7.76134e-07
29952      7.05766e-07
30016      7.05444e-07
30080      7.65353e-07
30144      8.25589e-07
30208      8.29101e-07
30272      7.92115e-07
30336      7.57345e-07
30400      7.76184e-07
30464      8.02857e-07
30528      7.94407e-07
30592      7.7522e-07
30656      7.65935e-07
30720      7.34484e-07
30784      7.34565e-07
30848      7.4546e-07
30912      7.20903e-07
30976      7.13385e-07
31040      7.37814e-07
31104      7.8893e-07
31168      8.55749e-07
31232      8.75422e-07
31296      8.60771e-07
31360      9.0625e-07
31424      1.01676e-06
31488      1.08342e-06
31552      1.10384e-06
31616      1.14147e-06
31680      1.59354e-06
31744      3.59403e-06
31808      6.70495e-06
31872      8.74898e-06
31936      9.18693e-06
32000      8.36279e-06
32064      5.76393e-06
32128      2.72029e-06
32192      1.49161e-06
32256      1.35495e-06
32320      1.26445e-06
32384      1.13617e-06
32448      9.90248e-07
32512      8.6036e-07
32576      7.76638e-07
32640      7.02359e-07
32704      6.93581e-07
32768      7.74498e-07
32832      8.15024e-07
32896      8.33018e-07
32960      8.05893e-07
33024      7.75804e-07
33088      7.71169e-07
33152      7.83293e-07
33216      8.07441e-07
33280      8.10644e-07
33344      8.16755e-07
33408      8.18982e-07
33472      8.06061e-07
33536      7.80619e-07
33600      7.46251e-07
33664      7.36625e-07
33728      7.3773e-07
33792      7.59625e-07
33856      7.58636e-07
33920      7.43099e-07
33984      7.251e-07 
34048      7.08574e-07
34112      6.99781e-07
34176      7.15368e-07
34240      7.62486e-07
34304      8.19776e-07
34368      8.47626e-07
34432      8.50803e-07
34496      8.00099e-07
34560      7.39745e-07
34624      7.24814e-07
34688      7.65734e-07
34752      7.76635e-07
34816      7.39879e-07
34880      7.15701e-07
34944      7.01604e-07
35008      7.33955e-07
35072      7.43574e-07
35136      7.49096e-07
35200      7.65322e-07
35264      7.6031e-07
35328      7.3664e-07
35392      7.0493e-07
35456      6.96242e-07
35520      6.85509e-07
35584      6.63865e-07
35648      6.51003e-07
35712      6.80751e-07
35776      7.36792e-07
35840      7.80745e-07
35904      7.71376e-07
35968      7.05364e-07
36032      6.55256e-07
36096      6.3418e-07
36160      6.50175e-07
36224      6.82657e-07
36288      7.27686e-07
36352      8.07897e-07
36416      8.46317e-07
36480      8.3564e-07
36544      7.98646e-07
36608      7.29285e-07
36672      6.95816e-07
36736      7.13075e-07
36800      7.50849e-07
36864      7.76602e-07
36928      7.71406e-07
36992      7.33818e-07
37056      6.84361e-07
37120      6.73756e-07
37184      6.7576e-07
37248      7.01283e-07
37312      7.29582e-07
37376      7.26939e-07
37440      7.10179e-07
37504      7.03114e-07
37568      7.30638e-07
37632      7.4431e-07
37696      7.47784e-07
37760      7.19908e-07
37824      6.76938e-07
37888      6.42894e-07
37952      6.48078e-07
38016      6.96167e-07
38080      7.21752e-07
38144      7.04576e-07
38208      7.00309e-07
38272      7.04858e-07
38336      6.82873e-07
38400      6.71328e-07
38464      6.64735e-07
38528      6.71648e-07
38592      6.87704e-07
38656      6.75465e-07
38720      6.66635e-07
38784      6.72473e-07
38848      6.77589e-07
38912      6.75175e-07
38976      6.74503e-07
39040      7.06313e-07
39104      7.14055e-07
39168      7.0225e-07
39232      7.00982e-07
39296      7.01186e-07
39360      7.10599e-07
39424      7.30932e-07
39488      7.46302e-07
39552      7.52649e-07
39616      7.45369e-07
39680      7.46288e-07
39744      7.36841e-07
39808      7.39101e-07
39872      7.69027e-07
39936      7.89263e-07
40000      7.55444e-07
40064      7.1742e-07
40128      7.16306e-07
40192      7.12154e-07
40256      7.12899e-07
40320      7.06739e-07
40384      6.98074e-07
40448      6.92069e-07
40512      6.707e-07 
40576      6.76904e-07
40640      7.26037e-07
40704      7.6788e-07
40768      7.54861e-07
40832      7.22952e-07
40896      7.2197e-07
40960      7.3824e-07
41024      7.12886e-07
41088      6.60478e-07
41152      6.13989e-07
41216      6.35144e-07
41280      6.82027e-07
41344      7.1969e-07
41408      7.59365e-07
41472      7.98811e-07
41536      7.96923e-07
41600      7.50891e-07
41664      7.23759e-07
41728      7.14363e-07
41792      6.85295e-07
41856      6.8215e-07
41920      6.82265e-07
41984      7.05067e-07
42048      7.24062e-07
42112      6.98516e-07
42176      6.89069e-07
42240      6.69264e-07
42304      6.98791e-07
42368      7.6165e-07
42432      7.49415e-07
42496      7.0068e-07
42560      6.7789e-07
42624      6.79026e-07
42688      6.8371e-07
42752      6.6286e-07
42816      6.5371e-07
42880      6.89289e-07
42944      7.34856e-07
43008      7.54971e-07
43072      7.93281e-07
43136      7.88821e-07
43200      7.82074e-07
43264      7.87461e-07
43328      8.19894e-07
43392      7.97536e-07
43456      7.43729e-07
43520      7.222e-07 
43584      7.13912e-07
43648      7.15462e-07
43712      7.22032e-07
43776      7.11488e-07
43840      7.07264e-07
43904      7.16124e-07
43968      6.92713e-07
44032      6.34914e-07
44096      6.14955e-07
44160      6.17843e-07
44224      6.58838e-07
44288      7.18631e-07
44352      7.26032e-07
44416      7.01172e-07
44480      7.1108e-07
44544      7.2481e-07
44608      7.33717e-07
44672      7.35657e-07
44736      7.17198e-07
44800      7.05568e-07
44864      7.11007e-07
44928      7.05105e-07
44992      6.88557e-07
45056      6.80765e-07
45120      6.77287e-07
45184      6.83703e-07
45248      6.79815e-07
45312      6.65308e-07
45376      6.97043e-07
45440      7.25254e-07
45504      7.28763e-07
45568      7.13885e-07
45632      6.93362e-07
45696      7.02824e-07
45760      7.13464e-07
45824      6.73302e-07
45888      6.38037e-07
45952      6.40174e-07
46016      6.74152e-07
46080      7.01376e-07
46144      7.01924e-07
46208      6.93113e-07
46272      6.7268e-07
46336      6.63575e-07
46400      6.53777e-07
46464      6.35921e-07
46528      6.24976e-07
46592      6.20237e-07
46656      6.45259e-07
46720      6.9257e-07
46784      7.15498e-07
46848      7.18072e-07
46912      7.42189e-07
46976      7.73025e-07
47040      7.68892e-07
47104      7.07232e-07
47168      6.3675e-07
47232      6.01204e-07
47296      6.08939e-07
47360      6.35893e-07
47424      6.66066e-07
47488      6.66916e-07
47552      6.78679e-07
47616      7.01336e-07
47680      6.77429e-07
47744      6.56322e-07
47808      6.68601e-07
47872      6.94621e-07
47936      6.88528e-07
48000      6.67315e-07
48064      6.80839e-07
48128      6.89483e-07
48192      6.84287e-07
48256      6.77291e-07
48320      6.92855e-07
48384      6.9735e-07
48448      7.05502e-07
48512      7.26633e-07
48576      7.06877e-07
48640      6.76732e-07
48704      6.37838e-07
48768      5.8311e-07
48832      6.03466e-07
48896      6.57446e-07
48960      7.02048e-07
49024      7.48962e-07
49088      7.51808e-07
49152      6.97796e-07
49216      6.69818e-07
49280      6.78753e-07
49344      7.05697e-07
49408      7.31088e-07
49472      7.23445e-07
49536      6.8817e-07
49600      6.45274e-07
49664      6.40322e-07
49728      6.54265e-07
49792      6.75152e-07
49856      6.55937e-07
49920      6.46718e-07
49984      6.64901e-07
50048      6.79263e-07
50112      7.17143e-07
50176      7.29118e-07
50240      6.92578e-07
50304      6.57362e-07
50368      6.45021e-07
50432      6.57655e-07
50496      6.89012e-07
50560      7.16965e-07
50624      7.54928e-07
50688      7.76219e-07
50752      7.65797e-07
50816      7.80618e-07
50880      7.94793e-07
50944      7.72975e-07
51008      7.19118e-07
51072      6.47251e-07
51136      6.09533e-07
51200      6.23964e-07
51264      6.55385e-07
51328      6.9297e-07
51392      7.15762e-07
51456      7.20728e-07
51520      6.98294e-07
51584      6.75746e-07
51648      6.85596e-07
51712      7.01984e-07
51776      6.90325e-07
51840      7.02307e-07
51904      7.20972e-07
51968      7.28981e-07
52032      7.25668e-07
52096      6.94317e-07
52160      6.77886e-07
52224      6.50524e-07
52288      6.18918e-07
52352      6.35573e-07
52416      6.90689e-07
52480      7.39673e-07
52544      7.61164e-07
52608      7.54927e-07
52672      7.13781e-07
52736      6.76958e-07
52800      6.76962e-07
52864      6.88793e-07
52928      6.94782e-07
52992      6.83183e-07
53056      6.73529e-07
53120      6.72473e-07
53184      6.75206e-07
53248      6.60333e-07
53312      6.38887e-07
53376      6.44889e-07
53440      6.76445e-07
53504      6.85548e-07
53568      6.695e-07 
53632      6.45667e-07
53696      6.41799e-07
53760      6.56542e-07
53824      6.74541e-07
53888      6.94351e-07
53952      6.78771e-07
54016      6.29475e-07
54080      6.04277e-07
54144      6.25241e-07
54208      6.8385e-07
54272      7.09137e-07
54336      6.92761e-07
54400      7.01436e-07
54464      7.31646e-07
54528      7.34673e-07
54592      7.15915e-07
54656      6.78703e-07
54720      6.55925e-07
54784      6.54069e-07
54848      6.51882e-07
54912      6.66972e-07
54976      6.82587e-07
55040      6.95827e-07
55104      7.08683e-07
55168      6.9112e-07
55232      6.89747e-07
55296      6.94735e-07
55360      6.99402e-07
55424      6.98017e-07
55488      6.5841e-07
55552      6.27997e-07
55616      6.47235e-07
55680      6.6545e-07
55744      6.72183e-07
55808      7.00636e-07
55872      7.0841e-07
55936      6.64547e-07
56000      6.1697e-07
56064      5.78487e-07
56128      5.76924e-07
56192      6.01017e-07
56256      6.35168e-07
56320      6.73985e-07
56384      7.08348e-07
56448      7.35655e-07
56512      7.57925e-07
56576      7.48505e-07
56640      7.02721e-07
56704      6.63548e-07
56768      6.57557e-07
56832      6.61838e-07
56896      6.60933e-07
56960      6.57353e-07
57024      6.43638e-07
57088      6.4217e-07
57152      6.51875e-07
57216      6.59576e-07
57280      6.56881e-07
57344      6.24377e-07
57408      5.79711e-07
57472      5.91849e-07
57536      6.09057e-07
57600      5.95717e-07
57664      6.06144e-07
57728      6.35068e-07
57792      6.66144e-07
57856      6.65879e-07
57920      6.42216e-07
57984      6.31884e-07
58048      6.62466e-07
58112      7.01112e-07
58176      7.13932e-07
58240      7.02331e-07
58304      6.80446e-07
58368      6.70305e-07
58432      6.65301e-07
58496      7.02637e-07
58560      7.20898e-07
58624      7.24362e-07
58688      7.24784e-07
58752      6.95077e-07
58816      6.90258e-07
58880      7.08988e-07
58944      6.93557e-07
59008      6.4903e-07
59072      6.37642e-07
59136      6.30504e-07
59200      6.29648e-07
59264      6.49385e-07
59328      6.63484e-07
59392      6.45344e-07
59456      6.50829e-07
59520      6.70424e-07
59584      6.82664e-07
59648      6.88643e-07
59712      6.863e-07 
59776      6.69903e-07
59840      6.46384e-07
59904      6.31094e-07
59968      6.23697e-07
60032      6.2952e-07
60096      6.17126e-07
60160      5.68564e-07
60224      5.62222e-07
60288      5.75839e-07
60352      5.89128e-07
60416      5.95963e-07
60480      6.32353e-07
60544      7.16548e-07
60608      7.55947e-07
60672      7.66762e-07
60736      7.61841e-07
60800      7.10656e-07
60864      6.39709e-07
60928      6.00091e-07
60992      6.11025e-07
61056      6.47589e-07
61120      6.82696e-07
61184      7.11467e-07
61248      7.17229e-07
61312      7.32675e-07
61376      7.31325e-07
61440      7.06637e-07
61504      6.75132e-07
61568      6.55357e-07
61632      6.57533e-07
61696      6.50583e-07
61760      6.38553e-07
61824      6.49238e-07
61888      7.05106e-07
61952      7.4462e-07
62016      7.05427e-07
62080      6.52403e-07
62144      6.20319e-07
62208      6.18081e-07
62272      6.41471e-07
62336      6.97188e-07
62400      7.3337e-07
62464      7.27857e-07
62528      6.96448e-07
62592      6.91546e-07
62656      7.22101e-07
62720      7.60992e-07
62784      7.4862e-07
62848      7.21446e-07
62912      7.19435e-07
62976      7.58331e-07
63040      7.66435e-07
63104      7.35531e-07
63168      7.13166e-07
63232      7.04165e-07
63296      7.46604e-07
63360      8.09043e-07
63424      8.30185e-07
63488      7.9025e-07
63552      7.4563e-07
63616      1.06782e-06
63680      2.93583e-06
63744      5.93192e-06
63808      7.54632e-06
63872      7.654e-06 
63936      6.8091e-06
64000      4.14152e-06
64064      1.54807e-06
64128      9.5409e-07
64192      9.80453e-07
64256      1.0079e-06
64320      1.00161e-06
64384      9.09369e-07
64448      7.96324e-07
64512      7.11688e-07
64576      6.56113e-07
64640      6.30648e-07
64704      6.03896e-07
64768      6.13874e-07
64832      6.37151e-07
64896      6.59539e-07
64960      6.78086e-07
65024      6.82839e-07
65088      6.87193e-07
65152      6.78045e-07
65216      6.42351e-07
65280      6.26311e-07
65344      6.34917e-07
65408      6.21462e-07
65472      6.07577e-07
65536      6.08643e-07
65600      6.19362e-07
65664      6.28212e-07
65728      6.35949e-07
65792      6.63115e-07
65856      6.71516e-07
65920      6.46629e-07
65984      6.03283e-07
66048      6.21167e-07
66112      6.51396e-07
66176      6.67934e-07
66240      6.78059e-07
66304      6.42042e-07
66368      6.16579e-07
66432      6.03309e-07
66496      6.10032e-07
66560      6.24735e-07
66624      5.99953e-07
66688      5.76177e-07
66752      5.67763e-07
66816      5.9159e-07
66880      6.08744e-07
66944      6.1568e-07
67008      6.31821e-07
67072      6.23883e-07
67136      5.9271e-07
67200      5.86991e-07
67264      6.22944e-07
67328      6.70674e-07
67392      6.8544e-07
67456      6.55099e-07
67520      6.02671e-07
67584      5.58782e-07
67648      5.47822e-07
67712      5.57586e-07
67776      5.57193e-07
67840      5.85936e-07
67904      6.19957e-07
67968      6.22376e-07
68032      6.22641e-07
68096      6.19502e-07
68160      5.99732e-07
68224      6.04177e-07
68288      6.3293e-07
68352      6.57383e-07
68416      6.52178e-07
68480      6.4243e-07
68544      6.36105e-07
68608      6.15738e-07
68672      6.06918e-07
68736      6.34803e-07
68800      6.79114e-07
68864      6.66202e-07
68928      6.27789e-07
68992      6.25982e-07
69056      6.24506e-07
69120      6.18727e-07
69184      6.40611e-07
69248      6.81551e-07
69312      7.13696e-07
69376      7.10113e-07
69440      6.58009e-07
69504      6.1226e-07
69568      5.95175e-07
69632      6.08562e-07
69696      6.50606e-07
69760      6.73781e-07
69824      6.53302e-07
69888      6.38229e-07
69952      6.17518e-07
70016      5.97804e-07
70080      5.85898e-07
70144      5.85229e-07
70208      6.27857e-07
70272      6.6437e-07
70336      6.82609e-07
70400      6.53574e-07
70464      6.21511e-07
70528      6.07334e-07
70592      5.89725e-07
70656      5.83474e-07
70720      5.54869e-07
70784      5.49103e-07
70848      5.48296e-07
70912      5.41612e-07
70976      5.49887e-07
71040      5.70182e-07
71104      5.91665e-07
71168      5.95569e-07
71232      5.89917e-07
71296      6.13936e-07
71360      6.25882e-07
71424      6.08792e-07
71488      5.88893e-07
71552      5.75307e-07
71616      5.96737e-07
71680      6.23471e-07
71744      6.19904e-07
71808      6.05294e-07
71872      6.07036e-07
71936      6.00197e-07
72000      6.06789e-07
72064      6.25333e-07
72128      6.49771e-07
72192      6.64512e-07
72256      6.69516e-07
72320      6.41918e-07
72384      6.05687e-07
72448      6.07497e-07
72512      6.2549e-07
72576      6.46756e-07
72640      6.60214e-07
72704      6.66642e-07
72768      6.71225e-07
72832      6.77692e-07
72896      6.88345e-07
72960      6.94946e-07
73024      7.07243e-07
73088      6.94028e-07
73152      6.81421e-07
73216      6.82006e-07
73280      6.94131e-07
73344      6.71757e-07
73408      6.22896e-07
73472      6.02027e-07
73536      6.06978e-07
73600      6.08568e-07
73664      6.35548e-07
73728      6.62864e-07
73792      6.62594e-07
73856      6.47272e-07
73920      6.32652e-07
73984      6.50102e-07
74048      6.62547e-07
74112      6.43625e-07
74176      5.93907e-07
74240      5.68629e-07
74304      5.82833e-07
74368      5.88936e-07
74432      5.63681e-07
74496      5.38495e-07
74560      5.5214e-07
74624      5.5946e-07
74688      5.74985e-07
74752      5.87684e-07
74816      5.86225e-07
74880      5.58626e-07
74944      5.38859e-07
75008      5.58857e-07
75072      6.09493e-07
75136      6.36986e-07
75200      6.31251e-07
75264      6.4918e-07
75328      6.39604e-07
75392      6.02831e-07
75456      6.07846e-07
75520      6.11259e-07
75584      6.07712e-07
75648      5.93595e-07
75712      5.66391e-07
75776      5.26024e-07
75840      5.36328e-07
75904      5.89127e-07
75968      6.196e-07 
76032      6.24556e-07
76096      6.45573e-07
76160      6.49322e-07
76224      6.34487e-07
76288      6.24588e-07
76352      6.14166e-07
76416      5.75804e-07
76480      5.4285e-07
76544      5.29455e-07
76608      5.22626e-07
76672      5.61357e-07
76736      6.0155e-07
76800      6.01274e-07
76864      6.28637e-07
76928      7.99588e-07
76992      8.91384e-07
77056      8.9435e-07
77120      8.27951e-07
77184      6.72419e-07
77248      6.36038e-07
77312      6.61782e-07
77376      6.79958e-07
77440      6.78038e-07
77504      6.72792e-07
77568      6.57086e-07
77632      6.39036e-07
77696      6.29859e-07
77760      6.26765e-07
77824      6.1046e-07
77888      5.86427e-07
77952      5.61946e-07
78016      5.65121e-07
78080      5.97361e-07
78144      6.12233e-07
78208      5.96372e-07
78272      5.44691e-07
78336      5.05918e-07
78400      5.04999e-07
78464      5.1473e-07
78528      5.16529e-07
78592      5.31446e-07
78656      5.43819e-07
78720      5.41743e-07
78784      5.47512e-07
78848      5.40603e-07
78912      5.3497e-07
78976      5.53675e-07
79040      5.61313e-07
79104      5.50493e-07
79168      5.48976e-07
79232      5.56485e-07
79296      5.67571e-07
79360      5.86889e-07
79424      5.88441e-07
79488      6.02863e-07
79552      6.21938e-07
79616      6.24731e-07
79680      6.29027e-07
79744      6.10717e-07
79808      5.90669e-07
79872      5.72393e-07
79936      5.68795e-07
80000      5.81305e-07
80064      6.10659e-07
80128      6.27254e-07
80192      6.2986e-07
80256      6.03845e-07
80320      5.71393e-07
80384      5.68178e-07
80448      6.10697e-07
80512      6.44818e-07
80576      6.47695e-07
80640      6.28814e-07
80704      6.0528e-07
80768      6.02626e-07
80832      6.19411e-07
80896      6.2644e-07
80960      6.32406e-07
81024      6.1586e-07
81088      5.88927e-07
81152      5.38156e-07
81216      5.00407e-07
81280      5.10358e-07
81344      5.53166e-07
81408      5.90605e-07
81472      5.91532e-07
81536      5.74641e-07
81600      5.72472e-07
81664      5.77196e-07
81728      5.67181e-07
81792      5.56578e-07
81856      5.77789e-07
81920      5.98453e-07
81984      6.06687e-07
82048      6.1833e-07
82112      6.1897e-07
82176      6.22509e-07
82240      6.13608e-07
82304      5.86346e-07
82368      5.67611e-07
82432      5.48709e-07
82496      5.79252e-07
82560      6.1857e-07
82624      6.22062e-07
82688      6.11308e-07
82752      6.13316e-07
82816      5.82583e-07
82880      5.52934e-07
82944      5.36592e-07
83008      5.21902e-07
83072      5.44024e-07
83136      5.86022e-07
83200      6.36733e-07
83264      6.47195e-07
83328      6.02173e-07
83392      5.87869e-07
83456      5.93975e-07
83520      5.78702e-07
83584      5.71193e-07
83648      5.88826e-07
83712      6.00057e-07
83776      5.68982e-07
83840      5.46591e-07
83904      5.64173e-07
83968      5.80854e-07
84032      5.81972e-07
84096      5.71383e-07
84160      5.79958e-07
84224      5.88464e-07
84288      5.74873e-07
84352      5.4167e-07
84416      5.14907e-07
84480      5.10708e-07
84544      5.01834e-07
84608      5.12482e-07
84672      5.38905e-07
84736      5.46856e-07
84800      5.38438e-07
84864      5.21998e-07
84928      5.1697e-07
84992      5.21308e-07
85056      5.36803e-07
85120      5.37814e-07
85184      5.27055e-07
85248      5.3749e-07
85312      5.54411e-07
85376      5.70021e-07
85440      5.70571e-07
85504      5.6706e-07
85568      5.86335e-07
85632      5.93034e-07
85696      5.6479e-07
85760      5.68847e-07
85824      5.78079e-07
85888      5.6337e-07
85952      5.56548e-07
86016      5.56202e-07
86080      5.75243e-07
86144      5.94494e-07
86208      6.14417e-07
86272      6.09223e-07
86336      5.74765e-07
86400      5.52146e-07
86464      5.68545e-07
86528      6.00339e-07
86592      6.18827e-07
86656      6.25009e-07
86720      6.04534e-07
86784      5.52379e-07
86848      5.20245e-07
86912      5.18941e-07
86976      5.46395e-07
87040      5.73173e-07
87104      5.81492e-07
87168      5.67805e-07
87232      5.5573e-07
87296      5.42117e-07
87360      5.34279e-07
87424      5.17523e-07
87488      5.13739e-07
87552      5.22253e-07
87616      5.30733e-07
87680      5.57569e-07
87744      5.73236e-07
87808      5.96884e-07
87872      6.23015e-07
87936      6.1699e-07
88000      5.77144e-07
88064      5.68376e-07
88128      5.69848e-07
88192      5.70097e-07
88256      5.99086e-07
88320      6.13202e-07
88384      6.10171e-07
88448      5.90352e-07
88512      5.81703e-07
88576      6.01734e-07
88640      6.20321e-07
88704      6.11139e-07
88768      5.7955e-07
88832      5.51592e-07
88896      5.68183e-07
88960      5.99898e-07
89024      6.36072e-07
89088      6.32222e-07
89152      6.02364e-07
89216      5.69669e-07
89280      5.38008e-07
89344      5.46802e-07
89408      5.70069e-07
89472      5.62723e-07
89536      5.37555e-07
89600      5.3583e-07
89664      5.48245e-07
89728      5.46592e-07
89792      5.54048e-07
89856      5.7045e-07
89920      5.78912e-07
89984      5.5895e-07
90048      5.52261e-07
90112      5.93542e-07
90176      6.28668e-07
90240      6.34103e-07
90304      5.75285e-07
90368      5.20886e-07
90432      5.20471e-07
90496      5.60056e-07
90560      6.05346e-07
90624      5.94925e-07
90688      5.73257e-07
90752      5.5976e-07
90816      5.66169e-07
90880      5.6765e-07
90944      5.51624e-07
91008      5.58556e-07
91072      5.90332e-07
91136      5.88664e-07
91200      5.65853e-07
91264      5.5001e-07
91328      5.57508e-07
91392      5.83833e-07
91456      5.84097e-07
91520      5.25568e-07
91584      4.5979e-07
91648      4.61522e-07
91712      5.00296e-07
91776      5.15719e-07
91840      5.07298e-07
91904      5.17762e-07
91968      5.29144e-07
92032      5.44422e-07
92096      5.62157e-07
92160      5.6957e-07
92224      5.75906e-07
92288      5.74886e-07
92352      5.82202e-07
92416      6.03328e-07
92480      6.02693e-07
92544      5.83551e-07
92608      5.39115e-07
92672      5.06781e-07
92736      5.02437e-07
92800      5.29039e-07
92864      5.42448e-07
92928      5.58535e-07
92992      5.62129e-07
93056      5.51678e-07
93120      5.44725e-07
93184      5.66359e-07
93248      6.01952e-07
93312      6.1919e-07
93376      6.05238e-07
93440      5.9518e-07
93504      5.93693e-07
93568      6.01364e-07
93632      6.07983e-07
93696      6.06367e-07
93760      6.09775e-07
93824      5.95138e-07
93888      5.88892e-07
93952      5.62839e-07
94016      5.10023e-07
94080      4.88345e-07
94144      5.0427e-07
94208      5.39776e-07
94272      5.84406e-07
94336      6.29708e-07
94400      6.54012e-07
94464      6.71159e-07
94528      6.75847e-07
94592      6.72322e-07
94656      6.57583e-07
94720      6.24938e-07
94784      5.91161e-07
94848      5.7365e-07
94912      5.74968e-07
94976      6.00076e-07
95040      6.43499e-07
95104      6.80566e-07
95168      7.05908e-07
95232      6.71938e-07
95296      6.17474e-07
95360      5.66479e-07
95424      5.51056e-07
95488      6.1189e-07
95552      9.9246e-07
95616      2.55945e-06
95680      4.79854e-06
95744      5.86686e-06
95808      5.92866e-06
95872      5.17273e-06
95936      3.05341e-06
96000      1.22459e-06
96064      8.15584e-07
96128      7.99058e-07
96192      8.03849e-07
96256      7.80581e-07
96320      7.17344e-07
96384      6.45715e-07
96448      5.87115e-07
96512      5.45964e-07
96576      5.26139e-07
96640      4.99454e-07
96704      5.1168e-07
96768      5.60253e-07
96832      6.16787e-07
96896      6.61317e-07
96960      6.71516e-07
97024      6.37052e-07
97088      5.82228e-07
97152      5.58531e-07
97216      5.60676e-07
97280      5.67171e-07
97344      5.6888e-07
97408      5.56458e-07
97472      5.66876e-07
97536      5.98642e-07
97600      6.25335e-07
97664      6.34536e-07
97728      6.04101e-07
97792      5.5898e-07
97856      5.27575e-07
97920      5.06021e-07
97984      5.19747e-07
98048      5.22153e-07
98112      5.39429e-07
98176      5.5881e-07
98240      5.45557e-07
98304      5.2102e-07
98368      5.26689e-07
98432      5.47532e-07
98496      5.51847e-07
98560      5.34546e-07
98624      4.94563e-07
98688      4.79724e-07
98752      5.10256e-07
98816      5.4579e-07
98880      5.57392e-07
98944      5.68016e-07
99008      5.96732e-07
99072      6.14372e-07
99136      6.29184e-07
99200      6.21573e-07
99264      5.98622e-07
99328      5.80159e-07
99392      5.41507e-07
99456      5.08623e-07
99520      4.90447e-07
99584      4.78227e-07
99648      4.99369e-07
99712      5.25309e-07
99776      5.38333e-07
99840      5.13457e-07
99904      4.85282e-07
99968      4.94237e-07
100032     4.9866e-07
100096     5.09544e-07
100160     5.06579e-07
100224     4.82345e-07
100288     4.69256e-07
100352     4.94164e-07
100416     5.29466e-07
100480     5.49291e-07
100544     5.53949e-07
100608     5.45988e-07
100672     5.39927e-07
100736     5.39986e-07
100800     5.33292e-07
100864     5.37851e-07
100928     5.53015e-07
100992     5.51993e-07
101056     5.28922e-07
101120     5.30871e-07
101184     5.46916e-07
101248     5.44794e-07
101312     5.45335e-07
101376     5.56057e-07
101440     5.51226e-07
101504     5.1692e-07
101568     4.7359e-07
101632     4.59692e-07
101696     4.63212e-07
101760     4.7915e-07
101824     4.94504e-07
101888     5.03475e-07
101952     5.16627e-07
102016     5.34797e-07
102080     5.62269e-07
102144     5.55146e-07
102208     5.33695e-07
102272     5.10062e-07
102336     4.99363e-07
102400     5.14911e-07
