# Freq.    Mag.
0          8.7973e-06
1          8.59517e-06
2          5.87853e-06
3          2.41154e-06
4          1.78979e-06
5          1.46525e-06
6          1.11663e-06
7          9.65993e-07
8          9.69443e-07
9          1.02447e-06
10         1.02614e-06
11         1.00377e-06
12         9.71025e-07
13         9.64233e-07
14         9.81119e-07
15         1.08163e-06
16         1.10578e-06
17         1.02147e-06
18         9.54386e-07
19         1.03869e-06
20         1.11577e-06
21         1.13374e-06
22         1.06837e-06
23         9.93089e-07
24         9.60777e-07
25         9.99091e-07
26         1.10874e-06
27         1.13795e-06
28         1.05912e-06
29         9.78035e-07
30         9.31801e-07
31         9.36451e-07
32         9.61062e-07
33         9.56984e-07
34         9.15518e-07
35         8.66382e-07
36         3.83029e-06
37         1.87427e-05
38         3.68216e-05
39         4.16579e-05
40         4.15701e-05
41         3.45744e-05
42         1.54312e-05
43         2.56357e-06
44         8.25621e-07
45         8.50895e-07
46         8.62175e-07
47         1.03483e-06
48         1.57266e-06
49         1.79815e-06
50         1.78527e-06
51         1.58082e-06
52         1.03401e-06
53         8.10587e-07
54         8.21139e-07
55         8.43903e-07
56         8.90517e-07
57         1.04466e-06
58         1.8826e-06
59         2.66683e-06
60         2.78972e-06
61         2.73111e-06
62         1.95974e-06
63         1.03892e-06
64         8.16373e-07
65         8.12275e-07
66         8.38318e-07
67         8.26992e-07
68         8.00059e-07
69         8.17355e-07
70         8.44669e-07
71         8.81213e-07
72         8.60505e-07
73         8.45736e-07
74         8.60392e-07
75         8.37304e-07
76         8.11909e-07
77         9.97905e-07
78         1.18268e-06
79         1.25266e-06
80         1.26676e-06
81         1.04473e-06
82         8.45302e-07
83         8.07843e-07
84         8.08824e-07
85         7.8824e-07
86         7.57651e-07
87         7.6111e-07
88         8.00814e-07
89         8.45067e-07
90         8.63623e-07
91         8.49456e-07
92         8.44895e-07
93         8.59498e-07
94         8.43789e-07
95         8.52649e-07
96         8.64045e-07
97         8.87849e-07
98         9.93781e-07
99         1.04182e-06
100        1.02073e-06
101        9.26402e-07
102        8.26413e-07
103        8.06414e-07
104        7.77663e-07
105        7.74628e-07
106        8.24286e-07
107        8.51364e-07
108        8.64354e-07
109        8.56295e-07
110        8.50365e-07
111        8.46701e-07
112        8.36368e-07
113        8.4783e-07
114        8.64284e-07
115        1.81568e-06
116        6.84934e-06
117        1.1969e-05
118        1.32429e-05
119        1.3582e-05
120        1.09503e-05
121        5.81407e-06
122        3.02291e-06
123        1.26317e-06
124        8.78543e-07
125        8.64275e-07
126        9.14136e-07
127        9.80442e-07
128        9.57069e-07
129        9.29785e-07
130        9.06127e-07
131        9.04513e-07
132        8.81075e-07
133        8.303e-07 
134        7.88237e-07
135        7.97515e-07
136        8.126e-07 
137        8.13656e-07
138        8.22432e-07
139        8.14413e-07
140        8.33541e-07
141        8.94206e-07
142        9.39261e-07
143        9.45923e-07
144        9.09678e-07
145        8.39108e-07
146        8.26143e-07
147        8.73043e-07
148        8.81743e-07
149        8.462e-07 
150        7.97253e-07
151        7.8118e-07
152        8.28232e-07
153        8.63843e-07
154        8.69982e-07
155        8.59646e-07
156        8.72174e-07
157        9.08429e-07
158        9.27974e-07
159        9.247e-07 
160        8.58278e-07
161        8.13139e-07
162        7.98379e-07
163        8.05118e-07
164        8.3705e-07
165        8.65211e-07
166        8.62011e-07
167        8.37143e-07
168        8.17391e-07
169        8.2128e-07
170        8.40367e-07
171        8.45608e-07
172        8.12355e-07
173        7.80971e-07
174        7.39375e-07
175        6.97803e-07
176        6.90377e-07
177        1.36687e-06
178        3.64872e-06
179        5.3765e-06
180        5.51253e-06
181        5.32695e-06
182        3.67605e-06
183        1.33666e-06
184        7.90702e-07
185        8.25796e-07
186        8.15397e-07
187        8.15181e-07
188        8.40989e-07
189        8.55002e-07
190        8.51657e-07
191        8.25687e-07
192        7.95383e-07
193        7.83131e-07
194        1.4365e-06
195        4.38222e-06
196        6.81815e-06
197        7.12821e-06
198        7.01499e-06
199        5.04783e-06
200        1.94358e-06
201        9.54871e-07
202        8.38707e-07
203        7.30127e-07
204        7.66586e-07
205        8.30365e-07
206        8.71269e-07
207        9.23629e-07
208        9.25259e-07
209        9.11678e-07
210        9.08001e-07
211        8.52857e-07
212        7.98223e-07
213        7.55957e-07
214        7.41983e-07
215        7.34364e-07
216        7.47819e-07
217        7.66537e-07
218        8.16052e-07
219        8.38126e-07
220        8.38456e-07
221        8.22909e-07
222        7.69805e-07
223        7.39115e-07
224        7.78173e-07
225        8.13203e-07
226        8.35657e-07
227        8.65809e-07
228        8.78628e-07
229        8.4427e-07
230        7.78227e-07
231        7.66124e-07
232        7.80662e-07
233        7.8129e-07
234        8.02105e-07
235        8.84284e-07
236        9.33266e-07
237        1.04054e-06
238        2.13441e-06
239        3.17826e-06
240        3.30007e-06
241        3.23782e-06
242        2.31725e-06
243        9.79068e-07
244        6.87059e-07
245        7.29153e-07
246        8.12691e-07
247        8.90193e-07
248        8.91446e-07
249        8.59561e-07
250        8.43417e-07
251        8.78536e-07
252        8.81316e-07
253        8.70912e-07
254        8.28513e-07
255        7.80341e-07
256        7.79025e-07
257        8.13084e-07
258        8.56624e-07
259        9.08824e-07
260        9.20727e-07
261        8.88144e-07
262        8.53272e-07
263        8.30231e-07
264        8.39539e-07
265        8.71318e-07
266        8.97462e-07
267        9.08084e-07
268        8.91792e-07
269        8.49211e-07
270        8.35948e-07
271        8.35754e-07
272        8.40617e-07
273        1.48462e-06
274        3.78125e-06
275        5.25666e-06
276        5.32582e-06
277        5.10101e-06
278        3.2966e-06
279        1.1345e-06
280        7.62719e-07
281        7.62105e-07
282        7.46821e-07
283        7.75382e-07
284        8.16498e-07
285        8.48811e-07
286        8.58557e-07
287        8.57629e-07
288        8.28358e-07
289        8.10223e-07
290        8.06857e-07
291        7.72334e-07
292        7.68904e-07
293        7.63926e-07
294        7.85945e-07
295        7.73816e-07
296        7.42771e-07
297        9.17121e-07
298        1.85343e-06
299        2.68456e-06
300        2.78356e-06
301        2.75879e-06
302        2.04449e-06
303        9.83228e-07
304        7.13965e-07
305        7.50304e-07
306        7.84124e-07
307        7.86982e-07
308        7.67321e-07
309        7.45171e-07
310        7.33343e-07
311        7.21574e-07
312        7.15029e-07
313        7.6874e-07
314        8.60089e-07
315        8.73704e-07
316        8.72793e-07
317        8.78173e-07
318        8.53372e-07
319        8.13677e-07
320        7.52182e-07
321        7.15818e-07
322        7.58629e-07
323        8.33237e-07
324        8.64245e-07
325        8.52696e-07
326        8.29476e-07
327        8.34217e-07
328        8.52706e-07
329        8.77642e-07
330        8.9016e-07
331        8.7217e-07
332        8.57594e-07
333        8.50852e-07
334        8.30469e-07
335        7.97231e-07
336        7.97683e-07
337        8.22948e-07
338        8.52171e-07
339        8.53982e-07
340        7.98203e-07
341        7.7774e-07
342        8.00908e-07
343        8.17187e-07
344        8.2344e-07
345        7.97623e-07
346        7.44296e-07
347        7.25485e-07
348        7.60345e-07
349        8.03534e-07
350        7.97667e-07
351        8.13037e-07
352        1.57718e-06
353        3.53263e-06
354        4.52581e-06
355        4.55251e-06
356        4.19956e-06
357        2.54343e-06
358        2.41261e-06
359        3.49663e-06
360        3.61263e-06
361        3.51475e-06
362        2.54592e-06
363        1.15092e-06
364        7.56275e-07
365        6.91043e-07
366        6.82179e-07
367        7.33574e-07
368        7.48632e-07
369        7.21652e-07
370        6.98109e-07
371        7.37385e-07
372        7.94764e-07
373        8.20196e-07
374        8.93691e-07
375        1.04295e-06
376        1.31701e-06
377        1.4332e-06
378        1.39727e-06
379        1.34269e-06
380        1.04569e-06
381        7.97007e-07
382        7.11148e-07
383        7.07432e-07
384        7.52953e-07
385        7.68413e-07
386        7.5756e-07
387        7.23326e-07
388        7.16587e-07
389        7.32061e-07
390        7.48839e-07
391        7.95231e-07
392        9.1332e-07
393        1.04767e-06
394        1.05578e-06
395        9.98816e-07
396        8.9221e-07
397        8.17894e-07
398        8.52113e-07
399        8.54656e-07
400        8.14541e-07
401        8.29335e-07
402        8.29755e-07
403        8.43794e-07
404        8.30731e-07
405        7.94679e-07
406        7.80384e-07
407        7.92001e-07
408        8.02119e-07
409        8.06261e-07
410        7.98119e-07
411        7.71426e-07
412        7.82178e-07
413        7.80724e-07
414        7.83948e-07
415        8.21816e-07
416        8.18858e-07
417        9.91632e-07
418        2.09509e-06
419        3.12987e-06
420        3.21895e-06
421        3.14636e-06
422        2.32873e-06
423        1.0762e-06
424        7.46452e-07
425        6.99054e-07
426        7.41686e-07
427        7.99056e-07
428        8.09316e-07
429        7.96144e-07
430        8.26255e-07
431        1.5971e-06
432        3.18515e-06
433        3.75062e-06
434        3.72753e-06
435        3.31081e-06
436        1.78725e-06
437        8.46659e-07
438        8.31938e-07
439        8.64429e-07
440        8.48322e-07
441        7.98289e-07
442        7.3721e-07
443        7.24062e-07
444        7.09789e-07
445        6.56477e-07
446        6.3646e-07
447        6.77369e-07
448        7.2526e-07
449        7.90165e-07
450        8.03077e-07
451        8.17921e-07
452        8.5315e-07
453        8.65221e-07
454        8.4933e-07
455        8.19366e-07
456        7.75166e-07
457        7.41559e-07
458        7.34605e-07
459        7.45922e-07
460        7.61167e-07
461        7.7847e-07
462        8.00304e-07
463        8.01661e-07
464        7.60952e-07
465        7.36679e-07
466        7.79714e-07
467        8.21862e-07
468        8.2693e-07
469        8.40113e-07
470        8.60922e-07
471        9.25598e-07
472        1.01434e-06
473        1.02806e-06
474        1.01351e-06
475        8.77414e-07
476        7.34257e-07
477        8.28886e-07
478        1.73412e-06
479        2.63192e-06
480        2.75129e-06
481        2.70694e-06
482        2.06024e-06
483        1.08744e-06
484        8.22734e-07
485        7.68392e-07
486        7.45698e-07
487        7.48502e-07
488        7.36991e-07
489        7.69304e-07
490        8.09574e-07
491        8.45053e-07
492        8.83065e-07
493        8.91152e-07
494        8.66764e-07
495        8.58623e-07
496        8.34812e-07
497        8.17312e-07
498        8.36848e-07
499        9.04231e-07
500        9.51808e-07
501        9.29145e-07
502        8.87192e-07
503        8.50436e-07
504        8.1976e-07
505        7.76461e-07
506        7.33985e-07
507        7.13118e-07
508        7.02596e-07
509        7.57022e-07
510        1.54796e-06
511        2.69791e-06
512        2.9672e-06
513        2.95602e-06
514        2.52264e-06
515        1.34849e-06
516        8.04683e-07
517        7.5204e-07
518        6.94531e-07
519        6.78576e-07
520        7.44239e-07
521        8.23938e-07
522        8.38213e-07
523        7.83585e-07
524        1.09147e-06
525        2.33389e-06
526        2.966e-06 
527        3.01273e-06
528        2.7649e-06
529        1.61507e-06
530        7.818e-07 
531        7.97849e-07
532        8.60678e-07
533        8.95239e-07
534        8.63697e-07
535        8.14672e-07
536        7.71699e-07
537        8.93524e-07
538        1.75964e-06
539        2.58878e-06
540        2.67679e-06
541        2.62002e-06
542        2.02178e-06
543        1.05792e-06
544        7.84037e-07
545        7.80664e-07
546        8.12655e-07
547        8.19965e-07
548        7.96193e-07
549        7.66317e-07
550        8.31774e-07
551        9.40535e-07
552        9.47621e-07
553        9.39743e-07
554        8.1474e-07
555        7.24214e-07
556        7.17053e-07
557        7.25262e-07
558        7.40956e-07
559        7.69934e-07
560        7.70357e-07
561        7.61997e-07
562        7.62913e-07
563        7.49308e-07
564        7.75798e-07
565        8.30779e-07
566        8.67409e-07
567        8.95637e-07
568        8.96356e-07
569        8.686e-07 
570        8.41374e-07
571        8.17843e-07
572        7.86919e-07
573        7.76962e-07
574        8.1079e-07
575        8.23888e-07
576        7.93025e-07
577        8.04648e-07
578        8.18422e-07
579        8.14662e-07
580        7.83942e-07
581        7.6956e-07
582        7.45245e-07
583        7.36257e-07
584        7.80997e-07
585        8.07477e-07
586        7.94378e-07
587        7.7468e-07
588        8.5016e-07
589        1.48756e-06
590        2.22804e-06
591        2.31785e-06
592        2.25353e-06
593        1.77929e-06
594        9.76504e-07
595        7.82459e-07
596        8.1277e-07
597        8.73905e-07
598        1.27748e-06
599        1.78981e-06
600        1.87161e-06
601        1.87084e-06
602        1.51331e-06
603        9.72646e-07
604        8.68096e-07
605        8.68518e-07
606        8.5381e-07
607        8.28371e-07
608        7.90739e-07
609        7.57442e-07
610        7.68132e-07
611        8.06399e-07
612        7.89114e-07
613        7.82435e-07
614        7.68944e-07
615        7.71523e-07
616        7.6609e-07
617        7.08592e-07
618        7.01686e-07
619        7.48413e-07
620        7.80146e-07
621        7.70938e-07
622        7.87918e-07
623        7.8937e-07
624        7.83056e-07
625        7.74896e-07
626        7.04062e-07
627        6.48033e-07
628        7.17794e-07
629        9.61237e-07
630        1.11547e-06
631        1.15981e-06
632        1.12577e-06
633        9.39677e-07
634        8.27032e-07
635        8.05588e-07
636        8.19358e-07
637        8.46936e-07
638        8.60232e-07
639        8.34264e-07
640        7.91773e-07
641        7.87315e-07
642        7.94095e-07
643        7.97972e-07
644        8.10027e-07
645        7.99541e-07
646        7.50577e-07
647        7.27213e-07
648        7.53047e-07
649        7.99223e-07
650        8.34925e-07
651        8.20227e-07
652        7.4624e-07
653        6.55961e-07
654        6.34418e-07
655        6.786e-07 
656        7.33019e-07
657        8.18928e-07
658        1.22061e-06
659        1.70893e-06
660        1.77066e-06
661        1.73246e-06
662        1.38385e-06
663        8.91022e-07
664        7.96413e-07
665        8.08431e-07
666        8.12926e-07
667        8.46859e-07
668        1.24417e-06
669        1.71009e-06
670        1.77924e-06
671        1.74505e-06
672        1.33502e-06
673        8.83123e-07
674        8.55102e-07
675        8.40879e-07
676        7.88614e-07
677        7.37088e-07
678        7.33899e-07
679        7.53114e-07
680        7.73747e-07
681        7.83628e-07
682        7.7953e-07
683        7.66976e-07
684        7.86628e-07
685        8.51081e-07
686        9.13492e-07
687        9.29327e-07
688        8.93243e-07
689        8.64249e-07
690        8.39602e-07
691        8.2921e-07
692        8.34446e-07
693        8.37072e-07
694        8.72974e-07
695        8.86536e-07
696        8.42668e-07
697        7.84414e-07
698        7.68122e-07
699        7.66142e-07
700        7.80868e-07
701        8.01555e-07
702        7.97373e-07
703        7.5498e-07
704        7.20853e-07
705        7.09887e-07
706        7.40921e-07
707        7.9031e-07
708        8.82256e-07
709        9.15597e-07
710        9.21928e-07
711        9.01673e-07
712        7.97686e-07
713        7.54958e-07
714        7.67754e-07
715        7.67334e-07
716        7.69817e-07
717        8.09973e-07
718        1.03721e-06
719        1.33993e-06
720        1.40759e-06
721        1.40789e-06
722        1.16635e-06
723        8.50303e-07
724        8.13847e-07
725        8.28415e-07
726        8.29295e-07
727        8.10785e-07
728        8.22501e-07
729        8.39776e-07
730        8.57792e-07
731        8.84969e-07
732        9.08381e-07
733        8.82543e-07
734        8.20081e-07
735        7.59372e-07
736        7.6493e-07
737        7.95539e-07
738        7.8581e-07
739        7.86151e-07
740        8.01785e-07
741        8.1251e-07
742        8.08309e-07
743        7.90254e-07
744        7.87771e-07
745        8.03341e-07
746        8.62186e-07
747        1.23717e-06
748        1.58554e-06
749        1.63953e-06
750        1.60101e-06
751        1.20587e-06
752        8.89749e-07
753        8.56424e-07
754        8.28898e-07
755        8.19112e-07
756        8.18107e-07
757        8.12242e-07
758        8.20587e-07
759        8.14901e-07
760        7.73619e-07
761        7.59726e-07
762        7.72057e-07
763        7.70974e-07
764        7.80512e-07
765        7.88168e-07
766        7.85549e-07
767        7.58717e-07
768        7.76474e-07
769        8.35379e-07
770        8.9674e-07
771        9.162e-07 
772        8.77211e-07
773        7.99414e-07
774        7.51117e-07
775        7.66219e-07
776        8.51705e-07
777        9.18826e-07
778        1.09693e-06
779        1.40458e-06
780        1.48357e-06
781        1.46186e-06
782        1.23264e-06
783        8.80486e-07
784        7.89419e-07
785        8.09258e-07
786        8.99034e-07
787        9.97576e-07
788        1.00413e-06
789        9.55597e-07
790        8.27569e-07
791        7.21667e-07
792        7.62503e-07
793        8.16596e-07
794        8.23407e-07
795        7.95471e-07
796        7.73564e-07
797        7.65567e-07
798        8.06473e-07
799        8.56225e-07
800        8.38741e-07
801        8.20436e-07
802        7.85636e-07
803        7.45207e-07
804        7.35273e-07
805        7.46894e-07
806        7.60578e-07
807        7.50523e-07
808        7.56452e-07
809        7.71672e-07
810        8.05407e-07
811        8.45813e-07
812        8.59507e-07
813        8.32674e-07
814        7.7741e-07
815        7.48727e-07
816        7.54278e-07
817        7.76127e-07
818        7.95095e-07
819        7.61073e-07
820        7.09318e-07
821        6.96149e-07
822        7.22563e-07
823        7.6075e-07
824        7.57678e-07
825        8.03534e-07
826        1.25134e-06
827        1.5945e-06
828        1.67578e-06
829        1.6327e-06
830        1.18293e-06
831        8.119e-07 
832        7.4259e-07
833        7.23252e-07
834        7.27319e-07
835        7.6338e-07
836        8.05838e-07
837        8.27043e-07
838        8.67882e-07
839        1.05874e-06
840        1.12422e-06
841        1.13046e-06
842        9.96882e-07
843        8.18852e-07
844        8.45994e-07
845        8.98288e-07
846        8.89104e-07
847        8.62387e-07
848        8.45568e-07
849        8.30468e-07
850        7.79974e-07
851        7.69608e-07
852        7.84876e-07
853        7.7988e-07
854        7.5788e-07
855        7.51365e-07
856        7.98755e-07
857        8.53796e-07
858        8.80219e-07
859        8.53552e-07
860        8.19646e-07
861        7.84324e-07
862        7.9259e-07
863        8.41612e-07
864        8.77484e-07
865        8.81402e-07
866        9.07811e-07
867        9.11423e-07
868        9.20741e-07
869        9.0243e-07
870        8.67336e-07
871        8.63653e-07
872        8.62149e-07
873        8.54452e-07
874        8.78276e-07
875        8.8009e-07
876        8.51462e-07
877        8.39764e-07
878        8.28544e-07
879        8.32169e-07
880        8.42506e-07
881        8.21128e-07
882        8.03071e-07
883        7.61422e-07
884        7.54349e-07
885        7.91537e-07
886        7.97167e-07
887        7.48263e-07
888        7.18174e-07
889        7.70557e-07
890        8.29617e-07
891        8.34778e-07
892        8.30263e-07
893        8.08557e-07
894        7.74056e-07
895        7.56443e-07
896        7.51989e-07
897        7.77702e-07
898        8.41901e-07
899        9.05596e-07
900        9.00543e-07
901        8.62741e-07
902        9.21262e-07
903        1.19186e-06
904        1.38225e-06
905        1.65035e-06
906        1.69634e-06
907        1.55006e-06
908        1.38951e-06
909        9.6043e-07
910        7.61042e-07
911        7.71693e-07
912        7.93133e-07
913        7.78352e-07
914        7.41791e-07
915        7.18043e-07
916        7.35267e-07
917        7.71126e-07
918        7.57849e-07
919        7.33348e-07
920        7.24521e-07
921        7.33315e-07
922        7.7124e-07
923        8.01589e-07
924        7.72264e-07
925        7.50095e-07
926        7.45837e-07
927        7.46363e-07
928        7.70738e-07
929        7.74832e-07
930        7.73524e-07
931        7.61801e-07
932        7.40087e-07
933        7.53649e-07
934        8.02834e-07
935        8.25035e-07
936        8.07758e-07
937        8.2667e-07
938        8.10716e-07
939        7.54011e-07
940        6.95476e-07
941        6.65399e-07
942        6.71558e-07
943        6.98874e-07
944        7.92188e-07
945        8.63217e-07
946        8.55242e-07
947        8.48055e-07
948        7.95344e-07
949        7.77351e-07
950        8.14753e-07
951        8.25585e-07
952        7.90412e-07
953        7.53756e-07
954        7.53132e-07
955        7.48417e-07
956        7.35342e-07
957        7.55239e-07
958        8.03091e-07
959        8.65037e-07
960        8.54628e-07
961        8.07549e-07
962        7.73929e-07
963        7.44074e-07
964        7.18866e-07
965        7.12267e-07
966        7.17509e-07
967        7.24978e-07
968        7.82963e-07
969        8.3503e-07
970        8.43109e-07
971        8.08604e-07
972        7.55978e-07
973        7.00215e-07
974        6.78662e-07
975        7.01149e-07
976        7.44364e-07
977        7.99724e-07
978        8.48752e-07
979        8.64672e-07
980        8.11376e-07
981        7.69497e-07
982        7.98755e-07
983        9.74524e-07
984        1.34352e-06
985        1.48023e-06
986        1.47393e-06
987        1.30354e-06
988        9.39341e-07
989        8.0178e-07
990        7.78488e-07
991        7.76292e-07
992        7.94738e-07
993        7.95849e-07
994        7.94552e-07
995        8.16569e-07
996        8.09787e-07
997        8.17926e-07
998        9.66259e-07
999        1.13576e-06
1000       1.15888e-06
1001       1.11134e-06
1002       9.4959e-07
1003       7.97304e-07
1004       7.77512e-07
1005       7.95008e-07
1006       7.88384e-07
1007       7.67134e-07
1008       7.89755e-07
1009       8.34e-07  
1010       8.51626e-07
1011       8.38708e-07
1012       7.98904e-07
1013       7.68868e-07
1014       7.94352e-07
1015       8.14317e-07
1016       7.86453e-07
1017       7.74514e-07
1018       7.87446e-07
1019       8.03119e-07
1020       8.10611e-07
1021       8.33835e-07
1022       8.56314e-07
1023       8.91597e-07
1024       9.26331e-07
1025       9.2963e-07
1026       9.13956e-07
1027       8.82259e-07
1028       8.27602e-07
1029       7.64962e-07
1030       7.40104e-07
1031       7.22104e-07
1032       7.32196e-07
1033       7.69578e-07
1034       7.99513e-07
1035       8.02945e-07
1036       7.67152e-07
1037       7.38041e-07
1038       7.35157e-07
1039       7.5273e-07
1040       7.70908e-07
1041       7.62961e-07
1042       7.34539e-07
1043       7.12709e-07
1044       7.3327e-07
1045       7.55598e-07
1046       7.90538e-07
1047       8.17091e-07
1048       8.10892e-07
1049       8.30783e-07
1050       8.38241e-07
1051       8.25792e-07
1052       8.18048e-07
1053       8.17016e-07
1054       8.1333e-07
1055       8.3009e-07
1056       8.10818e-07
1057       8.15506e-07
1058       8.27206e-07
1059       8.21335e-07
1060       8.41491e-07
1061       8.58646e-07
1062       1.00503e-06
1063       1.29031e-06
1064       1.33827e-06
1065       1.36543e-06
1066       1.21179e-06
1067       8.87978e-07
1068       8.1994e-07
1069       8.35754e-07
1070       8.46261e-07
1071       8.2755e-07
1072       7.97648e-07
1073       7.65939e-07
1074       7.61869e-07
1075       7.76921e-07
1076       7.76381e-07
1077       7.82807e-07
1078       8.78671e-07
1079       1.08013e-06
1080       1.13254e-06
1081       1.10506e-06
1082       9.9831e-07
1083       8.42143e-07
1084       8.2474e-07
1085       8.5887e-07
1086       9.05562e-07
1087       9.25222e-07
1088       9.09893e-07
1089       8.87428e-07
1090       8.39726e-07
1091       7.78264e-07
1092       7.49264e-07
1093       7.34519e-07
1094       7.49641e-07
1095       7.83365e-07
1096       8.03767e-07
1097       8.12571e-07
1098       7.808e-07 
1099       7.54355e-07
1100       7.84821e-07
1101       7.92704e-07
1102       8.05766e-07
1103       8.53483e-07
1104       8.57912e-07
1105       8.43765e-07
1106       8.27763e-07
1107       8.17156e-07
1108       8.05471e-07
1109       7.53262e-07
1110       7.1244e-07
1111       7.7849e-07
1112       8.45198e-07
1113       8.58487e-07
1114       8.51642e-07
1115       8.49053e-07
1116       8.39647e-07
1117       8.12852e-07
1118       7.65624e-07
1119       7.43404e-07
1120       7.89644e-07
1121       8.42115e-07
1122       8.71979e-07
1123       8.75692e-07
1124       8.83861e-07
1125       8.68594e-07
1126       8.47996e-07
1127       8.55496e-07
1128       8.32864e-07
1129       7.85868e-07
1130       7.76824e-07
1131       8.08119e-07
1132       9.45718e-07
1133       1.02726e-06
1134       1.02856e-06
1135       9.2234e-07
1136       7.528e-07 
1137       7.43673e-07
1138       8.83878e-07
1139       1.09927e-06
1140       1.14095e-06
1141       1.34236e-06
1142       1.57354e-06
1143       1.52694e-06
1144       1.47307e-06
1145       1.14894e-06
1146       8.27648e-07
1147       8.15226e-07
1148       8.21134e-07
1149       8.00658e-07
1150       7.86834e-07
1151       7.77741e-07
1152       7.70207e-07
1153       7.82588e-07
1154       7.45265e-07
1155       6.86782e-07
1156       6.7761e-07
1157       6.94375e-07
1158       7.15649e-07
1159       7.62779e-07
1160       8.1425e-07
1161       8.37026e-07
1162       8.31127e-07
1163       8.02222e-07
1164       7.84361e-07
1165       7.83241e-07
1166       7.63353e-07
1167       7.28461e-07
1168       7.15358e-07
1169       7.14955e-07
1170       7.0504e-07
1171       6.9194e-07
1172       6.96362e-07
1173       6.96948e-07
1174       6.81002e-07
1175       6.51051e-07
1176       6.74163e-07
1177       7.11101e-07
1178       7.48293e-07
1179       7.44031e-07
1180       7.45549e-07
1181       8.69445e-07
1182       9.2171e-07
1183       9.40194e-07
1184       9.10122e-07
1185       7.72741e-07
1186       7.06796e-07
1187       7.18929e-07
1188       7.53995e-07
1189       7.77679e-07
1190       7.5545e-07
1191       7.21044e-07
1192       7.38336e-07
1193       7.46992e-07
1194       7.16627e-07
1195       7.27108e-07
1196       7.8739e-07
1197       8.115e-07 
1198       8.83135e-07
1199       1.0788e-06
1200       1.13101e-06
1201       1.11517e-06
1202       1.00747e-06
1203       8.391e-07 
1204       7.98281e-07
1205       8.01286e-07
1206       8.1701e-07
1207       8.41412e-07
1208       8.41154e-07
1209       8.1114e-07
1210       7.666e-07 
1211       7.32889e-07
1212       6.83764e-07
1213       6.76287e-07
1214       7.35554e-07
1215       7.74539e-07
1216       7.65937e-07
1217       7.36172e-07
1218       7.13234e-07
1219       7.87576e-07
1220       1.1833e-06
1221       1.49524e-06
1222       1.51391e-06
1223       1.46803e-06
1224       1.12298e-06
1225       8.28878e-07
1226       7.61281e-07
1227       7.46897e-07
1228       7.45928e-07
1229       7.47698e-07
1230       7.80883e-07
1231       8.13329e-07
1232       8.16114e-07
1233       7.8651e-07
1234       7.19838e-07
1235       6.90256e-07
1236       7.01901e-07
1237       7.63485e-07
1238       8.29078e-07
1239       8.37287e-07
1240       8.2208e-07
1241       7.87992e-07
1242       7.37147e-07
1243       7.13017e-07
1244       7.29762e-07
1245       7.71399e-07
1246       8.05193e-07
1247       8.04253e-07
1248       7.49605e-07
1249       7.32835e-07
1250       7.75214e-07
1251       8.08712e-07
1252       8.01368e-07
1253       7.6731e-07
1254       7.50193e-07
1255       7.60972e-07
1256       7.95792e-07
1257       8.30661e-07
1258       9.40838e-07
1259       1.19829e-06
1260       1.35321e-06
1261       1.38221e-06
1262       1.27062e-06
1263       9.85585e-07
1264       7.9707e-07
1265       7.69668e-07
1266       7.64568e-07
1267       7.53473e-07
1268       7.7365e-07
1269       7.90735e-07
1270       8.18115e-07
1271       8.05671e-07
1272       7.76634e-07
1273       7.76355e-07
1274       7.89683e-07
1275       8.02303e-07
1276       8.12033e-07
1277       8.25093e-07
1278       8.38276e-07
1279       8.28131e-07
1280       8.08497e-07
1281       7.50369e-07
1282       7.46915e-07
1283       7.8251e-07
1284       7.93264e-07
1285       7.96988e-07
1286       8.05711e-07
1287       8.23555e-07
1288       8.20065e-07
1289       7.77308e-07
1290       7.27135e-07
1291       7.1492e-07
1292       7.58953e-07
1293       8.0864e-07
1294       8.10078e-07
1295       7.66902e-07
1296       7.4414e-07
1297       7.74428e-07
1298       8.47533e-07
1299       1.17814e-06
1300       1.41701e-06
1301       1.44513e-06
1302       1.39213e-06
1303       1.01023e-06
1304       7.49994e-07
1305       7.40835e-07
1306       7.4275e-07
1307       7.35822e-07
1308       7.27175e-07
1309       7.08867e-07
1310       7.19901e-07
1311       7.57711e-07
1312       7.72153e-07
1313       7.89574e-07
1314       7.85336e-07
1315       7.54259e-07
1316       7.35751e-07
1317       7.35127e-07
1318       8.24533e-07
1319       9.81736e-07
1320       9.98533e-07
1321       9.80145e-07
1322       9.06961e-07
1323       8.02753e-07
1324       8.06926e-07
1325       7.91511e-07
1326       7.84148e-07
1327       7.73593e-07
1328       7.99458e-07
1329       8.34413e-07
1330       8.65364e-07
1331       8.67098e-07
1332       8.14996e-07
1333       7.45774e-07
1334       7.29513e-07
1335       7.38437e-07
1336       7.29674e-07
1337       7.43024e-07
1338       7.99296e-07
1339       8.91189e-07
1340       9.40141e-07
1341       9.61048e-07
1342       8.64684e-07
1343       7.44915e-07
1344       6.97368e-07
1345       6.96815e-07
1346       7.26988e-07
1347       7.65516e-07
1348       7.90202e-07
1349       8.02838e-07
1350       8.08405e-07
1351       8.06248e-07
1352       7.79385e-07
1353       7.64481e-07
1354       7.57019e-07
1355       7.48468e-07
1356       7.28192e-07
1357       7.04279e-07
1358       7.35013e-07
1359       7.58789e-07
1360       7.75284e-07
1361       7.98911e-07
1362       8.1544e-07
1363       8.0183e-07
1364       7.60263e-07
1365       7.2839e-07
1366       6.87839e-07
1367       7.06814e-07
1368       7.49502e-07
1369       7.85789e-07
1370       7.99135e-07
1371       8.04931e-07
1372       8.31345e-07
1373       8.21316e-07
1374       7.83028e-07
1375       7.27249e-07
1376       6.93103e-07
1377       7.033e-07 
1378       1.01743e-06
1379       1.39284e-06
1380       1.53089e-06
1381       1.54728e-06
1382       1.30542e-06
1383       9.67128e-07
1384       8.50105e-07
1385       8.33189e-07
1386       8.03044e-07
1387       7.57081e-07
1388       7.54025e-07
1389       7.49738e-07
1390       7.18336e-07
1391       7.56592e-07
1392       7.91113e-07
1393       7.71876e-07
1394       7.55932e-07
1395       7.61964e-07
1396       7.56506e-07
1397       7.79529e-07
1398       8.29177e-07
1399       8.44434e-07
1400       8.2715e-07
1401       8.373e-07 
1402       8.36305e-07
1403       7.91416e-07
1404       7.30712e-07
1405       6.92056e-07
1406       7.02282e-07
1407       7.35953e-07
1408       7.66619e-07
1409       7.73767e-07
1410       7.59204e-07
1411       7.46082e-07
1412       7.69609e-07
1413       8.17719e-07
1414       8.48703e-07
1415       8.81077e-07
1416       9.20216e-07
1417       9.98713e-07
1418       1.066e-06 
1419       1.02119e-06
1420       9.55945e-07
1421       8.40209e-07
1422       7.45587e-07
1423       7.34959e-07
1424       7.62823e-07
1425       7.77096e-07
1426       7.65829e-07
1427       7.30294e-07
1428       7.10213e-07
1429       7.44434e-07
1430       7.36219e-07
1431       7.40314e-07
1432       7.57187e-07
1433       7.65472e-07
1434       7.7983e-07
1435       7.80862e-07
1436       8.0731e-07
1437       8.2489e-07
1438       9.12789e-07
1439       1.12501e-06
1440       1.15932e-06
1441       1.16019e-06
1442       1.0869e-06
1443       8.74798e-07
1444       7.79994e-07
1445       7.80896e-07
1446       8.1085e-07
1447       8.30326e-07
1448       8.64527e-07
1449       8.66074e-07
1450       8.18117e-07
1451       7.64286e-07
1452       7.59395e-07
1453       8.04378e-07
1454       8.16615e-07
1455       8.19338e-07
1456       8.66952e-07
1457       9.16098e-07
1458       8.90847e-07
1459       8.46706e-07
1460       8.27482e-07
1461       8.19909e-07
1462       8.45464e-07
1463       8.82185e-07
1464       9.11214e-07
1465       9.27308e-07
1466       8.96016e-07
1467       8.17875e-07
1468       7.68377e-07
1469       7.73256e-07
1470       8.09831e-07
1471       8.1103e-07
1472       7.89991e-07
1473       8.02627e-07
1474       8.12622e-07
1475       7.99003e-07
1476       7.85664e-07
1477       7.7063e-07
1478       7.4422e-07
1479       7.32814e-07
1480       7.66501e-07
1481       8.20973e-07
1482       8.56841e-07
1483       8.4954e-07
1484       8.19004e-07
1485       8.10893e-07
1486       8.38871e-07
1487       8.58308e-07
1488       8.76531e-07
1489       8.96446e-07
1490       8.67348e-07
1491       8.18274e-07
1492       7.89728e-07
1493       7.81196e-07
1494       7.90494e-07
1495       8.24682e-07
1496       9.27607e-07
1497       9.88152e-07
1498       1.06838e-06
1499       1.26628e-06
1500       1.27644e-06
1501       1.23357e-06
1502       1.03599e-06
1503       7.45867e-07
1504       7.32846e-07
1505       7.54357e-07
1506       7.52608e-07
1507       7.30167e-07
1508       7.4486e-07
1509       7.66875e-07
1510       7.41624e-07
1511       7.38261e-07
1512       7.23415e-07
1513       7.05576e-07
1514       7.10316e-07
1515       7.38313e-07
1516       7.43623e-07
1517       7.04578e-07
1518       6.8808e-07
1519       7.03048e-07
1520       7.32089e-07
1521       7.56017e-07
1522       7.4854e-07
1523       7.36317e-07
1524       7.20344e-07
1525       7.17694e-07
1526       7.71116e-07
1527       8.26729e-07
1528       8.2406e-07
1529       7.70624e-07
1530       7.21479e-07
1531       7.24387e-07
1532       7.34807e-07
1533       6.95412e-07
1534       6.80363e-07
1535       7.67463e-07
1536       8.27694e-07
1537       8.16368e-07
1538       8.09166e-07
1539       7.87912e-07
1540       7.51596e-07
1541       7.53583e-07
1542       7.68938e-07
1543       7.85859e-07
1544       7.86485e-07
1545       7.86085e-07
1546       8.08624e-07
1547       8.31441e-07
1548       8.17898e-07
1549       7.94349e-07
1550       7.74999e-07
1551       7.43344e-07
1552       7.3222e-07
1553       7.31292e-07
1554       7.05225e-07
1555       7.16509e-07
1556       7.3985e-07
1557       7.83812e-07
1558       8.71582e-07
1559       1.06514e-06
1560       1.13893e-06
1561       1.15324e-06
1562       1.06436e-06
1563       8.85878e-07
1564       8.37526e-07
1565       8.11883e-07
1566       8.07939e-07
1567       8.31082e-07
1568       8.49144e-07
1569       8.74593e-07
1570       8.90144e-07
1571       8.8905e-07
1572       8.29751e-07
1573       7.51707e-07
1574       7.43515e-07
1575       8.09255e-07
1576       8.6353e-07
1577       8.91098e-07
1578       8.70236e-07
1579       7.80561e-07
1580       7.84357e-07
1581       8.47002e-07
1582       8.65237e-07
1583       8.70029e-07
1584       8.24575e-07
1585       7.58701e-07
1586       7.5406e-07
1587       7.73708e-07
1588       7.5918e-07
1589       7.42067e-07
1590       7.31039e-07
1591       7.10349e-07
1592       7.56846e-07
1593       7.89406e-07
1594       7.94366e-07
1595       8.06195e-07
1596       7.94601e-07
1597       7.58153e-07
1598       7.11321e-07
1599       7.15387e-07
1600       7.3819e-07
