# Freq.    Mag.
0          1.90403e-05
8          1.86308e-05
16         1.69336e-05
24         1.49457e-05
32         1.33175e-05
40         1.21019e-05
48         1.09736e-05
56         9.79854e-06
64         8.51291e-06
72         7.65847e-06
80         7.07835e-06
88         6.67649e-06
96         6.10982e-06
104        5.218e-06 
112        4.62308e-06
120        4.36708e-06
128        4.30904e-06
136        4.16186e-06
144        3.90722e-06
152        3.8963e-06
160        3.97684e-06
168        3.90858e-06
176        3.55861e-06
184        3.2519e-06
192        3.22928e-06
200        3.37239e-06
208        3.40137e-06
216        3.17609e-06
224        2.92271e-06
232        2.68194e-06
240        2.47008e-06
248        2.57972e-06
256        2.73074e-06
264        2.62138e-06
272        2.38931e-06
280        2.28444e-06
288        2.30879e-06
296        2.36036e-06
304        2.38662e-06
312        2.23975e-06
320        2.05808e-06
328        1.98547e-06
336        2.00861e-06
344        2.01897e-06
352        1.93867e-06
360        1.92461e-06
368        1.8741e-06
376        1.75034e-06
384        1.70689e-06
392        1.70802e-06
400        1.6621e-06
408        1.57656e-06
416        1.50331e-06
424        1.4653e-06
432        1.53316e-06
440        1.59851e-06
448        1.60698e-06
456        1.5708e-06
464        1.51471e-06
472        1.46475e-06
480        1.43014e-06
488        1.42609e-06
496        1.39182e-06
504        1.34314e-06
512        1.35318e-06
520        1.35849e-06
528        1.33995e-06
536        1.29923e-06
544        1.27951e-06
552        1.27092e-06
560        1.24146e-06
568        1.24505e-06
576        1.23709e-06
584        1.23331e-06
592        1.23476e-06
600        1.24124e-06
608        1.22895e-06
616        1.18281e-06
624        1.13852e-06
632        1.1618e-06
640        1.16916e-06
648        1.11512e-06
656        1.08161e-06
664        1.09512e-06
672        1.07227e-06
680        1.02782e-06
688        1.02981e-06
696        1.0947e-06
704        1.20414e-06
712        1.26395e-06
720        1.249e-06 
728        1.19349e-06
736        1.09673e-06
744        1.03249e-06
752        1.0498e-06
760        1.08854e-06
768        1.06657e-06
776        1.02401e-06
784        1.00592e-06
792        9.73475e-07
800        9.62032e-07
808        9.61198e-07
816        9.73746e-07
824        9.92783e-07
832        9.91577e-07
840        9.98003e-07
848        9.905e-07 
856        1.01648e-06
864        1.04159e-06
872        1.02353e-06
880        9.96092e-07
888        9.74269e-07
896        9.37618e-07
904        8.78444e-07
912        8.78762e-07
920        9.096e-07 
928        8.90231e-07
936        8.81667e-07
944        8.78669e-07
952        8.58921e-07
960        8.78768e-07
968        9.04259e-07
976        9.07907e-07
984        1.18859e-06
992        1.56069e-06
1000       1.64298e-06
1008       1.65659e-06
1016       1.33781e-06
1024       9.54827e-07
1032       8.61659e-07
1040       8.62093e-07
1048       8.41298e-07
1056       8.32749e-07
1064       8.27657e-07
1072       8.10822e-07
1080       8.0189e-07
1088       8.05006e-07
1096       7.78612e-07
1104       7.41512e-07
1112       7.45538e-07
1120       8.05033e-07
1128       8.64726e-07
1136       8.76345e-07
1144       9.09655e-07
1152       9.29508e-07
1160       9.01274e-07
1168       8.50575e-07
1176       8.04195e-07
1184       7.89782e-07
1192       7.86847e-07
1200       8.08956e-07
1208       8.04287e-07
1216       7.35263e-07
1224       6.80566e-07
1232       6.61613e-07
1240       6.84467e-07
1248       7.53235e-07
1256       8.12748e-07
1264       8.54061e-07
1272       8.58951e-07
1280       8.45985e-07
1288       8.25339e-07
1296       8.21142e-07
1304       8.23106e-07
1312       7.83291e-07
1320       7.5905e-07
1328       7.84081e-07
1336       8.09476e-07
1344       8.03517e-07
1352       7.5353e-07
1360       7.10913e-07
1368       7.08635e-07
1376       7.33029e-07
1384       7.62186e-07
1392       7.61884e-07
1400       7.49292e-07
1408       7.6839e-07
1416       7.69861e-07
1424       7.7472e-07
1432       8.20586e-07
1440       8.60516e-07
1448       8.64406e-07
1456       8.20931e-07
1464       8.13894e-07
1472       8.63315e-07
1480       8.37442e-07
1488       7.87063e-07
1496       7.60056e-07
1504       7.23479e-07
1512       7.29916e-07
1520       7.21047e-07
1528       6.94162e-07
1536       6.88255e-07
1544       6.9517e-07
1552       6.99689e-07
1560       7.37144e-07
1568       7.64693e-07
1576       7.87598e-07
1584       8.20909e-07
1592       8.10568e-07
1600       7.79381e-07
1608       7.80255e-07
1616       7.80336e-07
1624       7.60009e-07
1632       7.03039e-07
1640       6.59639e-07
1648       6.54851e-07
1656       6.86545e-07
1664       6.79041e-07
1672       6.53321e-07
1680       6.73435e-07
1688       7.41103e-07
1696       7.85433e-07
1704       7.67548e-07
1712       7.40901e-07
1720       7.41888e-07
1728       7.49418e-07
1736       7.44192e-07
1744       7.24633e-07
1752       7.04764e-07
1760       7.02687e-07
1768       7.11708e-07
1776       7.01378e-07
1784       6.88452e-07
1792       6.91891e-07
1800       7.21304e-07
1808       7.42997e-07
1816       7.15692e-07
1824       6.73397e-07
1832       6.46243e-07
1840       6.63972e-07
1848       6.80685e-07
1856       6.76435e-07
1864       6.74385e-07
1872       6.61318e-07
1880       6.72271e-07
1888       6.7664e-07
1896       6.7443e-07
1904       6.885e-07 
1912       7.01813e-07
1920       6.94208e-07
1928       6.79612e-07
1936       6.62585e-07
1944       6.41169e-07
1952       6.50873e-07
1960       6.73604e-07
1968       7.07349e-07
1976       7.25395e-07
1984       7.00163e-07
1992       7.1112e-07
2000       7.37377e-07
2008       7.5595e-07
2016       7.78674e-07
2024       7.70508e-07
2032       7.49757e-07
2040       7.51089e-07
2048       7.63541e-07
2056       7.68821e-07
2064       7.50554e-07
2072       7.45518e-07
2080       7.71201e-07
2088       8.01049e-07
2096       7.91727e-07
2104       7.65466e-07
2112       7.69297e-07
2120       7.70623e-07
2128       7.64067e-07
2136       7.55838e-07
2144       6.89467e-07
2152       5.97229e-07
2160       5.72984e-07
2168       6.30936e-07
2176       6.86512e-07
2184       6.96479e-07
2192       7.02331e-07
2200       7.31291e-07
2208       7.48906e-07
2216       7.39994e-07
2224       7.05414e-07
2232       6.71711e-07
2240       6.49974e-07
2248       6.56408e-07
2256       7.06792e-07
2264       7.43162e-07
2272       7.32298e-07
2280       6.98894e-07
2288       6.94049e-07
2296       7.1303e-07
2304       7.0899e-07
2312       6.85693e-07
2320       6.70938e-07
2328       6.53823e-07
2336       6.54098e-07
2344       6.91128e-07
2352       7.30081e-07
2360       7.61482e-07
2368       7.73795e-07
2376       7.50997e-07
2384       7.09717e-07
2392       6.8932e-07
2400       7.11041e-07
2408       7.31462e-07
2416       7.06602e-07
2424       6.72378e-07
2432       6.33253e-07
2440       6.22569e-07
2448       6.30397e-07
2456       6.77218e-07
2464       7.09621e-07
2472       6.93472e-07
2480       6.93217e-07
2488       6.94746e-07
2496       6.67388e-07
2504       6.61614e-07
2512       6.70412e-07
2520       6.60406e-07
2528       6.88806e-07
2536       7.3033e-07
2544       7.09006e-07
2552       6.8269e-07
2560       6.81468e-07
2568       6.94053e-07
2576       6.99515e-07
2584       7.23154e-07
2592       7.34754e-07
2600       7.41905e-07
2608       7.52222e-07
2616       7.20326e-07
2624       6.89125e-07
2632       6.83729e-07
2640       6.75656e-07
2648       6.66165e-07
2656       6.59907e-07
2664       6.41449e-07
2672       6.47771e-07
2680       6.83975e-07
2688       7.21299e-07
2696       7.29246e-07
2704       7.10808e-07
2712       6.93093e-07
2720       6.86954e-07
2728       6.96928e-07
2736       7.07356e-07
2744       7.3007e-07
2752       7.43587e-07
2760       7.38241e-07
2768       7.17057e-07
2776       6.81304e-07
2784       6.79596e-07
2792       7.09609e-07
2800       7.16092e-07
2808       6.92715e-07
2816       6.65319e-07
2824       6.31647e-07
2832       6.11275e-07
2840       6.35782e-07
2848       6.57667e-07
2856       6.8621e-07
2864       7.19076e-07
2872       7.38823e-07
2880       7.20783e-07
2888       7.07543e-07
2896       6.91966e-07
2904       6.53934e-07
2912       6.38896e-07
2920       6.5574e-07
2928       6.58531e-07
2936       6.48506e-07
2944       6.64533e-07
2952       6.68554e-07
2960       6.67507e-07
2968       6.98702e-07
2976       7.2578e-07
2984       7.78137e-07
2992       8.13586e-07
3000       7.80875e-07
3008       7.34046e-07
3016       6.38892e-07
3024       5.79323e-07
3032       6.13104e-07
3040       6.28934e-07
3048       6.57803e-07
3056       6.77575e-07
3064       6.68266e-07
3072       6.51401e-07
3080       6.59725e-07
3088       6.84572e-07
3096       6.91998e-07
3104       7.07886e-07
3112       6.9304e-07
3120       6.96315e-07
3128       7.03178e-07
3136       6.88441e-07
3144       6.65546e-07
3152       6.56768e-07
3160       6.56009e-07
3168       6.278e-07 
3176       6.12924e-07
3184       6.19235e-07
3192       6.33415e-07
3200       6.59529e-07
3208       6.73496e-07
3216       6.70846e-07
3224       6.67206e-07
3232       6.74442e-07
3240       6.44961e-07
3248       6.23128e-07
3256       6.61209e-07
3264       6.80511e-07
3272       6.95826e-07
3280       6.94134e-07
3288       6.78365e-07
3296       6.58021e-07
3304       6.83358e-07
3312       7.1518e-07
3320       7.0974e-07
3328       6.67632e-07
3336       6.37463e-07
3344       6.54842e-07
3352       7.01811e-07
3360       7.05701e-07
3368       6.46873e-07
3376       6.24573e-07
3384       6.55036e-07
3392       7.00526e-07
3400       7.57762e-07
3408       7.9228e-07
3416       8.1204e-07
3424       7.84369e-07
3432       6.89395e-07
3440       6.24761e-07
3448       6.15216e-07
3456       6.17976e-07
3464       6.29662e-07
3472       6.52124e-07
3480       6.67006e-07
3488       6.78952e-07
3496       6.72431e-07
3504       6.62084e-07
3512       6.65784e-07
3520       6.59452e-07
3528       6.4765e-07
3536       6.7709e-07
3544       7.0694e-07
3552       6.94824e-07
3560       6.76155e-07
3568       6.60057e-07
3576       6.1619e-07
3584       5.88222e-07
3592       6.08562e-07
3600       6.29646e-07
3608       6.35173e-07
3616       6.33017e-07
3624       6.19031e-07
3632       6.14342e-07
3640       6.33845e-07
3648       6.43442e-07
3656       6.39004e-07
3664       6.72384e-07
3672       7.04267e-07
3680       6.85568e-07
3688       6.44259e-07
3696       6.13109e-07
3704       6.14589e-07
3712       6.11813e-07
3720       6.23068e-07
3728       6.30682e-07
3736       6.40605e-07
3744       6.73853e-07
3752       6.62512e-07
3760       6.38048e-07
3768       5.95666e-07
3776       5.92359e-07
3784       6.53763e-07
3792       6.92152e-07
3800       6.7533e-07
3808       6.59029e-07
3816       6.81377e-07
3824       6.83726e-07
3832       7.06564e-07
3840       7.27494e-07
3848       6.91219e-07
3856       6.37158e-07
3864       5.95993e-07
3872       6.00268e-07
3880       6.0158e-07
3888       5.76114e-07
3896       5.71474e-07
3904       5.94366e-07
3912       6.39543e-07
3920       6.5748e-07
3928       6.47228e-07
3936       6.41282e-07
3944       6.2722e-07
3952       6.22474e-07
3960       6.37111e-07
3968       6.55399e-07
3976       6.5824e-07
3984       6.52912e-07
3992       6.95787e-07
4000       7.27233e-07
4008       7.1272e-07
4016       6.79523e-07
4024       6.5591e-07
4032       6.32161e-07
4040       6.21143e-07
4048       6.31342e-07
4056       6.14317e-07
4064       6.37957e-07
4072       6.93418e-07
4080       7.37961e-07
4088       7.31649e-07
4096       6.99678e-07
4104       6.84406e-07
4112       6.87944e-07
4120       6.51686e-07
4128       6.09652e-07
4136       6.07591e-07
4144       6.10371e-07
4152       6.30931e-07
4160       6.36805e-07
4168       6.43852e-07
4176       6.45302e-07
4184       6.41216e-07
4192       6.26055e-07
4200       5.8637e-07
4208       5.82269e-07
4216       6.11398e-07
4224       6.23811e-07
4232       6.26078e-07
4240       6.36949e-07
4248       6.61632e-07
4256       7.12499e-07
4264       7.32595e-07
4272       7.2279e-07
4280       6.93531e-07
4288       6.44881e-07
4296       6.22346e-07
4304       6.27634e-07
4312       6.45785e-07
4320       6.44963e-07
4328       6.50705e-07
4336       6.8927e-07
4344       7.35267e-07
4352       7.49523e-07
4360       7.16351e-07
4368       6.96631e-07
4376       7.06292e-07
4384       7.06343e-07
4392       7.12872e-07
4400       6.82675e-07
4408       6.66976e-07
4416       6.67735e-07
4424       6.47485e-07
4432       6.56816e-07
4440       6.42296e-07
4448       6.4391e-07
4456       6.34797e-07
4464       5.93781e-07
4472       5.85699e-07
4480       6.20675e-07
4488       6.39043e-07
4496       6.49941e-07
4504       6.9879e-07
4512       7.37937e-07
4520       7.13722e-07
4528       6.44194e-07
4536       6.06085e-07
4544       5.98188e-07
4552       6.12285e-07
4560       6.54393e-07
4568       6.6092e-07
4576       6.48856e-07
4584       6.06592e-07
4592       5.63017e-07
4600       5.5919e-07
4608       5.89916e-07
4616       6.34103e-07
4624       6.64037e-07
4632       6.61016e-07
4640       6.32064e-07
4648       6.25973e-07
4656       6.26661e-07
4664       6.0759e-07
4672       5.99196e-07
4680       6.3777e-07
4688       6.84986e-07
4696       7.16633e-07
4704       7.46974e-07
4712       7.54934e-07
4720       7.31065e-07
4728       6.91116e-07
4736       6.50464e-07
4744       6.59999e-07
4752       6.72611e-07
4760       6.81917e-07
4768       6.87688e-07
4776       7.0077e-07
4784       7.20976e-07
4792       7.34005e-07
4800       7.26667e-07
4808       6.92133e-07
4816       6.56269e-07
4824       6.34751e-07
4832       6.32798e-07
4840       6.69738e-07
4848       6.97907e-07
4856       6.93639e-07
4864       6.97791e-07
4872       7.36453e-07
4880       7.58678e-07
4888       7.66714e-07
4896       7.69093e-07
4904       7.32957e-07
4912       6.89838e-07
4920       6.52508e-07
4928       6.15307e-07
4936       5.97286e-07
4944       6.17944e-07
4952       6.84807e-07
4960       7.20994e-07
4968       6.98805e-07
4976       6.75957e-07
4984       6.97861e-07
4992       7.59448e-07
5000       7.94016e-07
5008       7.85677e-07
5016       7.04275e-07
5024       6.16282e-07
5032       6.11319e-07
5040       6.64946e-07
5048       7.07097e-07
5056       6.86332e-07
5064       6.91492e-07
5072       7.13132e-07
5080       7.02781e-07
5088       7.15281e-07
5096       7.09656e-07
5104       6.93984e-07
5112       6.65673e-07
5120       5.94567e-07
5128       5.62822e-07
5136       5.86332e-07
5144       6.24081e-07
5152       6.57729e-07
5160       6.81325e-07
5168       6.70437e-07
5176       6.58617e-07
5184       6.48283e-07
5192       6.54633e-07
5200       6.9022e-07
5208       7.20188e-07
5216       7.25929e-07
5224       7.0916e-07
5232       6.84933e-07
5240       6.44834e-07
5248       6.47761e-07
5256       6.88784e-07
5264       7.24868e-07
5272       7.1706e-07
5280       6.91306e-07
5288       6.75386e-07
5296       6.87831e-07
5304       7.23316e-07
5312       7.1339e-07
5320       7.02634e-07
5328       6.96861e-07
5336       6.49225e-07
5344       6.34143e-07
5352       6.42147e-07
5360       6.53208e-07
5368       7.04122e-07
5376       7.56631e-07
5384       7.63981e-07
5392       7.54742e-07
5400       7.69622e-07
5408       7.83665e-07
5416       7.73488e-07
5424       7.70939e-07
5432       7.8274e-07
5440       7.61259e-07
5448       7.60208e-07
5456       7.50225e-07
5464       7.43427e-07
5472       7.69017e-07
5480       7.24978e-07
5488       6.92716e-07
5496       6.90262e-07
5504       6.68313e-07
5512       6.94285e-07
5520       7.20991e-07
5528       7.13643e-07
5536       7.03921e-07
5544       7.09339e-07
5552       7.23905e-07
5560       7.06966e-07
5568       6.78378e-07
5576       6.79027e-07
5584       7.20507e-07
5592       7.34862e-07
5600       7.28749e-07
5608       7.19518e-07
5616       7.16782e-07
5624       7.08309e-07
5632       6.90331e-07
5640       7.12346e-07
5648       7.64999e-07
5656       7.92016e-07
5664       8.0132e-07
5672       7.85576e-07
5680       7.6122e-07
5688       7.73767e-07
5696       8.0696e-07
5704       8.34903e-07
5712       8.31775e-07
5720       7.83839e-07
5728       7.33305e-07
5736       7.13975e-07
5744       7.4087e-07
5752       7.67517e-07
5760       7.71226e-07
5768       7.71551e-07
5776       7.47627e-07
5784       7.50382e-07
5792       7.75624e-07
5800       7.8361e-07
5808       7.68086e-07
5816       7.9282e-07
5824       8.56464e-07
5832       8.91704e-07
5840       8.98369e-07
5848       8.85502e-07
5856       8.67773e-07
5864       8.16553e-07
5872       7.55432e-07
5880       7.17001e-07
5888       6.93978e-07
5896       7.21011e-07
5904       7.70112e-07
5912       7.94207e-07
5920       7.92125e-07
5928       7.8834e-07
5936       7.9213e-07
5944       7.85787e-07
5952       7.83709e-07
5960       7.7117e-07
5968       7.53995e-07
5976       7.60518e-07
5984       7.77759e-07
5992       7.81997e-07
6000       7.90191e-07
6008       7.59243e-07
6016       7.24156e-07
6024       7.00644e-07
6032       6.49281e-07
6040       6.51801e-07
6048       7.01914e-07
6056       7.26042e-07
6064       7.42243e-07
6072       7.72228e-07
6080       8.09111e-07
6088       8.04894e-07
6096       7.72291e-07
6104       7.44835e-07
6112       7.39469e-07
6120       7.58805e-07
6128       7.90071e-07
6136       7.71037e-07
6144       7.3636e-07
6152       7.77284e-07
6160       8.5121e-07
6168       8.93946e-07
6176       8.84558e-07
6184       8.31748e-07
6192       7.97051e-07
6200       8.09742e-07
6208       8.10852e-07
6216       7.88392e-07
6224       7.39697e-07
6232       6.86186e-07
6240       6.80741e-07
6248       7.31295e-07
6256       8.0335e-07
6264       8.11629e-07
6272       7.65844e-07
6280       7.25292e-07
6288       7.13958e-07
6296       7.42301e-07
6304       7.80428e-07
6312       8.05825e-07
6320       7.75276e-07
6328       7.44538e-07
6336       7.22712e-07
6344       7.33038e-07
6352       7.66782e-07
6360       7.62874e-07
6368       7.33056e-07
6376       6.75642e-07
6384       6.51239e-07
6392       6.78373e-07
6400       7.29585e-07
6408       7.5177e-07
6416       7.23298e-07
6424       6.9681e-07
6432       6.80045e-07
6440       6.8305e-07
6448       6.73191e-07
6456       6.49133e-07
6464       6.79749e-07
6472       7.21576e-07
6480       7.21247e-07
6488       6.94073e-07
6496       6.95512e-07
6504       7.39497e-07
6512       7.63459e-07
6520       7.45973e-07
6528       7.60964e-07
6536       7.96114e-07
6544       8.02558e-07
6552       7.80795e-07
6560       7.31373e-07
6568       6.79715e-07
6576       6.5934e-07
6584       6.84198e-07
6592       7.3756e-07
6600       7.77282e-07
6608       7.86213e-07
6616       7.65241e-07
6624       7.36307e-07
6632       7.35767e-07
6640       7.33385e-07
6648       7.37098e-07
6656       7.61301e-07
6664       7.69273e-07
6672       7.32444e-07
6680       7.12789e-07
6688       7.18324e-07
6696       7.10176e-07
6704       7.02665e-07
6712       7.21155e-07
6720       7.69371e-07
6728       7.7611e-07
6736       7.53061e-07
6744       7.38331e-07
6752       7.03792e-07
6760       6.8606e-07
6768       6.74588e-07
6776       6.79771e-07
6784       7.21597e-07
6792       7.25591e-07
6800       6.78008e-07
6808       6.5065e-07
6816       6.4293e-07
6824       6.48069e-07
6832       6.57233e-07
6840       6.70918e-07
6848       6.71091e-07
6856       6.5883e-07
6864       7.13956e-07
6872       7.81779e-07
6880       7.96756e-07
6888       7.62613e-07
6896       6.94706e-07
6904       6.68447e-07
6912       6.4994e-07
6920       6.12947e-07
6928       6.24709e-07
6936       6.58507e-07
6944       6.72548e-07
6952       6.86497e-07
6960       6.99304e-07
6968       6.85121e-07
6976       6.58819e-07
6984       6.80167e-07
6992       7.32993e-07
7000       7.50758e-07
7008       7.62316e-07
7016       7.1915e-07
7024       6.58233e-07
7032       6.58336e-07
7040       6.60524e-07
7048       6.4406e-07
7056       6.30978e-07
7064       6.40823e-07
7072       6.41332e-07
7080       6.48866e-07
7088       6.49395e-07
7096       6.38505e-07
7104       6.33032e-07
7112       6.44183e-07
7120       6.50017e-07
7128       6.47047e-07
7136       6.21572e-07
7144       5.96051e-07
7152       6.43106e-07
7160       7.0747e-07
7168       7.26588e-07
7176       7.06631e-07
7184       6.73079e-07
7192       6.30101e-07
7200       6.21986e-07
7208       6.63876e-07
7216       6.8923e-07
7224       7.12311e-07
7232       7.36697e-07
7240       7.37653e-07
7248       7.38257e-07
7256       7.27172e-07
7264       7.06626e-07
7272       6.81116e-07
7280       6.30629e-07
7288       5.94561e-07
7296       6.08651e-07
7304       6.20793e-07
7312       6.0662e-07
7320       6.06572e-07
7328       6.33943e-07
7336       6.65435e-07
7344       6.70293e-07
7352       6.70728e-07
7360       6.79906e-07
7368       6.68311e-07
7376       6.16683e-07
7384       5.91203e-07
7392       6.2887e-07
7400       6.67841e-07
7408       6.76851e-07
7416       6.76636e-07
7424       6.53284e-07
7432       6.35035e-07
7440       6.18599e-07
7448       6.4546e-07
7456       6.65037e-07
7464       6.32463e-07
7472       6.02283e-07
7480       6.1055e-07
7488       6.28181e-07
7496       6.59323e-07
7504       6.7736e-07
7512       6.79744e-07
7520       6.54913e-07
7528       6.39209e-07
7536       6.56794e-07
7544       6.46967e-07
7552       6.39764e-07
7560       6.57295e-07
7568       6.77378e-07
7576       6.83092e-07
7584       6.66094e-07
7592       6.64262e-07
7600       6.77949e-07
7608       7.04683e-07
7616       7.2523e-07
7624       6.9927e-07
7632       6.5676e-07
7640       6.29399e-07
7648       6.49391e-07
7656       7.15857e-07
7664       7.45733e-07
7672       7.3944e-07
7680       6.88668e-07
7688       5.93363e-07
7696       5.61867e-07
7704       5.84898e-07
7712       6.22363e-07
7720       6.47863e-07
7728       6.4054e-07
7736       6.38529e-07
7744       6.48052e-07
7752       6.55435e-07
7760       6.56837e-07
7768       6.45354e-07
7776       6.3582e-07
7784       6.28305e-07
7792       6.26964e-07
7800       6.1413e-07
7808       6.05822e-07
7816       6.22456e-07
7824       6.51661e-07
7832       6.62308e-07
7840       6.35052e-07
7848       6.23653e-07
7856       6.04512e-07
7864       5.88142e-07
7872       5.8102e-07
7880       5.48149e-07
7888       5.55007e-07
7896       5.82975e-07
7904       6.03223e-07
7912       6.30723e-07
7920       6.58409e-07
7928       6.57843e-07
7936       6.56235e-07
7944       6.42221e-07
7952       6.10541e-07
7960       5.91805e-07
7968       5.92733e-07
7976       6.04889e-07
7984       6.27412e-07
7992       6.41764e-07
8000       6.36763e-07
8008       6.42199e-07
8016       6.17314e-07
8024       5.83854e-07
8032       5.96731e-07
8040       5.99553e-07
8048       6.17256e-07
8056       6.37559e-07
8064       6.44926e-07
8072       6.41782e-07
8080       6.40466e-07
8088       6.46458e-07
8096       6.55511e-07
8104       6.45581e-07
8112       5.85956e-07
8120       5.35034e-07
8128       5.40467e-07
8136       5.84149e-07
8144       6.18129e-07
8152       6.24848e-07
8160       6.19906e-07
8168       6.11215e-07
8176       5.94711e-07
8184       5.96716e-07
8192       6.16347e-07
8200       6.32942e-07
8208       6.45872e-07
8216       6.36336e-07
8224       6.13215e-07
8232       6.13294e-07
8240       6.14633e-07
8248       6.40136e-07
8256       6.6809e-07
8264       6.81957e-07
8272       6.84134e-07
8280       6.733e-07 
8288       6.76808e-07
8296       6.87326e-07
8304       6.58918e-07
8312       6.26932e-07
8320       6.1038e-07
8328       5.95096e-07
8336       6.04313e-07
8344       6.13488e-07
8352       6.36418e-07
8360       6.40134e-07
8368       6.41788e-07
8376       6.42466e-07
8384       6.24703e-07
8392       6.11683e-07
8400       5.91276e-07
8408       5.8659e-07
8416       6.18612e-07
8424       6.31792e-07
8432       6.33927e-07
8440       6.05094e-07
8448       5.79861e-07
8456       5.8139e-07
8464       5.55723e-07
8472       5.83096e-07
8480       6.65507e-07
8488       6.94232e-07
8496       6.77675e-07
8504       6.5578e-07
8512       6.67267e-07
8520       7.27246e-07
8528       7.43581e-07
8536       7.07237e-07
8544       6.80664e-07
8552       6.51504e-07
8560       6.31231e-07
8568       6.30783e-07
8576       6.57373e-07
8584       6.93897e-07
8592       6.78222e-07
8600       6.6068e-07
8608       6.31754e-07
8616       5.93075e-07
8624       6.11918e-07
8632       6.59679e-07
8640       6.92778e-07
8648       6.79777e-07
8656       6.58796e-07
8664       6.2174e-07
8672       6.04526e-07
8680       6.14592e-07
8688       6.09268e-07
8696       5.90409e-07
8704       5.95291e-07
8712       6.43246e-07
8720       6.55935e-07
8728       6.32065e-07
8736       6.31834e-07
8744       6.39109e-07
8752       6.3178e-07
8760       5.87429e-07
8768       5.61018e-07
8776       5.98144e-07
8784       6.54779e-07
8792       6.75821e-07
8800       6.71783e-07
8808       6.82718e-07
8816       6.71595e-07
8824       6.42792e-07
8832       6.06427e-07
8840       5.91396e-07
8848       6.16753e-07
8856       6.4291e-07
8864       6.15199e-07
8872       5.86751e-07
8880       5.77612e-07
8888       5.92453e-07
8896       6.29154e-07
8904       6.50396e-07
8912       6.42474e-07
8920       6.38478e-07
8928       6.2725e-07
8936       5.91741e-07
8944       5.66359e-07
8952       5.6313e-07
8960       5.67444e-07
8968       5.89894e-07
8976       6.44412e-07
8984       6.80519e-07
8992       6.70213e-07
9000       6.38901e-07
9008       6.34112e-07
9016       6.50482e-07
9024       6.6278e-07
9032       6.71482e-07
9040       6.57507e-07
9048       6.36482e-07
9056       6.29448e-07
9064       6.37973e-07
9072       6.46518e-07
9080       6.43893e-07
9088       6.27233e-07
9096       6.16791e-07
9104       6.20186e-07
9112       6.20148e-07
9120       6.22019e-07
9128       6.24995e-07
9136       6.53984e-07
9144       6.82325e-07
9152       6.70087e-07
9160       6.35218e-07
9168       6.00749e-07
9176       6.14984e-07
9184       6.09651e-07
9192       6.37264e-07
9200       6.91817e-07
9208       7.16728e-07
9216       7.14498e-07
9224       6.98931e-07
9232       6.88006e-07
9240       6.59049e-07
9248       6.35997e-07
9256       6.40985e-07
9264       6.49232e-07
9272       6.66571e-07
9280       6.59644e-07
9288       6.48644e-07
9296       6.50439e-07
9304       6.10073e-07
9312       5.9133e-07
9320       6.08672e-07
9328       6.27372e-07
9336       6.41863e-07
9344       6.55152e-07
9352       6.41291e-07
9360       6.0761e-07
9368       5.93327e-07
9376       6.00188e-07
9384       6.13654e-07
9392       6.04917e-07
9400       5.98231e-07
9408       6.26244e-07
9416       6.42492e-07
9424       6.34306e-07
9432       6.36551e-07
9440       6.47521e-07
9448       6.31085e-07
9456       6.23854e-07
9464       6.42391e-07
9472       6.70388e-07
9480       6.99597e-07
9488       7.07937e-07
9496       7.06755e-07
9504       6.96643e-07
9512       6.83238e-07
9520       6.78868e-07
9528       6.72951e-07
9536       6.84178e-07
9544       7.06493e-07
9552       7.16585e-07
9560       7.15947e-07
9568       6.87857e-07
9576       6.68839e-07
9584       6.4088e-07
9592       6.12303e-07
9600       6.29105e-07
9608       6.59186e-07
9616       6.91546e-07
9624       7.07192e-07
9632       6.81969e-07
9640       6.35161e-07
9648       6.16194e-07
9656       6.47422e-07
9664       6.70323e-07
9672       6.87442e-07
9680       7.01775e-07
9688       6.95597e-07
9696       6.8729e-07
9704       7.10928e-07
9712       7.30176e-07
9720       7.16641e-07
9728       6.36924e-07
9736       5.78363e-07
9744       6.1537e-07
9752       6.3489e-07
9760       6.23015e-07
9768       6.01064e-07
9776       5.80429e-07
9784       5.9219e-07
9792       6.05532e-07
9800       6.26e-07  
9808       6.34734e-07
9816       6.54846e-07
9824       6.61987e-07
9832       6.45652e-07
9840       6.42297e-07
9848       6.68146e-07
9856       7.07019e-07
9864       7.20863e-07
9872       7.04448e-07
9880       7.01821e-07
9888       7.02794e-07
9896       6.90345e-07
9904       6.82046e-07
9912       6.57253e-07
9920       6.57133e-07
9928       6.68411e-07
9936       6.4578e-07
9944       6.17221e-07
9952       6.33471e-07
9960       6.78416e-07
9968       6.85261e-07
9976       6.59129e-07
9984       6.60255e-07
9992       6.4652e-07
10000      6.34537e-07
10008      6.18789e-07
10016      6.0088e-07
10024      6.00295e-07
10032      6.20187e-07
10040      6.38003e-07
10048      6.3459e-07
10056      6.25869e-07
10064      5.84439e-07
10072      5.71137e-07
10080      5.94622e-07
10088      6.17817e-07
10096      6.66391e-07
10104      6.67851e-07
10112      6.37243e-07
10120      6.00372e-07
10128      6.06594e-07
10136      6.42652e-07
10144      6.47556e-07
10152      6.38378e-07
10160      6.54314e-07
10168      6.67194e-07
10176      6.68101e-07
10184      6.58034e-07
10192      6.21433e-07
10200      6.00336e-07
10208      6.05005e-07
10216      6.20675e-07
10224      6.28457e-07
10232      6.30031e-07
10240      6.2484e-07
10248      6.03338e-07
10256      6.31547e-07
10264      6.50839e-07
10272      6.521e-07 
10280      6.46405e-07
10288      6.37204e-07
10296      6.70538e-07
10304      6.91814e-07
10312      6.74163e-07
10320      6.32321e-07
10328      5.93099e-07
10336      5.74905e-07
10344      5.77188e-07
10352      5.71407e-07
10360      5.76417e-07
10368      5.89376e-07
10376      5.91971e-07
10384      5.81844e-07
10392      5.79317e-07
10400      6.11842e-07
10408      6.20576e-07
10416      6.15542e-07
10424      6.18489e-07
10432      5.96672e-07
10440      6.05247e-07
10448      6.17645e-07
10456      6.25196e-07
10464      6.26093e-07
10472      6.03415e-07
10480      6.03986e-07
10488      6.08578e-07
10496      6.10876e-07
10504      6.2609e-07
10512      6.31122e-07
10520      6.45906e-07
10528      6.32019e-07
10536      5.93797e-07
10544      5.89997e-07
10552      5.76261e-07
10560      5.56874e-07
10568      5.65826e-07
10576      6.11588e-07
10584      6.86457e-07
10592      7.21547e-07
10600      7.11324e-07
10608      6.79147e-07
10616      6.55655e-07
10624      6.7992e-07
10632      7.0894e-07
10640      7.3697e-07
10648      7.42481e-07
10656      7.32734e-07
10664      7.4216e-07
10672      7.44032e-07
10680      7.38452e-07
10688      7.1967e-07
10696      6.65248e-07
10704      6.22076e-07
10712      6.10483e-07
10720      6.08865e-07
10728      6.04961e-07
10736      5.97451e-07
10744      5.98989e-07
10752      6.19404e-07
10760      6.45709e-07
10768      6.4432e-07
10776      6.41695e-07
10784      6.14013e-07
10792      5.99323e-07
10800      6.11974e-07
10808      6.21516e-07
10816      6.14348e-07
10824      5.75872e-07
10832      5.50754e-07
10840      5.67729e-07
10848      6.31972e-07
10856      6.7221e-07
10864      6.46024e-07
10872      5.89565e-07
10880      5.87775e-07
10888      6.17941e-07
10896      6.53841e-07
10904      6.61608e-07
10912      6.29971e-07
10920      5.91914e-07
10928      5.48223e-07
10936      5.72779e-07
10944      6.38751e-07
10952      6.44317e-07
10960      6.14185e-07
10968      5.48766e-07
10976      5.12985e-07
10984      5.63236e-07
10992      6.2193e-07
11000      6.48563e-07
11008      6.52008e-07
11016      6.46239e-07
11024      6.22331e-07
11032      6.1074e-07
11040      6.20006e-07
11048      6.34286e-07
11056      6.38196e-07
11064      6.34441e-07
11072      6.2764e-07
11080      5.88073e-07
11088      5.35488e-07
11096      5.55808e-07
11104      6.21943e-07
11112      6.58908e-07
11120      6.40196e-07
11128      6.199e-07 
11136      6.11277e-07
11144      6.2335e-07
11152      6.32974e-07
11160      6.44359e-07
11168      6.60976e-07
11176      6.76977e-07
11184      7.0497e-07
11192      7.08521e-07
11200      6.75943e-07
11208      6.34782e-07
11216      6.01435e-07
11224      6.04297e-07
11232      6.09839e-07
11240      5.86541e-07
11248      5.67323e-07
11256      5.72042e-07
11264      5.83738e-07
11272      5.94119e-07
11280      5.79817e-07
11288      5.54983e-07
11296      5.46102e-07
11304      5.44391e-07
11312      5.41963e-07
11320      5.49343e-07
11328      5.87965e-07
11336      6.47574e-07
11344      6.87724e-07
11352      6.96484e-07
11360      6.74106e-07
11368      6.53935e-07
11376      6.1616e-07
11384      5.90634e-07
11392      5.99086e-07
11400      6.42406e-07
11408      6.80547e-07
11416      7.04622e-07
11424      6.90161e-07
11432      6.43021e-07
11440      5.97604e-07
11448      5.76417e-07
11456      5.87364e-07
11464      6.27443e-07
11472      6.63959e-07
11480      6.75304e-07
11488      6.66358e-07
11496      6.36966e-07
11504      6.18003e-07
11512      5.99844e-07
11520      5.82672e-07
11528      5.7435e-07
11536      5.63298e-07
11544      5.74463e-07
11552      6.03216e-07
11560      6.21047e-07
11568      6.21002e-07
11576      5.96825e-07
11584      5.62377e-07
11592      5.55299e-07
11600      5.71634e-07
11608      5.90488e-07
11616      6.1759e-07
11624      6.10281e-07
11632      6.24182e-07
11640      6.50283e-07
11648      6.80794e-07
11656      7.15272e-07
11664      6.84002e-07
11672      6.39887e-07
11680      6.1065e-07
11688      6.00134e-07
11696      6.20026e-07
11704      6.45737e-07
11712      6.26602e-07
11720      6.07535e-07
11728      6.28215e-07
11736      6.46631e-07
11744      6.54336e-07
11752      6.31276e-07
11760      5.93184e-07
11768      5.75073e-07
11776      6.19899e-07
11784      6.90574e-07
11792      7.15526e-07
11800      6.90313e-07
11808      6.34721e-07
11816      5.95317e-07
11824      6.00222e-07
11832      6.3435e-07
11840      6.69202e-07
11848      6.77209e-07
11856      6.84497e-07
11864      7.18157e-07
11872      7.44903e-07
11880      7.31054e-07
11888      6.89043e-07
11896      6.56698e-07
11904      6.12329e-07
11912      5.57117e-07
11920      5.38787e-07
11928      5.84478e-07
11936      6.24504e-07
11944      6.25523e-07
11952      6.2042e-07
11960      5.97273e-07
11968      6.09538e-07
11976      6.37623e-07
11984      6.46809e-07
11992      6.5441e-07
12000      6.27189e-07
12008      5.93494e-07
12016      5.9585e-07
12024      6.03613e-07
12032      6.43562e-07
12040      6.77611e-07
12048      6.98034e-07
12056      7.12453e-07
12064      7.03227e-07
12072      6.92396e-07
12080      6.86085e-07
12088      6.57417e-07
12096      6.14684e-07
12104      5.85217e-07
12112      6.0545e-07
12120      6.3485e-07
12128      6.443e-07 
12136      6.3171e-07
12144      6.35548e-07
12152      6.49078e-07
12160      6.38822e-07
12168      6.23197e-07
12176      6.07917e-07
12184      5.94504e-07
12192      6.10339e-07
12200      6.35894e-07
12208      6.43983e-07
12216      6.19435e-07
12224      5.86251e-07
12232      5.88978e-07
12240      6.21772e-07
12248      6.46113e-07
12256      6.31986e-07
12264      5.90239e-07
12272      5.84689e-07
12280      6.04313e-07
12288      6.46609e-07
12296      6.65489e-07
12304      6.47313e-07
12312      6.03053e-07
12320      5.70597e-07
12328      5.76617e-07
12336      6.1565e-07
12344      6.38184e-07
12352      6.46295e-07
12360      6.61897e-07
12368      6.89717e-07
12376      6.84433e-07
12384      6.55085e-07
12392      6.44212e-07
12400      6.44692e-07
12408      6.48881e-07
12416      6.11021e-07
12424      5.76345e-07
12432      5.91595e-07
12440      6.39052e-07
12448      6.80566e-07
12456      6.6699e-07
12464      6.60458e-07
12472      6.63501e-07
12480      6.61767e-07
12488      6.48858e-07
12496      6.3985e-07
12504      6.46117e-07
12512      6.66843e-07
12520      6.68276e-07
12528      6.43392e-07
12536      6.28289e-07
12544      6.37295e-07
12552      6.65769e-07
12560      6.82545e-07
12568      6.75025e-07
12576      6.82867e-07
12584      7.08962e-07
12592      6.96787e-07
12600      6.51343e-07
12608      6.17108e-07
12616      5.99866e-07
12624      5.85805e-07
12632      5.88746e-07
12640      5.93218e-07
12648      6.04667e-07
12656      6.24216e-07
12664      6.70363e-07
12672      7.05667e-07
12680      7.12961e-07
12688      7.14879e-07
12696      6.76081e-07
12704      6.57165e-07
12712      6.52822e-07
12720      6.4783e-07
12728      6.42455e-07
12736      6.35735e-07
12744      6.43489e-07
12752      6.61459e-07
12760      6.53052e-07
12768      6.25583e-07
12776      6.19945e-07
12784      6.14063e-07
12792      6.21189e-07
12800      6.20306e-07
