# Freq.    Mag.
0          6.90364e-05
0.0625     6.70835e-05
0.125      4.52703e-05
0.1875     1.6382e-05
0.25       1.1269e-05
0.3125     1.36016e-05
0.375      1.54349e-05
0.4375     1.60392e-05
0.5        1.4985e-05
0.5625     1.45445e-05
0.625      1.50683e-05
0.6875     1.591e-05 
0.75       1.6248e-05
0.8125     1.6386e-05
0.875      1.6741e-05
0.9375     1.66299e-05
1          1.70045e-05
1.0625     1.75736e-05
1.125      1.84599e-05
1.1875     1.7984e-05
1.25       1.74478e-05
1.3125     1.84619e-05
1.375      1.92111e-05
1.4375     1.95806e-05
1.5        1.9108e-05
1.5625     1.84707e-05
1.625      1.81363e-05
1.6875     1.82164e-05
1.75       1.89588e-05
1.8125     2.00179e-05
1.875      2.02095e-05
1.9375     1.98183e-05
2          1.99882e-05
2.0625     2.00614e-05
2.125      1.86243e-05
2.1875     1.65825e-05
2.25       1.59859e-05
2.3125     1.74349e-05
2.375      1.96256e-05
2.4375     2.13685e-05
2.5        2.22761e-05
2.5625     2.16348e-05
2.625      2.08302e-05
2.6875     2.02363e-05
2.75       2.06642e-05
2.8125     2.11924e-05
2.875      2.18123e-05
2.9375     2.27729e-05
3          2.33955e-05
3.0625     2.12578e-05
3.125      1.82515e-05
3.1875     1.66862e-05
3.25       1.57933e-05
3.3125     1.63369e-05
3.375      1.79389e-05
3.4375     1.89173e-05
3.5        1.88093e-05
3.5625     1.92791e-05
3.625      2.00005e-05
3.6875     1.9622e-05
3.75       1.88781e-05
3.8125     1.91068e-05
3.875      2.01076e-05
3.9375     2.10414e-05
4          2.19885e-05
4.0625     2.25525e-05
4.125      2.15065e-05
4.1875     1.95729e-05
4.25       1.82451e-05
4.3125     1.73887e-05
4.375      1.7095e-05
4.4375     1.6636e-05
4.5        1.73302e-05
4.5625     1.82172e-05
4.625      1.86285e-05
4.6875     1.87419e-05
4.75       1.95843e-05
4.8125     2.01594e-05
4.875      2.0538e-05
4.9375     2.08337e-05
5          2.25178e-05
5.0625     2.48177e-05
5.125      2.48601e-05
5.1875     2.27992e-05
5.25       2.02198e-05
5.3125     1.91683e-05
5.375      1.94328e-05
5.4375     2.00191e-05
5.5        2.00186e-05
5.5625     1.93829e-05
5.625      1.83162e-05
5.6875     1.81181e-05
5.75       1.81717e-05
5.8125     1.80486e-05
5.875      1.89983e-05
5.9375     2.0207e-05
6          2.01304e-05
6.0625     1.97707e-05
6.125      1.80211e-05
6.1875     1.75626e-05
6.25       1.88953e-05
6.3125     2.00667e-05
6.375      2.00068e-05
6.4375     1.93265e-05
6.5        1.90327e-05
6.5625     1.9439e-05
6.625      1.86555e-05
6.6875     1.71256e-05
6.75       1.60958e-05
6.8125     1.61747e-05
6.875      1.71737e-05
6.9375     1.78686e-05
7          1.82543e-05
7.0625     1.86421e-05
7.125      1.93272e-05
7.1875     1.8923e-05
7.25       1.77862e-05
7.3125     1.75942e-05
7.375      1.82469e-05
7.4375     1.82369e-05
7.5        1.89141e-05
7.5625     2.01946e-05
7.625      2.12526e-05
7.6875     2.14269e-05
7.75       2.08074e-05
7.8125     1.97387e-05
7.875      1.82058e-05
7.9375     1.70786e-05
8          1.59879e-05
8.0625     1.55822e-05
8.125      1.7147e-05
8.1875     1.83827e-05
8.25       1.90294e-05
8.3125     1.94329e-05
8.375      1.91263e-05
8.4375     1.83185e-05
8.5        1.79189e-05
8.5625     1.80276e-05
8.625      1.74303e-05
8.6875     1.6391e-05
8.75       1.53395e-05
8.8125     1.5494e-05
8.875      1.70117e-05
8.9375     1.87426e-05
9          2.02013e-05
9.0625     2.12821e-05
9.125      2.30609e-05
9.1875     2.30725e-05
9.25       2.10926e-05
9.3125     1.95085e-05
9.375      1.97305e-05
9.4375     2.1648e-05
9.5        2.26089e-05
9.5625     2.17505e-05
9.625      2.05737e-05
9.6875     1.96139e-05
9.75       1.97986e-05
9.8125     1.98079e-05
9.875      1.98322e-05
9.9375     1.98317e-05
10         2.02935e-05
10.0625    1.97226e-05
10.125     1.77054e-05
10.1875    1.65174e-05
10.25      1.73896e-05
10.3125    1.8742e-05
10.375     1.88165e-05
10.4375    1.84189e-05
10.5       1.92525e-05
10.5625    1.98963e-05
10.625     1.98041e-05
10.6875    1.89481e-05
10.75      1.84528e-05
10.8125    1.81655e-05
10.875     1.7325e-05
10.9375    1.66384e-05
11         1.66765e-05
11.0625    1.64416e-05
11.125     1.62902e-05
11.1875    1.70726e-05
11.25      1.79241e-05
11.3125    1.8517e-05
11.375     1.79186e-05
11.4375    1.7915e-05
11.5       1.81855e-05
11.5625    1.8042e-05
11.625     1.81241e-05
11.6875    1.65184e-05
11.75      1.52884e-05
11.8125    1.56999e-05
11.875     1.56342e-05
11.9375    1.56742e-05
12         1.65914e-05
12.0625    1.7704e-05
12.125     1.88254e-05
12.1875    1.9026e-05
12.25      1.77738e-05
12.3125    1.72009e-05
12.375     1.75051e-05
12.4375    1.74822e-05
12.5       1.78692e-05
12.5625    1.86412e-05
12.625     1.90242e-05
12.6875    1.89682e-05
12.75      1.92147e-05
12.8125    2.06175e-05
12.875     2.09898e-05
12.9375    2.00118e-05
13         1.93201e-05
13.0625    1.86383e-05
13.125     1.69385e-05
13.1875    1.51664e-05
13.25      1.53276e-05
13.3125    1.63966e-05
13.375     1.64843e-05
13.4375    1.49192e-05
13.5       1.41934e-05
13.5625    1.4888e-05
13.625     1.62229e-05
13.6875    1.72532e-05
13.75      1.75235e-05
13.8125    1.76645e-05
13.875     1.84087e-05
13.9375    1.88175e-05
14         1.87406e-05
14.0625    1.76503e-05
14.125     1.64902e-05
14.1875    1.68274e-05
14.25      1.77029e-05
14.3125    1.86971e-05
14.375     1.92125e-05
14.4375    1.93486e-05
14.5       1.92085e-05
14.5625    1.84695e-05
14.625     1.80686e-05
14.6875    1.70475e-05
14.75      1.58963e-05
14.8125    1.54954e-05
14.875     1.5391e-05
14.9375    1.51074e-05
15         1.55505e-05
15.0625    1.60808e-05
15.125     1.58404e-05
15.1875    1.52003e-05
15.25      1.60241e-05
15.3125    1.8505e-05
15.375     2.01954e-05
15.4375    2.03844e-05
15.5       2.01672e-05
15.5625    1.96431e-05
15.625     1.92227e-05
15.6875    1.91882e-05
15.75      1.81006e-05
15.8125    1.67039e-05
15.875     1.63793e-05
15.9375    1.66829e-05
16         1.68307e-05
16.0625    1.6856e-05
16.125     1.76599e-05
16.1875    1.7588e-05
16.25      1.64889e-05
16.3125    1.55628e-05
16.375     1.52621e-05
16.4375    1.52035e-05
16.5       1.5562e-05
16.5625    1.63632e-05
16.625     1.71362e-05
16.6875    1.72159e-05
16.75      1.75093e-05
16.8125    1.85013e-05
16.875     1.92004e-05
16.9375    1.97601e-05
17         1.93414e-05
17.0625    1.85687e-05
17.125     1.90822e-05
17.1875    1.86465e-05
17.25      1.67028e-05
17.3125    1.56564e-05
17.375     1.55049e-05
17.4375    1.60347e-05
17.5       1.67708e-05
17.5625    1.65603e-05
17.625     1.68148e-05
17.6875    1.784e-05 
17.75      1.82054e-05
17.8125    1.80615e-05
17.875     1.73993e-05
17.9375    1.68003e-05
18         1.68666e-05
18.0625    1.74925e-05
18.125     1.92749e-05
18.1875    2.1135e-05
18.25      2.08944e-05
18.3125    1.93102e-05
18.375     1.82087e-05
18.4375    1.7927e-05
18.5       1.92175e-05
18.5625    2.0328e-05
18.625     2.18813e-05
18.6875    2.2374e-05
18.75      2.12502e-05
18.8125    1.96791e-05
18.875     1.76481e-05
18.9375    1.6107e-05
19         1.48541e-05
19.0625    1.42686e-05
19.125     1.49748e-05
19.1875    1.52636e-05
19.25      1.53466e-05
19.3125    1.55466e-05
19.375     1.56447e-05
19.4375    1.53655e-05
19.5       1.46094e-05
19.5625    1.40815e-05
19.625     1.48868e-05
19.6875    1.60938e-05
19.75      1.63081e-05
19.8125    1.52247e-05
19.875     1.36535e-05
19.9375    1.46388e-05
20         1.66495e-05
20.0625    1.68596e-05
20.125     1.56668e-05
20.1875    1.50536e-05
20.25      1.49073e-05
20.3125    1.49198e-05
20.375     1.42417e-05
20.4375    1.46142e-05
20.5       1.54174e-05
20.5625    1.47597e-05
20.625     1.45584e-05
20.6875    1.45987e-05
20.75      1.39902e-05
20.8125    1.42968e-05
20.875     1.60679e-05
20.9375    1.69141e-05
21         1.74109e-05
21.0625    1.73212e-05
21.125     1.65849e-05
21.1875    1.6394e-05
21.25      1.64757e-05
21.3125    1.64151e-05
21.375     1.60077e-05
21.4375    1.56834e-05
21.5       1.56228e-05
21.5625    1.49222e-05
21.625     1.45276e-05
21.6875    1.50411e-05
21.75      1.6074e-05
21.8125    1.61389e-05
21.875     1.5313e-05
21.9375    1.47357e-05
22         1.42674e-05
22.0625    1.36963e-05
22.125     1.33733e-05
22.1875    1.48857e-05
22.25      1.68967e-05
22.3125    1.73488e-05
22.375     1.678e-05 
22.4375    1.67109e-05
22.5       1.62719e-05
22.5625    1.58269e-05
22.625     1.55809e-05
22.6875    1.48781e-05
22.75      1.47674e-05
22.8125    1.61349e-05
22.875     1.75707e-05
22.9375    1.76522e-05
23         1.64729e-05
23.0625    1.47373e-05
23.125     1.37575e-05
23.1875    1.43373e-05
23.25      1.56035e-05
23.3125    1.68006e-05
23.375     1.75258e-05
23.4375    1.7209e-05
23.5       1.66047e-05
23.5625    1.71993e-05
23.625     1.78089e-05
23.6875    1.80858e-05
23.75      1.73902e-05
23.8125    1.64795e-05
23.875     1.58212e-05
23.9375    1.5687e-05
24         1.69232e-05
24.0625    1.89848e-05
24.125     1.90006e-05
24.1875    1.79854e-05
24.25      1.70458e-05
24.3125    1.65722e-05
24.375     1.67526e-05
24.4375    1.61238e-05
24.5       1.54571e-05
24.5625    1.45075e-05
24.625     1.41062e-05
24.6875    1.39971e-05
24.75      1.46921e-05
24.8125    1.74847e-05
24.875     1.94588e-05
24.9375    1.93983e-05
25         1.84152e-05
25.0625    1.63909e-05
25.125     1.56415e-05
25.1875    1.55722e-05
25.25      1.43678e-05
25.3125    1.33945e-05
25.375     1.35758e-05
25.4375    1.42759e-05
25.5       1.52082e-05
25.5625    1.57211e-05
25.625     1.50781e-05
25.6875    1.41668e-05
25.75      1.42602e-05
25.8125    1.49464e-05
25.875     1.55832e-05
25.9375    1.56012e-05
26         1.55517e-05
26.0625    1.56313e-05
26.125     1.58102e-05
26.1875    1.54866e-05
26.25      1.51588e-05
26.3125    1.4865e-05
26.375     1.53601e-05
26.4375    1.58432e-05
26.5       1.64731e-05
26.5625    1.6958e-05
26.625     1.67854e-05
26.6875    1.6256e-05
26.75      1.46136e-05
26.8125    1.34289e-05
26.875     1.34714e-05
26.9375    1.4716e-05
27         1.52682e-05
27.0625    1.52475e-05
27.125     1.49957e-05
27.1875    1.42671e-05
27.25      1.39626e-05
27.3125    1.43392e-05
27.375     1.52925e-05
27.4375    1.65014e-05
27.5       1.70298e-05
27.5625    1.71132e-05
27.625     1.70413e-05
27.6875    1.65544e-05
27.75      1.55486e-05
27.8125    1.46821e-05
27.875     1.44793e-05
27.9375    1.47076e-05
28         1.46996e-05
28.0625    1.42707e-05
28.125     1.35932e-05
28.1875    1.29614e-05
28.25      1.2436e-05
28.3125    1.21324e-05
28.375     1.28571e-05
28.4375    1.43652e-05
28.5       1.5657e-05
28.5625    1.5893e-05
28.625     1.48107e-05
28.6875    1.42704e-05
28.75      1.49056e-05
28.8125    1.60357e-05
28.875     1.67321e-05
28.9375    1.64858e-05
29         1.55945e-05
29.0625    1.42445e-05
29.125     1.4075e-05
29.1875    1.45907e-05
29.25      1.42908e-05
29.3125    1.28794e-05
29.375     1.26032e-05
29.4375    1.3645e-05
29.5       1.41258e-05
29.5625    1.44285e-05
29.625     1.36455e-05
29.6875    1.34522e-05
29.75      1.42609e-05
29.8125    1.38707e-05
29.875     1.30728e-05
29.9375    1.26795e-05
30         1.2721e-05
30.0625    1.32507e-05
30.125     1.37394e-05
30.1875    1.37353e-05
30.25      1.31129e-05
30.3125    1.25166e-05
30.375     1.31388e-05
30.4375    1.42005e-05
30.5       1.40927e-05
30.5625    1.41838e-05
30.625     1.54179e-05
30.6875    1.6241e-05
30.75      1.64535e-05
30.8125    1.58917e-05
30.875     1.50537e-05
30.9375    1.45918e-05
31         1.38494e-05
31.0625    1.30365e-05
31.125     1.19334e-05
31.1875    1.17636e-05
31.25      1.29147e-05
31.3125    1.34292e-05
31.375     1.42483e-05
31.4375    1.44172e-05
31.5       1.49428e-05
31.5625    1.6801e-05
31.625     1.76714e-05
31.6875    1.6798e-05
31.75      1.57167e-05
31.8125    1.44246e-05
31.875     1.29871e-05
31.9375    1.20988e-05
32         1.24091e-05
32.0625    1.30833e-05
32.125     1.32524e-05
32.1875    1.32477e-05
32.25      1.30466e-05
32.3125    1.33859e-05
32.375     1.3076e-05
32.4375    1.19782e-05
32.5       1.1535e-05
32.5625    1.19904e-05
32.625     1.26034e-05
32.6875    1.31216e-05
32.75      1.32144e-05
32.8125    1.29496e-05
32.875     1.31329e-05
32.9375    1.34123e-05
33         1.29108e-05
33.0625    1.24873e-05
33.125     1.28362e-05
33.1875    1.32484e-05
33.25      1.33545e-05
33.3125    1.20712e-05
33.375     1.1216e-05
33.4375    1.13224e-05
33.5       1.15773e-05
33.5625    1.25368e-05
33.625     1.29982e-05
33.6875    1.32721e-05
33.75      1.23376e-05
33.8125    1.24446e-05
33.875     1.40621e-05
33.9375    1.50797e-05
34         1.46285e-05
34.0625    1.35564e-05
34.125     1.31628e-05
34.1875    1.27718e-05
34.25      1.21947e-05
34.3125    1.19933e-05
34.375     1.26349e-05
34.4375    1.32957e-05
34.5       1.41053e-05
34.5625    1.52851e-05
34.625     1.51216e-05
34.6875    1.43409e-05
34.75      1.42255e-05
34.8125    1.47362e-05
34.875     1.55405e-05
34.9375    1.59463e-05
35         1.56723e-05
35.0625    1.53238e-05
35.125     1.44575e-05
35.1875    1.29111e-05
35.25      1.25545e-05
35.3125    1.29251e-05
35.375     1.37754e-05
35.4375    1.46071e-05
35.5       1.55777e-05
35.5625    1.58451e-05
35.625     1.57594e-05
35.6875    1.63084e-05
35.75      1.54965e-05
35.8125    1.40469e-05
35.875     1.34524e-05
35.9375    1.28247e-05
36         1.19659e-05
36.0625    1.09695e-05
36.125     1.07634e-05
36.1875    1.17194e-05
36.25      1.28275e-05
36.3125    1.34954e-05
36.375     1.40849e-05
36.4375    1.42419e-05
36.5       1.34726e-05
36.5625    1.32039e-05
36.625     1.2924e-05
36.6875    1.22967e-05
36.75      1.14111e-05
36.8125    1.10998e-05
36.875     1.07766e-05
36.9375    1.09628e-05
37         1.199e-05 
37.0625    1.21267e-05
37.125     1.11067e-05
37.1875    9.71783e-06
37.25      1.00264e-05
37.3125    1.21662e-05
37.375     1.39964e-05
37.4375    1.39907e-05
37.5       1.32838e-05
37.5625    1.31193e-05
37.625     1.30833e-05
37.6875    1.30927e-05
37.75      1.2596e-05
37.8125    1.19569e-05
37.875     1.15721e-05
37.9375    1.22024e-05
38         1.26339e-05
38.0625    1.28159e-05
38.125     1.29735e-05
38.1875    1.22268e-05
38.25      1.21709e-05
38.3125    1.23704e-05
38.375     1.26602e-05
38.4375    1.33835e-05
38.5       1.36369e-05
38.5625    1.25713e-05
38.625     1.15078e-05
38.6875    1.1479e-05
38.75      1.13163e-05
38.8125    1.10838e-05
38.875     1.13636e-05
38.9375    1.2556e-05
39         1.30103e-05
39.0625    1.23641e-05
39.125     1.16242e-05
39.1875    1.20825e-05
39.25      1.69621e-05
39.3125    2.86698e-05
39.375     3.41455e-05
39.4375    3.39861e-05
39.5       3.06465e-05
39.5625    1.9278e-05
39.625     1.25642e-05
39.6875    1.24087e-05
39.75      1.22656e-05
39.8125    1.20058e-05
39.875     1.25731e-05
39.9375    1.26813e-05
40         1.23156e-05
40.0625    1.22319e-05
40.125     1.22977e-05
40.1875    1.22197e-05
40.25      1.24692e-05
40.3125    1.29292e-05
40.375     1.34219e-05
40.4375    1.30241e-05
40.5       1.27167e-05
40.5625    1.24755e-05
40.625     1.16122e-05
40.6875    1.15873e-05
40.75      1.2303e-05
40.8125    1.28667e-05
40.875     1.32864e-05
40.9375    1.27408e-05
41         1.15552e-05
41.0625    1.1047e-05
41.125     1.1118e-05
41.1875    1.15363e-05
41.25      1.19211e-05
41.3125    1.22218e-05
41.375     1.21774e-05
41.4375    1.14112e-05
41.5       1.12176e-05
41.5625    1.15476e-05
41.625     1.22409e-05
41.6875    1.25828e-05
41.75      1.28256e-05
41.8125    1.35475e-05
41.875     1.41938e-05
41.9375    1.31986e-05
42         1.1443e-05
42.0625    1.06394e-05
42.125     1.05075e-05
42.1875    1.10177e-05
42.25      1.18445e-05
42.3125    1.19202e-05
42.375     1.1738e-05
42.4375    1.14956e-05
42.5       1.11621e-05
42.5625    1.14555e-05
42.625     1.11559e-05
42.6875    1.07349e-05
42.75      1.06859e-05
42.8125    1.04371e-05
42.875     1.04708e-05
42.9375    1.08039e-05
43         1.14729e-05
43.0625    1.17231e-05
43.125     1.19052e-05
43.1875    1.1689e-05
43.25      1.13666e-05
43.3125    1.07564e-05
43.375     1.04428e-05
43.4375    1.1313e-05
43.5       1.16394e-05
43.5625    1.22294e-05
43.625     1.26295e-05
43.6875    1.2494e-05
43.75      1.23041e-05
43.8125    1.20502e-05
43.875     1.22543e-05
43.9375    1.20416e-05
44         1.15682e-05
44.0625    1.17266e-05
44.125     1.25899e-05
44.1875    1.28477e-05
44.25      1.16724e-05
44.3125    1.13593e-05
44.375     1.16558e-05
44.4375    1.17224e-05
44.5       1.24031e-05
44.5625    1.34147e-05
44.625     1.45564e-05
44.6875    1.51847e-05
44.75      1.54138e-05
44.8125    1.52245e-05
44.875     1.45333e-05
44.9375    1.35593e-05
45         1.31452e-05
45.0625    1.22947e-05
45.125     1.14192e-05
45.1875    1.1283e-05
45.25      1.07722e-05
45.3125    9.72841e-06
45.375     9.73323e-06
45.4375    1.09865e-05
45.5       1.15661e-05
45.5625    1.13056e-05
45.625     1.06839e-05
45.6875    1.00846e-05
45.75      1.05821e-05
45.8125    1.19922e-05
45.875     1.23256e-05
45.9375    1.18907e-05
46         1.12764e-05
46.0625    1.06096e-05
46.125     1.03366e-05
46.1875    1.05247e-05
46.25      1.10862e-05
46.3125    1.06357e-05
46.375     1.06991e-05
46.4375    1.08778e-05
46.5       1.08954e-05
46.5625    1.15592e-05
46.625     1.27011e-05
46.6875    1.32431e-05
46.75      1.26936e-05
46.8125    1.14304e-05
46.875     1.03634e-05
46.9375    1.00389e-05
47         9.79696e-06
47.0625    9.92228e-06
47.125     1.08568e-05
47.1875    1.11977e-05
47.25      1.07225e-05
47.3125    1.09722e-05
47.375     1.19995e-05
47.4375    1.24977e-05
47.5       1.17212e-05
47.5625    1.01243e-05
47.625     1.03686e-05
47.6875    1.11148e-05
47.75      1.15754e-05
47.8125    1.18446e-05
47.875     1.17817e-05
47.9375    1.16216e-05
48         1.10554e-05
48.0625    1.07045e-05
48.125     1.0617e-05
48.1875    1.08643e-05
48.25      1.15126e-05
48.3125    1.1686e-05
48.375     1.17952e-05
48.4375    1.16728e-05
48.5       1.23067e-05
48.5625    1.30367e-05
48.625     1.273e-05 
48.6875    1.17956e-05
48.75      1.08175e-05
48.8125    1.01446e-05
48.875     1.00209e-05
48.9375    1.06453e-05
49         1.1246e-05
49.0625    1.12707e-05
49.125     1.07605e-05
49.1875    1.02979e-05
49.25      1.13482e-05
49.3125    1.25967e-05
49.375     1.38095e-05
49.4375    1.42844e-05
49.5       1.37749e-05
49.5625    1.27225e-05
49.625     1.24707e-05
49.6875    1.27229e-05
49.75      1.23221e-05
49.8125    1.12933e-05
49.875     1.10854e-05
49.9375    1.15957e-05
50         1.16748e-05
50.0625    1.12721e-05
50.125     1.03127e-05
50.1875    9.66007e-06
50.25      9.6677e-06
50.3125    9.75406e-06
50.375     9.62664e-06
50.4375    9.98406e-06
50.5       1.06117e-05
50.5625    1.11484e-05
50.625     1.11314e-05
50.6875    1.0821e-05
50.75      1.02418e-05
50.8125    1.0481e-05
50.875     1.1084e-05
50.9375    1.1146e-05
51         1.08687e-05
51.0625    1.03796e-05
51.125     9.80118e-06
51.1875    9.54628e-06
51.25      9.54756e-06
51.3125    9.14339e-06
51.375     9.31181e-06
51.4375    1.02687e-05
51.5       1.06226e-05
51.5625    1.07921e-05
51.625     1.11968e-05
51.6875    1.09717e-05
51.75      1.11691e-05
51.8125    1.16784e-05
51.875     1.16478e-05
51.9375    1.14632e-05
52         1.14612e-05
52.0625    1.15738e-05
52.125     1.14717e-05
52.1875    1.11566e-05
52.25      1.05638e-05
52.3125    1.0533e-05
52.375     1.04719e-05
52.4375    1.03086e-05
52.5       9.58285e-06
52.5625    9.12626e-06
52.625     9.37367e-06
52.6875    9.44954e-06
52.75      8.50217e-06
52.8125    7.81875e-06
52.875     9.12564e-06
52.9375    1.04039e-05
53         9.85398e-06
53.0625    9.19973e-06
53.125     9.71348e-06
53.1875    1.01018e-05
53.25      1.04478e-05
53.3125    1.04333e-05
53.375     1.03248e-05
53.4375    1.03968e-05
53.5       1.01321e-05
53.5625    9.8043e-06
53.625     9.82609e-06
53.6875    1.07074e-05
53.75      1.18202e-05
53.8125    1.25165e-05
53.875     1.23773e-05
53.9375    1.11617e-05
54         1.03112e-05
54.0625    1.06287e-05
54.125     1.09566e-05
54.1875    1.07984e-05
54.25      1.03431e-05
54.3125    9.9531e-06
54.375     9.767e-06 
54.4375    9.57209e-06
54.5       9.61744e-06
54.5625    9.71165e-06
54.625     9.54507e-06
54.6875    9.43363e-06
54.75      9.22686e-06
54.8125    9.41331e-06
54.875     1.03442e-05
54.9375    1.0732e-05
55         1.06113e-05
55.0625    9.82263e-06
55.125     9.37334e-06
55.1875    9.37533e-06
55.25      9.69389e-06
55.3125    9.62913e-06
55.375     9.56555e-06
55.4375    9.47153e-06
55.5       9.54439e-06
55.5625    9.5323e-06
55.625     9.50151e-06
55.6875    9.25066e-06
55.75      9.64725e-06
55.8125    1.02768e-05
55.875     1.0589e-05
55.9375    1.13503e-05
56         1.19011e-05
56.0625    1.14584e-05
56.125     1.06272e-05
56.1875    1.03136e-05
56.25      1.04946e-05
56.3125    1.01957e-05
56.375     9.87692e-06
56.4375    9.36033e-06
56.5       8.93448e-06
56.5625    8.99775e-06
56.625     9.7589e-06
56.6875    1.09328e-05
56.75      1.09822e-05
56.8125    1.02153e-05
56.875     1.05146e-05
56.9375    1.13415e-05
57         1.2046e-05
57.0625    1.17042e-05
57.125     1.03941e-05
57.1875    8.82981e-06
57.25      7.4828e-06
57.3125    7.52858e-06
57.375     8.8623e-06
57.4375    1.01838e-05
57.5       1.01856e-05
57.5625    9.79554e-06
57.625     9.55172e-06
57.6875    9.77139e-06
57.75      1.00774e-05
57.8125    9.77127e-06
57.875     8.72328e-06
57.9375    8.27545e-06
58         8.2958e-06
58.0625    8.4513e-06
58.125     8.81623e-06
58.1875    8.97758e-06
58.25      9.29267e-06
58.3125    9.88713e-06
58.375     1.00648e-05
58.4375    9.92927e-06
58.5       1.03011e-05
58.5625    1.06649e-05
58.625     1.04918e-05
58.6875    1.05588e-05
58.75      1.10915e-05
58.8125    1.09672e-05
58.875     1.0615e-05
58.9375    1.02611e-05
59         1.00063e-05
59.0625    9.20176e-06
59.125     9.12314e-06
59.1875    9.65326e-06
59.25      9.56149e-06
59.3125    9.98005e-06
59.375     9.8442e-06
59.4375    9.48079e-06
59.5       9.48733e-06
59.5625    9.06441e-06
59.625     8.45879e-06
59.6875    7.77752e-06
59.75      7.67173e-06
59.8125    8.75472e-06
59.875     1.14727e-05
59.9375    1.38179e-05
60         1.4357e-05
60.0625    1.40628e-05
60.125     1.20369e-05
60.1875    1.02965e-05
60.25      1.00337e-05
60.3125    9.82595e-06
60.375     9.30026e-06
60.4375    8.66874e-06
60.5       8.46401e-06
60.5625    8.52873e-06
60.625     8.48073e-06
60.6875    8.74124e-06
60.75      9.24402e-06
60.8125    9.63531e-06
60.875     9.67708e-06
60.9375    9.67615e-06
61         9.61461e-06
61.0625    8.7606e-06
61.125     8.08745e-06
61.1875    8.25035e-06
61.25      8.8366e-06
61.3125    9.1003e-06
61.375     9.06987e-06
61.4375    9.36408e-06
61.5       9.05985e-06
61.5625    9.13803e-06
61.625     9.3857e-06
61.6875    9.16964e-06
61.75      8.67117e-06
61.8125    8.56492e-06
61.875     8.31086e-06
61.9375    7.95908e-06
62         7.77992e-06
62.0625    7.88167e-06
62.125     8.52053e-06
62.1875    9.10741e-06
62.25      9.24394e-06
62.3125    9.33071e-06
62.375     9.64005e-06
62.4375    9.64614e-06
62.5       9.60214e-06
62.5625    9.31403e-06
62.625     8.39469e-06
62.6875    8.16606e-06
62.75      8.44459e-06
62.8125    7.86089e-06
62.875     7.70756e-06
62.9375    8.56115e-06
63         9.13079e-06
63.0625    9.63289e-06
63.125     9.76116e-06
63.1875    9.51224e-06
63.25      9.05046e-06
63.3125    8.67635e-06
63.375     8.4575e-06
63.4375    8.44265e-06
63.5       8.43148e-06
63.5625    8.34299e-06
63.625     7.47786e-06
63.6875    6.99123e-06
63.75      8.12758e-06
63.8125    9.25868e-06
63.875     9.41997e-06
63.9375    9.27883e-06
64         9.32053e-06
64.0625    9.19004e-06
64.125     9.27606e-06
64.1875    9.03e-06  
64.25      9.0006e-06
64.3125    8.92589e-06
64.375     8.4794e-06
64.4375    8.34904e-06
64.5       8.78296e-06
64.5625    8.92657e-06
64.625     8.84421e-06
64.6875    8.79918e-06
64.75      8.5941e-06
64.8125    8.24685e-06
64.875     7.97075e-06
64.9375    7.95798e-06
65         8.25172e-06
65.0625    9.48849e-06
65.125     1.05723e-05
65.1875    1.05191e-05
65.25      9.53425e-06
65.3125    8.64098e-06
65.375     8.29758e-06
65.4375    8.00448e-06
65.5       7.875e-06 
65.5625    8.81811e-06
65.625     1.0194e-05
65.6875    1.04841e-05
65.75      9.95456e-06
65.8125    9.09916e-06
65.875     8.50494e-06
65.9375    8.29391e-06
66         8.16538e-06
66.0625    8.45134e-06
66.125     9.1838e-06
66.1875    9.38148e-06
66.25      9.43114e-06
66.3125    9.76161e-06
66.375     9.83383e-06
66.4375    9.28908e-06
66.5       9.26278e-06
66.5625    9.12078e-06
66.625     8.33148e-06
66.6875    8.10418e-06
66.75      8.2764e-06
66.8125    8.59107e-06
66.875     8.14171e-06
66.9375    7.03513e-06
67         7.22108e-06
67.0625    7.7797e-06
67.125     8.0194e-06
67.1875    8.0513e-06
67.25      7.88758e-06
67.3125    7.95833e-06
67.375     8.42558e-06
67.4375    8.82479e-06
67.5       9.13225e-06
67.5625    9.06882e-06
67.625     9.07277e-06
67.6875    8.92911e-06
67.75      9.2238e-06
67.8125    1.01487e-05
67.875     1.03409e-05
67.9375    9.70887e-06
68         9.20857e-06
68.0625    9.13612e-06
68.125     9.56476e-06
68.1875    9.98305e-06
68.25      9.69579e-06
68.3125    9.56498e-06
68.375     9.40919e-06
68.4375    8.74274e-06
68.5       8.31103e-06
68.5625    8.11558e-06
68.625     8.5384e-06
68.6875    8.62599e-06
68.75      7.77548e-06
68.8125    7.06657e-06
68.875     6.94934e-06
68.9375    7.42704e-06
69         8.10586e-06
69.0625    8.80963e-06
69.125     9.2742e-06
69.1875    9.1184e-06
69.25      8.45075e-06
69.3125    7.47103e-06
69.375     6.69183e-06
69.4375    7.41305e-06
69.5       8.2008e-06
69.5625    8.52081e-06
69.625     8.32696e-06
69.6875    7.24769e-06
69.75      7.11116e-06
69.8125    7.77013e-06
69.875     7.98169e-06
69.9375    8.16102e-06
70         8.09696e-06
70.0625    8.27146e-06
70.125     8.72987e-06
70.1875    8.57381e-06
70.25      8.43625e-06
70.3125    8.82696e-06
70.375     8.99306e-06
70.4375    9.33307e-06
70.5       9.64327e-06
70.5625    9.24608e-06
70.625     8.84416e-06
70.6875    8.39142e-06
70.75      7.95169e-06
70.8125    8.22738e-06
70.875     8.37509e-06
70.9375    8.0847e-06
71         7.84255e-06
71.0625    7.47489e-06
71.125     7.06597e-06
71.1875    6.74742e-06
71.25      6.42154e-06
71.3125    6.98965e-06
71.375     7.228e-06 
71.4375    7.92555e-06
71.5       8.81431e-06
71.5625    8.76969e-06
71.625     8.51519e-06
71.6875    8.81272e-06
71.75      9.74182e-06
71.8125    1.00354e-05
71.875     9.6915e-06
71.9375    9.05865e-06
72         8.57624e-06
72.0625    8.43607e-06
72.125     8.43604e-06
72.1875    8.7992e-06
72.25      9.28253e-06
72.3125    8.82066e-06
72.375     7.54128e-06
72.4375    6.9913e-06
72.5       6.99865e-06
72.5625    7.1831e-06
72.625     7.31561e-06
72.6875    7.38192e-06
72.75      7.72249e-06
72.8125    8.18669e-06
72.875     8.64362e-06
72.9375    8.68175e-06
73         8.22421e-06
73.0625    8.28372e-06
73.125     8.56866e-06
73.1875    8.1863e-06
73.25      7.84873e-06
73.3125    7.38213e-06
73.375     7.30191e-06
73.4375    7.40336e-06
73.5       7.53003e-06
73.5625    7.23076e-06
73.625     7.26756e-06
73.6875    7.97499e-06
73.75      8.41646e-06
73.8125    8.15055e-06
73.875     7.58902e-06
73.9375    7.03576e-06
74         7.24581e-06
74.0625    7.65677e-06
74.125     7.56961e-06
74.1875    7.50636e-06
74.25      7.35255e-06
74.3125    7.51583e-06
74.375     7.98919e-06
74.4375    7.90504e-06
74.5       7.83247e-06
74.5625    8.22057e-06
74.625     8.58459e-06
74.6875    8.69224e-06
74.75      8.25481e-06
74.8125    7.87155e-06
74.875     7.53664e-06
74.9375    7.97693e-06
75         8.75023e-06
75.0625    8.88429e-06
75.125     8.4577e-06
75.1875    7.75195e-06
75.25      7.28085e-06
75.3125    6.76956e-06
75.375     6.53809e-06
75.4375    6.45301e-06
75.5       6.99773e-06
75.5625    7.7843e-06
75.625     8.03248e-06
75.6875    7.9114e-06
75.75      7.99953e-06
75.8125    8.16141e-06
75.875     8.36872e-06
75.9375    8.13223e-06
76         7.38825e-06
76.0625    7.08447e-06
76.125     7.44123e-06
76.1875    8.00432e-06
76.25      8.44835e-06
76.3125    8.08752e-06
76.375     7.43323e-06
76.4375    7.3386e-06
76.5       7.62321e-06
76.5625    8.11124e-06
76.625     8.65099e-06
76.6875    8.72482e-06
76.75      8.32743e-06
76.8125    7.96642e-06
76.875     7.95456e-06
76.9375    8.3011e-06
77         8.48982e-06
77.0625    8.09057e-06
77.125     7.90619e-06
77.1875    8.01372e-06
77.25      8.26508e-06
77.3125    8.40278e-06
77.375     8.40541e-06
77.4375    8.54788e-06
77.5       8.6883e-06
77.5625    8.65149e-06
77.625     7.99129e-06
77.6875    7.27312e-06
77.75      6.91883e-06
77.8125    6.97617e-06
77.875     7.42997e-06
77.9375    7.49756e-06
78         7.55653e-06
78.0625    7.25316e-06
78.125     6.88943e-06
78.1875    6.74324e-06
78.25      6.81562e-06
78.3125    7.38287e-06
78.375     7.64735e-06
78.4375    7.40995e-06
78.5       6.8146e-06
78.5625    6.06958e-06
78.625     6.45472e-06
78.6875    6.86658e-06
78.75      7.19e-06  
78.8125    7.66599e-06
78.875     8.10504e-06
78.9375    8.73451e-06
79         9.04081e-06
79.0625    8.91417e-06
79.125     8.54638e-06
79.1875    8.01367e-06
79.25      7.1746e-06
79.3125    6.69684e-06
79.375     6.93628e-06
79.4375    7.31459e-06
79.5       7.32395e-06
79.5625    7.12972e-06
79.625     7.23835e-06
79.6875    7.61481e-06
79.75      7.34742e-06
79.8125    6.9774e-06
79.875     7.12539e-06
79.9375    7.7024e-06
80         8.14853e-06
80.0625    8.17351e-06
80.125     8.0004e-06
80.1875    8.08714e-06
80.25      8.18508e-06
80.3125    8.04056e-06
80.375     7.13475e-06
80.4375    6.35612e-06
80.5       6.69749e-06
80.5625    7.07548e-06
80.625     7.28675e-06
80.6875    7.90951e-06
80.75      7.6014e-06
80.8125    6.51576e-06
80.875     6.35332e-06
80.9375    7.01249e-06
81         7.2247e-06
81.0625    6.6951e-06
81.125     6.1705e-06
81.1875    6.11102e-06
81.25      6.69414e-06
81.3125    6.77201e-06
81.375     6.6123e-06
81.4375    6.35307e-06
81.5       6.6292e-06
81.5625    6.8954e-06
81.625     6.62192e-06
81.6875    6.35786e-06
81.75      6.19099e-06
81.8125    6.20856e-06
81.875     6.21438e-06
81.9375    6.43253e-06
82         6.52583e-06
82.0625    6.50572e-06
82.125     6.76389e-06
82.1875    7.18663e-06
82.25      7.30346e-06
82.3125    7.23114e-06
82.375     6.95138e-06
82.4375    6.67318e-06
82.5       6.54946e-06
82.5625    6.65351e-06
82.625     6.75438e-06
82.6875    6.6947e-06
82.75      6.79859e-06
82.8125    7.30132e-06
82.875     7.72593e-06
82.9375    7.73968e-06
83         7.56285e-06
83.0625    7.70435e-06
83.125     7.65925e-06
83.1875    7.1191e-06
83.25      6.4197e-06
83.3125    6.11844e-06
83.375     6.2022e-06
83.4375    6.49485e-06
83.5       6.71424e-06
83.5625    7.05191e-06
83.625     7.10297e-06
83.6875    6.95461e-06
83.75      6.94034e-06
83.8125    7.11333e-06
83.875     7.50327e-06
83.9375    7.70343e-06
84         7.39562e-06
84.0625    6.82863e-06
84.125     6.44658e-06
84.1875    6.65605e-06
84.25      6.68965e-06
84.3125    6.6971e-06
84.375     6.8646e-06
84.4375    6.74473e-06
84.5       6.57053e-06
84.5625    6.32492e-06
84.625     6.81453e-06
84.6875    7.23322e-06
84.75      7.2391e-06
84.8125    6.90615e-06
84.875     6.81501e-06
84.9375    7.28016e-06
85         7.62395e-06
85.0625    7.92074e-06
85.125     8.29747e-06
85.1875    7.97994e-06
85.25      6.88602e-06
85.3125    5.7379e-06
85.375     5.60356e-06
85.4375    6.12228e-06
85.5       7.03594e-06
85.5625    7.77965e-06
85.625     8.10205e-06
85.6875    8.00434e-06
85.75      7.2539e-06
85.8125    6.93704e-06
85.875     7.39722e-06
85.9375    7.81043e-06
86         7.70403e-06
86.0625    7.12498e-06
86.125     6.67887e-06
86.1875    6.65224e-06
86.25      6.73735e-06
86.3125    7.13449e-06
86.375     7.83964e-06
86.4375    8.09769e-06
86.5       7.86706e-06
86.5625    7.30565e-06
86.625     6.85343e-06
86.6875    6.63737e-06
86.75      6.42669e-06
86.8125    6.56571e-06
86.875     7.24721e-06
86.9375    7.70446e-06
87         7.89716e-06
87.0625    7.83678e-06
87.125     6.99827e-06
87.1875    6.69303e-06
87.25      7.40571e-06
87.3125    8.15792e-06
87.375     8.67939e-06
87.4375    8.34854e-06
87.5       7.37632e-06
87.5625    6.9764e-06
87.625     6.75466e-06
87.6875    6.3912e-06
87.75      6.23093e-06
87.8125    6.08054e-06
87.875     6.23654e-06
87.9375    6.85059e-06
88         7.21473e-06
88.0625    7.24366e-06
88.125     6.83608e-06
88.1875    6.53175e-06
88.25      6.07011e-06
88.3125    6.01419e-06
88.375     6.58328e-06
88.4375    6.95236e-06
88.5       6.99806e-06
88.5625    6.72895e-06
88.625     6.49253e-06
88.6875    6.07889e-06
88.75      5.79434e-06
88.8125    6.03826e-06
88.875     6.22802e-06
88.9375    6.63004e-06
89         6.87512e-06
89.0625    6.72043e-06
89.125     6.23837e-06
89.1875    5.86002e-06
89.25      5.65818e-06
89.3125    5.78382e-06
89.375     5.70945e-06
89.4375    5.99631e-06
89.5       6.23343e-06
89.5625    6.04847e-06
89.625     5.64223e-06
89.6875    5.62847e-06
89.75      6.23955e-06
89.8125    6.78327e-06
89.875     6.86455e-06
89.9375    6.74956e-06
90         7.13167e-06
90.0625    7.27486e-06
90.125     6.76342e-06
90.1875    6.28944e-06
90.25      5.96986e-06
90.3125    5.64148e-06
90.375     5.99684e-06
90.4375    6.73572e-06
90.5       7.17583e-06
90.5625    7.19313e-06
90.625     6.90042e-06
90.6875    6.57253e-06
90.75      6.50408e-06
90.8125    6.8405e-06
90.875     7.03027e-06
90.9375    6.6014e-06
91         6.09156e-06
91.0625    5.5821e-06
91.125     5.07461e-06
91.1875    5.19712e-06
91.25      5.63623e-06
91.3125    6.53188e-06
91.375     7.3086e-06
91.4375    7.56558e-06
91.5       7.7343e-06
91.5625    7.7782e-06
91.625     7.67673e-06
91.6875    7.50404e-06
91.75      7.06252e-06
91.8125    6.69784e-06
91.875     6.54583e-06
91.9375    6.59126e-06
92         6.84078e-06
92.0625    6.94045e-06
92.125     7.16391e-06
92.1875    7.45131e-06
92.25      7.69309e-06
92.3125    7.63029e-06
92.375     6.93794e-06
92.4375    5.8042e-06
92.5       5.61837e-06
92.5625    6.07891e-06
92.625     6.26055e-06
92.6875    6.27919e-06
92.75      6.33343e-06
92.8125    6.51539e-06
92.875     6.83713e-06
92.9375    6.9521e-06
93         6.89201e-06
93.0625    6.77003e-06
93.125     6.50912e-06
93.1875    6.61932e-06
93.25      6.68875e-06
93.3125    6.27446e-06
93.375     5.84772e-06
93.4375    5.78699e-06
93.5       5.84631e-06
93.5625    5.56839e-06
93.625     5.64612e-06
93.6875    5.99121e-06
93.75      6.65617e-06
93.8125    7.19522e-06
93.875     7.41784e-06
93.9375    7.46886e-06
94         7.37016e-06
94.0625    7.64726e-06
94.125     7.63712e-06
94.1875    6.90064e-06
94.25      6.37311e-06
94.3125    6.09529e-06
94.375     6.01534e-06
94.4375    6.2974e-06
94.5       6.51678e-06
94.5625    6.4565e-06
94.625     6.34945e-06
94.6875    6.3885e-06
94.75      6.46987e-06
94.8125    6.27539e-06
94.875     5.89842e-06
94.9375    5.72296e-06
95         5.58392e-06
95.0625    5.49733e-06
95.125     5.3349e-06
95.1875    5.55046e-06
95.25      6.29318e-06
95.3125    6.79892e-06
95.375     6.53434e-06
95.4375    6.59711e-06
95.5       7.02916e-06
95.5625    7.13265e-06
95.625     7.19431e-06
95.6875    7.15476e-06
95.75      6.58773e-06
95.8125    5.6403e-06
95.875     4.70103e-06
95.9375    4.30711e-06
96         4.97701e-06
96.0625    5.66344e-06
96.125     6.02489e-06
96.1875    6.24804e-06
96.25      6.40442e-06
96.3125    6.35377e-06
96.375     6.31122e-06
96.4375    6.50428e-06
96.5       6.85279e-06
96.5625    7.23459e-06
96.625     7.42643e-06
96.6875    7.48341e-06
96.75      7.46893e-06
96.8125    7.36633e-06
96.875     7.33574e-06
96.9375    6.76586e-06
97         6.31178e-06
97.0625    6.55239e-06
97.125     6.32852e-06
97.1875    6.07065e-06
97.25      6.38199e-06
97.3125    6.65884e-06
97.375     6.873e-06 
97.4375    6.82036e-06
97.5       6.4361e-06
97.5625    6.63552e-06
97.625     6.77948e-06
97.6875    6.44558e-06
97.75      6.21446e-06
97.8125    6.047e-06 
97.875     6.18868e-06
97.9375    6.50322e-06
98         6.63965e-06
98.0625    6.73303e-06
98.125     6.34336e-06
98.1875    6.23203e-06
98.25      6.51617e-06
98.3125    6.50897e-06
98.375     6.29163e-06
98.4375    6.23545e-06
98.5       6.37188e-06
98.5625    6.70484e-06
98.625     7.14525e-06
98.6875    6.98571e-06
98.75      6.4384e-06
98.8125    6.4148e-06
98.875     6.80557e-06
98.9375    6.8435e-06
99         6.74012e-06
99.0625    6.62402e-06
99.125     6.54458e-06
99.1875    6.26731e-06
99.25      5.95108e-06
99.3125    5.85314e-06
99.375     5.86625e-06
99.4375    5.73565e-06
99.5       5.59437e-06
99.5625    5.90295e-06
99.625     6.58062e-06
99.6875    6.79734e-06
99.75      6.63693e-06
99.8125    6.36774e-06
99.875     6.24706e-06
99.9375    6.23962e-06
100        6.25299e-06
