# Freq.    Mag.
0          2.05343e-05
8          2.01738e-05
16         1.7634e-05
24         1.48776e-05
32         1.3474e-05
40         1.216e-05 
48         1.02385e-05
56         8.33489e-06
64         7.66459e-06
72         7.64222e-06
80         7.78011e-06
88         7.52993e-06
96         6.84986e-06
104        6.21625e-06
112        5.69932e-06
120        5.20272e-06
128        4.68177e-06
136        4.47167e-06
144        4.54954e-06
152        4.51921e-06
160        4.18165e-06
168        3.62298e-06
176        3.17046e-06
184        3.05182e-06
192        3.0738e-06
200        3.08825e-06
208        2.9337e-06
216        2.73972e-06
224        2.62231e-06
232        2.52148e-06
240        2.49976e-06
248        2.40323e-06
256        2.21039e-06
264        2.10854e-06
272        2.09249e-06
280        2.01615e-06
288        1.927e-06 
296        1.82919e-06
304        1.85916e-06
312        1.92176e-06
320        1.92096e-06
328        1.90066e-06
336        1.87726e-06
344        1.9258e-06
352        1.9228e-06
360        1.87467e-06
368        1.77156e-06
376        1.67128e-06
384        1.59855e-06
392        1.52049e-06
400        1.4158e-06
408        1.34936e-06
416        1.39104e-06
424        1.50711e-06
432        1.53654e-06
440        1.49154e-06
448        1.42952e-06
456        1.41911e-06
464        1.43374e-06
472        1.52223e-06
480        1.59247e-06
488        1.57499e-06
496        1.48087e-06
504        1.37587e-06
512        1.36239e-06
520        1.3415e-06
528        1.26662e-06
536        1.20335e-06
544        1.20714e-06
552        1.20518e-06
560        1.20079e-06
568        1.23075e-06
576        1.26947e-06
584        1.26426e-06
592        1.20673e-06
600        1.15983e-06
608        1.18166e-06
616        1.2197e-06
624        1.21108e-06
632        1.15942e-06
640        1.11862e-06
648        1.07181e-06
656        1.05883e-06
664        1.09951e-06
672        1.17542e-06
680        1.19791e-06
688        1.10437e-06
696        1.05528e-06
704        1.07808e-06
712        1.08428e-06
720        1.03906e-06
728        1.01599e-06
736        1.01286e-06
744        1.02342e-06
752        1.04114e-06
760        1.03646e-06
768        1.03304e-06
776        1.02568e-06
784        1.01817e-06
792        1.01566e-06
800        1.02262e-06
808        1.05025e-06
816        1.01693e-06
824        9.85201e-07
832        9.96229e-07
840        1.02913e-06
848        1.04543e-06
856        1.01868e-06
864        9.59799e-07
872        9.37915e-07
880        9.72899e-07
888        9.69592e-07
896        9.75473e-07
904        9.28242e-07
912        8.7592e-07
920        8.83639e-07
928        8.99271e-07
936        8.79108e-07
944        8.56378e-07
952        9.05202e-07
960        9.6886e-07
968        1.01647e-06
976        1.05724e-06
984        1.34439e-06
992        1.68477e-06
1000       1.69806e-06
1008       1.61697e-06
1016       1.25093e-06
1024       9.76924e-07
1032       9.94681e-07
1040       9.73222e-07
1048       9.13699e-07
1056       8.95534e-07
1064       8.9629e-07
1072       8.76174e-07
1080       8.50435e-07
1088       8.69504e-07
1096       9.03771e-07
1104       9.11271e-07
1112       8.60121e-07
1120       8.33134e-07
1128       8.69649e-07
1136       8.92662e-07
1144       9.07446e-07
1152       8.80825e-07
1160       8.64085e-07
1168       8.62367e-07
1176       9.04184e-07
1184       9.28222e-07
1192       9.45087e-07
1200       9.60364e-07
1208       9.44537e-07
1216       9.28719e-07
1224       8.59844e-07
1232       8.12427e-07
1240       8.17721e-07
1248       8.52202e-07
1256       8.83574e-07
1264       8.93234e-07
1272       8.58452e-07
1280       8.12084e-07
1288       7.84541e-07
1296       7.87019e-07
1304       8.28659e-07
1312       8.96562e-07
1320       9.38482e-07
1328       9.54318e-07
1336       9.07569e-07
1344       8.56742e-07
1352       8.45195e-07
1360       8.01974e-07
1368       7.66074e-07
1376       7.53309e-07
1384       7.44062e-07
1392       7.84516e-07
1400       8.12352e-07
1408       8.30003e-07
1416       8.04999e-07
1424       7.65457e-07
1432       7.9199e-07
1440       8.28555e-07
1448       8.60493e-07
1456       8.84817e-07
1464       8.97097e-07
1472       8.77987e-07
1480       8.64163e-07
1488       8.80771e-07
1496       8.84415e-07
1504       9.00622e-07
1512       9.11969e-07
1520       9.02392e-07
1528       8.64714e-07
1536       7.88812e-07
1544       7.46813e-07
1552       7.35614e-07
1560       7.59543e-07
1568       7.93119e-07
1576       7.93748e-07
1584       7.52769e-07
1592       7.06206e-07
1600       6.71075e-07
1608       6.89558e-07
1616       6.93182e-07
1624       6.73791e-07
1632       6.57441e-07
1640       6.57581e-07
1648       6.68153e-07
1656       6.92625e-07
1664       7.4656e-07
1672       7.97917e-07
1680       7.96284e-07
1688       7.42879e-07
1696       7.12694e-07
1704       7.43763e-07
1712       7.74475e-07
1720       7.90734e-07
1728       7.84387e-07
1736       7.76938e-07
1744       7.65091e-07
1752       7.31155e-07
1760       6.91899e-07
1768       6.86998e-07
1776       7.14394e-07
1784       7.28929e-07
1792       7.32114e-07
1800       7.32003e-07
1808       7.01796e-07
1816       6.63649e-07
1824       6.35053e-07
1832       6.40499e-07
1840       6.67402e-07
1848       6.85491e-07
1856       6.85811e-07
1864       6.80486e-07
1872       6.83985e-07
1880       6.77655e-07
1888       6.78356e-07
1896       6.86144e-07
1904       6.9509e-07
1912       7.1469e-07
1920       7.50623e-07
1928       7.90916e-07
1936       8.34681e-07
1944       8.60325e-07
1952       8.6212e-07
1960       8.26347e-07
1968       7.62391e-07
1976       7.09613e-07
1984       6.92643e-07
1992       6.74371e-07
2000       6.31838e-07
2008       6.38469e-07
2016       6.94475e-07
2024       7.72767e-07
2032       8.09073e-07
2040       7.95034e-07
2048       7.89996e-07
2056       7.72362e-07
2064       7.14863e-07
2072       6.98179e-07
2080       6.99902e-07
2088       6.73498e-07
2096       6.46215e-07
2104       6.82019e-07
2112       7.37325e-07
2120       7.38323e-07
2128       7.24907e-07
2136       7.06679e-07
2144       6.78248e-07
2152       6.69868e-07
2160       6.80345e-07
2168       7.15457e-07
2176       7.62221e-07
2184       7.53948e-07
2192       6.99196e-07
2200       6.5542e-07
2208       6.3988e-07
2216       6.49206e-07
2224       6.79573e-07
2232       6.88894e-07
2240       6.91042e-07
2248       6.82518e-07
2256       6.76764e-07
2264       6.85655e-07
2272       6.84988e-07
2280       7.09171e-07
2288       7.19231e-07
2296       6.87964e-07
2304       6.83814e-07
2312       6.91606e-07
2320       7.17307e-07
2328       7.14328e-07
2336       6.70963e-07
2344       6.63351e-07
2352       6.58972e-07
2360       6.57298e-07
2368       6.55713e-07
2376       6.63896e-07
2384       6.42795e-07
2392       6.33794e-07
2400       6.56796e-07
2408       6.59955e-07
2416       6.73159e-07
2424       6.92137e-07
2432       7.00798e-07
2440       7.01312e-07
2448       7.04964e-07
2456       6.8795e-07
2464       6.43775e-07
2472       5.92994e-07
2480       5.64737e-07
2488       5.72223e-07
2496       5.95067e-07
2504       6.26269e-07
2512       6.23631e-07
2520       6.24022e-07
2528       6.48342e-07
2536       6.78708e-07
2544       6.83755e-07
2552       6.54549e-07
2560       6.30703e-07
2568       6.0277e-07
2576       5.80905e-07
2584       5.66952e-07
2592       5.76308e-07
2600       5.81947e-07
2608       5.95776e-07
2616       6.25652e-07
2624       6.56751e-07
2632       6.8765e-07
2640       6.7534e-07
2648       6.50333e-07
2656       6.60055e-07
2664       6.34174e-07
2672       6.03592e-07
2680       6.05967e-07
2688       6.21183e-07
2696       6.40517e-07
2704       6.57297e-07
2712       6.5276e-07
2720       6.31173e-07
2728       6.254e-07 
2736       6.41245e-07
2744       6.57576e-07
2752       6.77341e-07
2760       6.81599e-07
2768       6.56527e-07
2776       6.46526e-07
2784       6.38429e-07
2792       6.32847e-07
2800       6.47657e-07
2808       6.75295e-07
2816       7.27394e-07
2824       7.56606e-07
2832       7.26493e-07
2840       6.91262e-07
2848       6.61777e-07
2856       6.62352e-07
2864       6.46197e-07
2872       6.09628e-07
2880       6.19779e-07
2888       6.58326e-07
2896       6.45542e-07
2904       6.09024e-07
2912       5.86298e-07
2920       5.98905e-07
2928       6.34736e-07
2936       6.38934e-07
2944       6.53199e-07
2952       6.74149e-07
2960       6.79171e-07
2968       6.63928e-07
2976       6.69628e-07
2984       7.22563e-07
2992       7.7826e-07
3000       7.87977e-07
3008       7.70968e-07
3016       6.79739e-07
3024       6.17431e-07
3032       6.32213e-07
3040       6.45426e-07
3048       6.50859e-07
3056       6.2071e-07
3064       5.92061e-07
3072       6.07342e-07
3080       6.28225e-07
3088       6.30351e-07
3096       6.41929e-07
3104       6.50579e-07
3112       6.34094e-07
3120       6.16747e-07
3128       6.25195e-07
3136       6.06445e-07
3144       5.80262e-07
3152       5.8212e-07
3160       5.86046e-07
3168       6.20293e-07
3176       6.79538e-07
3184       6.84439e-07
3192       6.74981e-07
3200       6.76083e-07
3208       6.55179e-07
3216       6.36859e-07
3224       6.23927e-07
3232       6.36252e-07
3240       6.47271e-07
3248       6.51037e-07
3256       6.47283e-07
3264       6.30578e-07
3272       6.16388e-07
3280       5.95361e-07
3288       5.81269e-07
3296       5.76518e-07
3304       6.26655e-07
3312       6.74263e-07
3320       6.70397e-07
3328       6.42696e-07
3336       6.4785e-07
3344       6.72342e-07
3352       6.92268e-07
3360       6.92508e-07
3368       6.49334e-07
3376       6.36014e-07
3384       6.46546e-07
3392       6.32289e-07
3400       5.77103e-07
3408       5.55227e-07
3416       5.74575e-07
3424       6.01896e-07
3432       6.24946e-07
3440       6.4063e-07
3448       6.39326e-07
3456       6.08058e-07
3464       5.7439e-07
3472       5.83677e-07
3480       6.11075e-07
3488       6.30697e-07
3496       6.43831e-07
3504       6.4505e-07
3512       6.56446e-07
3520       6.39245e-07
3528       6.25725e-07
3536       6.09092e-07
3544       6.27917e-07
3552       6.21344e-07
3560       5.89834e-07
3568       5.80482e-07
3576       5.97403e-07
3584       6.19732e-07
3592       6.1594e-07
3600       5.98676e-07
3608       6.00128e-07
3616       6.22191e-07
3624       6.17349e-07
3632       6.15172e-07
3640       6.0621e-07
3648       5.85086e-07
3656       5.76002e-07
3664       5.50949e-07
3672       5.69909e-07
3680       5.93168e-07
3688       5.89316e-07
3696       5.8189e-07
3704       6.15471e-07
3712       6.52655e-07
3720       6.52786e-07
3728       6.51883e-07
3736       6.66395e-07
3744       6.66572e-07
3752       6.49326e-07
3760       6.49372e-07
3768       6.54553e-07
3776       6.72178e-07
3784       6.87049e-07
3792       6.73736e-07
3800       6.27422e-07
3808       5.93054e-07
3816       6.03452e-07
3824       6.15148e-07
3832       6.10908e-07
3840       5.84441e-07
3848       5.4317e-07
3856       5.48259e-07
3864       5.60058e-07
3872       5.89189e-07
3880       6.04889e-07
3888       6.13306e-07
3896       6.29856e-07
3904       6.19986e-07
3912       6.0362e-07
3920       6.05422e-07
3928       5.89805e-07
3936       5.85942e-07
3944       6.33344e-07
3952       6.76543e-07
3960       6.83454e-07
3968       6.65905e-07
3976       6.43444e-07
3984       6.53914e-07
3992       6.52257e-07
4000       6.14816e-07
4008       6.11454e-07
4016       6.24582e-07
4024       6.40221e-07
4032       6.31384e-07
4040       6.25306e-07
4048       6.31176e-07
4056       6.1642e-07
4064       6.17412e-07
4072       6.37908e-07
4080       6.36429e-07
4088       6.21744e-07
4096       5.89493e-07
4104       5.53433e-07
4112       5.51292e-07
4120       5.90446e-07
4128       6.33748e-07
4136       6.56894e-07
4144       6.5792e-07
4152       6.42514e-07
4160       6.11159e-07
4168       6.10153e-07
4176       6.36039e-07
4184       6.73625e-07
4192       6.87751e-07
4200       6.77678e-07
4208       6.53635e-07
4216       6.2673e-07
4224       6.14215e-07
4232       5.9564e-07
4240       5.76007e-07
4248       5.69567e-07
4256       5.6648e-07
4264       5.63226e-07
4272       5.59028e-07
4280       5.25142e-07
4288       5.17294e-07
4296       5.63096e-07
4304       6.01951e-07
4312       6.16054e-07
4320       6.03865e-07
4328       6.05308e-07
4336       6.43264e-07
4344       6.69017e-07
4352       6.89275e-07
4360       6.85394e-07
4368       6.65859e-07
4376       6.50549e-07
4384       6.36642e-07
4392       6.18694e-07
4400       6.102e-07 
4408       6.33375e-07
4416       6.45353e-07
4424       6.39588e-07
4432       6.31899e-07
4440       6.20743e-07
4448       6.03584e-07
4456       5.95487e-07
4464       6.2269e-07
4472       6.78116e-07
4480       7.10368e-07
4488       6.97417e-07
4496       6.66942e-07
4504       6.34186e-07
4512       6.01821e-07
4520       5.68739e-07
4528       5.5674e-07
4536       5.61728e-07
4544       5.67364e-07
4552       5.70658e-07
4560       5.77859e-07
4568       5.84118e-07
4576       5.97859e-07
4584       5.90443e-07
4592       6.09055e-07
4600       6.56712e-07
4608       6.91547e-07
4616       6.87415e-07
4624       6.36385e-07
4632       5.99649e-07
4640       6.13583e-07
4648       6.43402e-07
4656       6.53292e-07
4664       6.36648e-07
4672       6.24643e-07
4680       6.3297e-07
4688       6.28466e-07
4696       6.26059e-07
4704       6.22638e-07
4712       6.12764e-07
4720       6.10846e-07
4728       6.08134e-07
4736       6.19542e-07
4744       6.26832e-07
4752       6.24563e-07
4760       6.46529e-07
4768       6.79324e-07
4776       6.51755e-07
4784       6.05572e-07
4792       5.80365e-07
4800       5.77137e-07
4808       6.06706e-07
4816       5.99196e-07
4824       5.84013e-07
4832       5.90583e-07
4840       6.06487e-07
4848       6.10786e-07
4856       6.19381e-07
4864       6.23277e-07
4872       6.23239e-07
4880       6.27123e-07
4888       6.36006e-07
4896       6.43714e-07
4904       6.5295e-07
4912       6.47345e-07
4920       6.25359e-07
4928       5.79954e-07
4936       5.45372e-07
4944       5.6439e-07
4952       5.98439e-07
4960       6.15521e-07
4968       5.94861e-07
4976       5.68511e-07
4984       5.98524e-07
4992       6.62027e-07
5000       6.90922e-07
5008       6.8415e-07
5016       6.23887e-07
5024       5.79662e-07
5032       5.72709e-07
5040       5.54211e-07
5048       5.26545e-07
5056       4.98885e-07
5064       5.14515e-07
5072       5.6872e-07
5080       6.02124e-07
5088       5.993e-07 
5096       5.9313e-07
5104       6.07798e-07
5112       6.34311e-07
5120       6.2455e-07
5128       5.89071e-07
5136       5.63103e-07
5144       5.66804e-07
5152       6.02172e-07
5160       6.10656e-07
5168       5.78606e-07
5176       5.49218e-07
5184       5.57016e-07
5192       5.92564e-07
5200       6.15187e-07
5208       6.05848e-07
5216       6.1389e-07
5224       6.37808e-07
5232       6.49762e-07
5240       6.59051e-07
5248       6.67675e-07
5256       6.71658e-07
5264       6.34736e-07
5272       5.99563e-07
5280       6.03069e-07
5288       5.89856e-07
5296       5.71333e-07
5304       5.63349e-07
5312       6.08867e-07
5320       6.59001e-07
5328       6.94452e-07
5336       7.22294e-07
5344       7.30453e-07
5352       6.91543e-07
5360       6.44033e-07
5368       6.02941e-07
5376       5.82651e-07
5384       5.62372e-07
5392       5.3949e-07
5400       5.83868e-07
5408       6.45925e-07
5416       6.83443e-07
5424       6.80061e-07
5432       6.4261e-07
5440       5.92992e-07
5448       5.83882e-07
5456       5.85115e-07
5464       5.73791e-07
5472       5.79448e-07
5480       6.0784e-07
5488       6.25282e-07
5496       6.33387e-07
5504       6.30208e-07
5512       6.13811e-07
5520       5.80452e-07
5528       5.65714e-07
5536       5.73894e-07
5544       6.01522e-07
5552       6.1159e-07
5560       5.91134e-07
5568       5.67415e-07
5576       5.76098e-07
5584       5.85447e-07
5592       5.71178e-07
5600       5.73743e-07
5608       5.7023e-07
5616       5.78702e-07
5624       6.02944e-07
5632       6.10908e-07
5640       6.15201e-07
5648       6.09948e-07
5656       6.23963e-07
5664       6.10936e-07
5672       5.73454e-07
5680       5.37042e-07
5688       5.81785e-07
5696       6.68064e-07
5704       7.14858e-07
5712       6.86407e-07
5720       6.41291e-07
5728       6.22742e-07
5736       6.15189e-07
5744       6.43621e-07
5752       6.66935e-07
5760       6.43623e-07
5768       6.14492e-07
5776       6.20171e-07
5784       6.18193e-07
5792       5.97984e-07
5800       5.80024e-07
5808       5.66966e-07
5816       5.83728e-07
5824       6.06587e-07
5832       6.22533e-07
5840       6.4048e-07
5848       6.46307e-07
5856       6.31902e-07
5864       6.07986e-07
5872       5.85465e-07
5880       5.64257e-07
5888       5.68578e-07
5896       6.04244e-07
5904       6.26772e-07
5912       6.30649e-07
5920       6.36652e-07
5928       6.33163e-07
5936       6.25775e-07
5944       6.20306e-07
5952       6.14427e-07
5960       6.01524e-07
5968       5.95689e-07
5976       5.90964e-07
5984       6.17281e-07
5992       6.53003e-07
6000       6.72005e-07
6008       6.6697e-07
6016       6.14356e-07
6024       5.74014e-07
6032       5.88094e-07
6040       6.00235e-07
6048       5.79002e-07
6056       5.61733e-07
6064       5.61762e-07
6072       5.94783e-07
6080       5.99682e-07
6088       5.98879e-07
6096       5.99347e-07
6104       5.68812e-07
6112       5.61743e-07
6120       5.84441e-07
6128       6.11974e-07
6136       6.51967e-07
6144       6.57153e-07
6152       6.22912e-07
6160       6.04941e-07
6168       6.00596e-07
6176       6.1146e-07
6184       6.27577e-07
6192       6.3766e-07
6200       6.41631e-07
6208       6.4306e-07
6216       6.34223e-07
6224       6.20539e-07
6232       6.13065e-07
6240       5.90734e-07
6248       5.69206e-07
6256       5.63697e-07
6264       5.79287e-07
6272       6.12895e-07
6280       5.94986e-07
6288       5.85317e-07
6296       5.91781e-07
6304       5.89921e-07
6312       5.95562e-07
6320       5.97266e-07
6328       6.13443e-07
6336       6.45671e-07
6344       6.67706e-07
6352       6.57483e-07
6360       6.16986e-07
6368       6.0107e-07
6376       6.33942e-07
6384       6.75226e-07
6392       6.78819e-07
6400       6.77638e-07
6408       6.91197e-07
6416       6.95192e-07
6424       6.71312e-07
6432       6.33566e-07
6440       5.84708e-07
6448       5.63586e-07
6456       5.65614e-07
6464       5.81686e-07
6472       6.08922e-07
6480       6.27212e-07
6488       6.48174e-07
6496       6.53832e-07
6504       6.26162e-07
6512       6.18651e-07
6520       6.25513e-07
6528       6.56102e-07
6536       6.95938e-07
6544       7.32372e-07
6552       7.77002e-07
6560       7.88341e-07
6568       7.62499e-07
6576       7.14369e-07
6584       6.64159e-07
6592       6.43025e-07
6600       6.41165e-07
6608       6.3455e-07
6616       6.304e-07 
6624       6.46542e-07
6632       6.36994e-07
6640       6.22153e-07
6648       6.01156e-07
6656       5.73103e-07
6664       5.65096e-07
6672       5.99427e-07
6680       6.39599e-07
6688       6.6236e-07
6696       6.56372e-07
6704       6.43687e-07
6712       6.2094e-07
6720       6.13536e-07
6728       6.25172e-07
6736       6.31741e-07
6744       6.47966e-07
6752       6.57216e-07
6760       6.53623e-07
6768       6.48418e-07
6776       6.15486e-07
6784       5.79243e-07
6792       5.89251e-07
6800       6.39981e-07
6808       6.59889e-07
6816       6.30722e-07
6824       5.77814e-07
6832       5.6278e-07
6840       6.0216e-07
6848       6.28913e-07
6856       6.26308e-07
6864       6.06234e-07
6872       5.78679e-07
6880       5.39671e-07
6888       4.95014e-07
6896       4.93737e-07
6904       5.04618e-07
6912       5.14191e-07
6920       5.47434e-07
6928       5.80506e-07
6936       6.05956e-07
6944       6.25841e-07
6952       6.6488e-07
6960       6.80705e-07
6968       6.43071e-07
6976       6.23889e-07
6984       6.30648e-07
6992       6.60933e-07
7000       6.78362e-07
7008       6.88865e-07
7016       6.56182e-07
7024       5.87379e-07
7032       5.61941e-07
7040       5.6277e-07
7048       5.56859e-07
7056       5.57952e-07
7064       5.67776e-07
7072       5.77804e-07
7080       5.64487e-07
7088       5.73055e-07
7096       6.13131e-07
7104       6.19928e-07
7112       6.23124e-07
7120       6.31599e-07
7128       6.28436e-07
7136       6.38526e-07
7144       6.21793e-07
7152       5.86578e-07
7160       5.52854e-07
7168       5.39879e-07
7176       5.47799e-07
7184       5.76073e-07
7192       6.07321e-07
7200       6.15639e-07
7208       6.03808e-07
7216       5.8691e-07
7224       5.77209e-07
7232       5.8941e-07
7240       6.16242e-07
7248       6.4143e-07
7256       6.55536e-07
7264       6.47716e-07
7272       6.26632e-07
7280       6.35875e-07
7288       6.29613e-07
7296       6.07802e-07
7304       6.03151e-07
7312       5.9345e-07
7320       6.02002e-07
7328       6.23794e-07
7336       6.33487e-07
7344       6.30372e-07
7352       5.98639e-07
7360       5.86196e-07
7368       5.96625e-07
7376       5.99131e-07
7384       5.96431e-07
7392       5.8601e-07
7400       5.60953e-07
7408       5.74878e-07
7416       6.07425e-07
7424       6.3665e-07
7432       6.57873e-07
7440       6.49826e-07
7448       6.27099e-07
7456       6.20152e-07
7464       6.23865e-07
7472       6.21228e-07
7480       6.07829e-07
7488       6.13562e-07
7496       6.26898e-07
7504       6.15192e-07
7512       6.07914e-07
7520       6.1335e-07
7528       6.29322e-07
7536       6.43834e-07
7544       6.23494e-07
7552       6.09819e-07
7560       6.16918e-07
7568       5.97375e-07
7576       5.65946e-07
7584       5.66234e-07
7592       5.78586e-07
7600       5.95856e-07
7608       6.28203e-07
7616       6.29219e-07
7624       6.13443e-07
7632       5.87896e-07
7640       5.90501e-07
7648       6.16726e-07
7656       6.24979e-07
7664       6.43099e-07
7672       6.55439e-07
7680       6.34002e-07
7688       6.08009e-07
7696       5.93535e-07
7704       5.78926e-07
7712       5.95156e-07
7720       6.13256e-07
7728       6.17214e-07
7736       6.12806e-07
7744       5.90662e-07
7752       6.00953e-07
7760       6.42488e-07
7768       6.78488e-07
7776       7.03181e-07
7784       7.12296e-07
7792       7.00302e-07
7800       6.80835e-07
7808       6.45881e-07
7816       6.2015e-07
7824       5.86697e-07
7832       5.6185e-07
7840       5.60035e-07
7848       5.58626e-07
7856       5.42178e-07
7864       5.30029e-07
7872       5.4438e-07
7880       5.58852e-07
7888       5.58884e-07
7896       5.77152e-07
7904       6.11426e-07
7912       6.16578e-07
7920       5.9357e-07
7928       5.74828e-07
7936       5.77135e-07
7944       5.8356e-07
7952       6.08989e-07
7960       6.16564e-07
7968       6.2123e-07
7976       6.26375e-07
7984       6.19775e-07
7992       6.36215e-07
8000       6.43072e-07
8008       6.45116e-07
8016       6.3036e-07
8024       6.16688e-07
8032       6.08761e-07
8040       6.03572e-07
8048       6.01398e-07
8056       6.11763e-07
8064       6.32302e-07
8072       6.34231e-07
8080       6.44729e-07
8088       6.82211e-07
8096       6.78698e-07
8104       6.53995e-07
8112       6.52356e-07
8120       6.69919e-07
8128       6.6504e-07
8136       6.60132e-07
8144       6.66316e-07
8152       6.78027e-07
8160       6.64087e-07
8168       6.39953e-07
8176       6.2819e-07
8184       6.09479e-07
8192       6.07922e-07
8200       6.20367e-07
8208       6.41145e-07
8216       6.46335e-07
8224       6.53871e-07
8232       6.51995e-07
8240       6.17182e-07
8248       5.84359e-07
8256       5.64373e-07
8264       5.59228e-07
8272       5.54535e-07
8280       5.73181e-07
8288       6.09812e-07
8296       6.39478e-07
8304       6.43808e-07
8312       6.30699e-07
8320       6.27402e-07
8328       6.03851e-07
8336       5.90392e-07
8344       5.98393e-07
8352       6.34304e-07
8360       6.48782e-07
8368       6.41265e-07
8376       6.22437e-07
8384       5.90707e-07
8392       5.57859e-07
8400       5.51101e-07
8408       5.52739e-07
8416       5.6585e-07
8424       5.78497e-07
8432       5.91693e-07
8440       6.01467e-07
8448       5.8797e-07
8456       5.71331e-07
8464       5.68729e-07
8472       5.55555e-07
8480       5.43088e-07
8488       5.52137e-07
8496       5.61738e-07
8504       5.66634e-07
8512       5.60872e-07
8520       5.43834e-07
8528       5.12523e-07
8536       5.22765e-07
8544       5.44755e-07
8552       5.88005e-07
8560       6.4143e-07
8568       6.75716e-07
8576       6.87438e-07
8584       6.94426e-07
8592       6.74998e-07
8600       6.52044e-07
8608       6.28759e-07
8616       6.04186e-07
8624       6.00349e-07
8632       6.02708e-07
8640       5.79268e-07
8648       5.7018e-07
8656       5.90779e-07
8664       6.02906e-07
8672       6.09864e-07
8680       6.04609e-07
8688       6.10502e-07
8696       6.24176e-07
8704       6.3163e-07
8712       6.05051e-07
8720       5.78674e-07
8728       5.81474e-07
8736       5.91107e-07
8744       5.93153e-07
8752       6.06532e-07
8760       6.24894e-07
8768       6.44897e-07
8776       6.70443e-07
8784       6.72073e-07
8792       6.44335e-07
8800       6.193e-07 
8808       6.44655e-07
8816       6.72604e-07
8824       6.69336e-07
8832       6.43342e-07
8840       6.20765e-07
8848       6.33059e-07
8856       6.3949e-07
8864       6.29312e-07
8872       6.20127e-07
8880       5.89878e-07
8888       5.59749e-07
8896       5.57853e-07
8904       5.9887e-07
8912       6.53441e-07
8920       6.76458e-07
8928       6.80584e-07
8936       6.69692e-07
8944       6.51125e-07
8952       6.37171e-07
8960       6.57379e-07
8968       6.83716e-07
8976       6.95226e-07
8984       7.09331e-07
8992       7.25283e-07
9000       7.18149e-07
9008       6.84964e-07
9016       6.65035e-07
9024       6.5697e-07
9032       6.27938e-07
9040       6.13864e-07
9048       6.16841e-07
9056       6.21494e-07
9064       6.68671e-07
9072       7.1736e-07
9080       7.15396e-07
9088       6.87315e-07
9096       6.57955e-07
9104       6.50258e-07
9112       6.36024e-07
9120       6.13264e-07
9128       5.86654e-07
9136       5.77907e-07
9144       5.75855e-07
9152       6.01035e-07
9160       6.30276e-07
9168       6.48617e-07
9176       6.65377e-07
9184       6.56523e-07
9192       6.31605e-07
9200       6.12824e-07
9208       6.19538e-07
9216       6.15872e-07
9224       6.0808e-07
9232       5.83808e-07
9240       5.51264e-07
9248       5.704e-07 
9256       6.13262e-07
9264       6.35773e-07
9272       6.38817e-07
9280       6.14872e-07
9288       6.06902e-07
9296       6.05355e-07
9304       5.61987e-07
9312       5.48701e-07
9320       5.67196e-07
9328       5.88094e-07
9336       5.90459e-07
9344       5.85411e-07
9352       6.0678e-07
9360       6.32273e-07
9368       6.52094e-07
9376       6.54434e-07
9384       6.43181e-07
9392       6.11539e-07
9400       5.55866e-07
9408       5.23899e-07
9416       5.60517e-07
9424       6.20336e-07
9432       6.5303e-07
9440       6.47357e-07
9448       6.31174e-07
9456       6.0932e-07
9464       5.84689e-07
9472       6.09845e-07
9480       6.29472e-07
9488       6.3351e-07
9496       6.22847e-07
9504       6.03277e-07
9512       5.79916e-07
9520       5.54969e-07
9528       5.63594e-07
9536       6.11028e-07
9544       6.41361e-07
9552       6.4831e-07
9560       6.41219e-07
9568       6.11289e-07
9576       5.7818e-07
9584       5.45058e-07
9592       5.54629e-07
9600       5.89767e-07
9608       5.78416e-07
9616       5.66437e-07
9624       5.81146e-07
9632       6.25696e-07
9640       6.44587e-07
9648       6.36222e-07
9656       6.17354e-07
9664       5.94425e-07
9672       5.98085e-07
9680       5.87924e-07
9688       5.60922e-07
9696       5.20907e-07
9704       5.11557e-07
9712       5.19758e-07
9720       5.21139e-07
9728       5.30523e-07
9736       5.48382e-07
9744       6.03306e-07
9752       6.4183e-07
9760       6.52828e-07
9768       6.74799e-07
9776       6.90326e-07
9784       6.90853e-07
9792       6.8308e-07
9800       6.68647e-07
9808       6.50106e-07
9816       6.11237e-07
9824       5.70904e-07
9832       5.64772e-07
9840       5.85862e-07
9848       5.96276e-07
9856       6.11318e-07
9864       6.13309e-07
9872       5.88532e-07
9880       5.58969e-07
9888       5.38242e-07
9896       5.32224e-07
9904       5.44395e-07
9912       5.59245e-07
9920       6.02091e-07
9928       6.41802e-07
9936       6.28845e-07
9944       5.82329e-07
9952       5.47267e-07
9960       5.70969e-07
9968       6.20493e-07
9976       6.40773e-07
9984       6.3073e-07
9992       6.09643e-07
10000      5.85366e-07
10008      5.92082e-07
10016      6.26337e-07
10024      6.6881e-07
10032      6.76429e-07
10040      6.42102e-07
10048      6.06962e-07
10056      5.94519e-07
10064      6.16412e-07
10072      6.45744e-07
10080      6.62714e-07
10088      6.64092e-07
10096      6.26119e-07
10104      5.85472e-07
10112      5.76905e-07
10120      5.82147e-07
10128      5.6914e-07
10136      5.62807e-07
10144      5.65105e-07
10152      5.39398e-07
10160      5.22223e-07
10168      5.56934e-07
10176      6.13885e-07
10184      6.3273e-07
10192      5.94294e-07
10200      5.49616e-07
10208      5.54833e-07
10216      5.70909e-07
10224      5.56707e-07
10232      5.43211e-07
10240      5.54222e-07
10248      5.65704e-07
10256      5.7026e-07
10264      5.95386e-07
10272      5.97042e-07
10280      5.7647e-07
10288      5.89577e-07
10296      6.14709e-07
10304      6.04464e-07
10312      5.8387e-07
10320      5.54938e-07
10328      5.26042e-07
10336      5.41403e-07
10344      5.89223e-07
10352      6.20896e-07
10360      6.07827e-07
10368      5.91787e-07
10376      6.10067e-07
10384      6.46026e-07
10392      6.56953e-07
10400      6.44351e-07
10408      6.20988e-07
10416      5.90754e-07
10424      5.78018e-07
10432      5.787e-07 
10440      5.77338e-07
10448      5.89149e-07
10456      6.24748e-07
10464      6.65458e-07
10472      6.71233e-07
10480      6.23671e-07
10488      5.58923e-07
10496      5.32262e-07
10504      5.5585e-07
10512      5.79734e-07
10520      5.95716e-07
10528      6.18359e-07
10536      6.26416e-07
10544      6.39648e-07
10552      6.32933e-07
10560      6.20075e-07
10568      6.32094e-07
10576      6.4988e-07
10584      6.49837e-07
10592      6.52563e-07
10600      6.5743e-07
10608      6.40095e-07
10616      5.92629e-07
10624      5.6877e-07
10632      5.90091e-07
10640      6.21249e-07
10648      6.28714e-07
10656      6.23883e-07
10664      6.51066e-07
10672      6.75351e-07
10680      6.64648e-07
10688      6.40946e-07
10696      6.01772e-07
10704      6.03026e-07
10712      6.25235e-07
10720      6.31662e-07
10728      6.43368e-07
10736      6.48844e-07
10744      6.26693e-07
10752      5.81406e-07
10760      5.73258e-07
10768      5.9227e-07
10776      5.87766e-07
10784      5.68405e-07
10792      5.56722e-07
10800      5.56248e-07
10808      5.73043e-07
10816      5.93844e-07
10824      5.91033e-07
10832      5.87447e-07
10840      6.16518e-07
10848      6.29526e-07
10856      6.34084e-07
10864      6.34075e-07
10872      6.10961e-07
10880      5.82947e-07
10888      5.90371e-07
10896      6.15138e-07
10904      6.17746e-07
10912      6.21287e-07
10920      6.2477e-07
10928      6.30771e-07
10936      6.35555e-07
10944      6.46797e-07
10952      6.43863e-07
10960      6.24784e-07
10968      6.11543e-07
10976      5.98987e-07
10984      5.71341e-07
10992      5.55087e-07
11000      5.6759e-07
11008      5.80761e-07
11016      5.64494e-07
11024      5.54705e-07
11032      5.74617e-07
11040      5.80426e-07
11048      5.80681e-07
11056      5.80044e-07
11064      5.91917e-07
11072      5.87571e-07
11080      5.76627e-07
11088      5.86974e-07
11096      6.04297e-07
11104      6.21359e-07
11112      6.29303e-07
11120      6.38799e-07
11128      6.37888e-07
11136      6.05802e-07
11144      5.51561e-07
11152      5.38174e-07
11160      5.45057e-07
11168      5.47414e-07
11176      5.26507e-07
11184      5.16704e-07
11192      5.49073e-07
11200      5.97597e-07
11208      6.44521e-07
11216      6.64258e-07
11224      6.62008e-07
11232      6.41106e-07
11240      6.07152e-07
11248      5.74111e-07
11256      5.85106e-07
11264      6.12386e-07
11272      6.26689e-07
11280      6.19022e-07
11288      6.06582e-07
11296      6.11597e-07
11304      6.14788e-07
11312      6.21607e-07
11320      6.21083e-07
11328      5.97686e-07
11336      5.78909e-07
11344      5.69503e-07
11352      5.60377e-07
11360      5.48859e-07
11368      5.55808e-07
11376      5.73067e-07
11384      5.97208e-07
11392      6.32388e-07
11400      6.50753e-07
11408      6.45094e-07
11416      6.25764e-07
11424      6.32405e-07
11432      6.37895e-07
11440      6.16391e-07
11448      5.67862e-07
11456      5.29606e-07
11464      5.16599e-07
11472      5.25968e-07
11480      5.49346e-07
11488      5.41669e-07
11496      5.20003e-07
11504      5.28218e-07
11512      5.53477e-07
11520      5.63958e-07
11528      5.54604e-07
11536      5.35845e-07
11544      5.534e-07 
11552      5.94978e-07
11560      6.22596e-07
11568      6.15812e-07
11576      6.30083e-07
11584      6.54068e-07
11592      6.54507e-07
11600      6.32882e-07
11608      6.00398e-07
11616      5.65914e-07
11624      5.39652e-07
11632      5.14815e-07
11640      5.0017e-07
11648      5.23841e-07
11656      5.62611e-07
11664      5.71731e-07
11672      5.72023e-07
11680      5.78895e-07
11688      5.60927e-07
11696      5.36932e-07
11704      5.29951e-07
11712      5.31893e-07
11720      5.54798e-07
11728      5.86302e-07
11736      6.00736e-07
11744      6.17065e-07
11752      6.33043e-07
11760      6.29834e-07
11768      6.2345e-07
11776      6.34342e-07
11784      6.35187e-07
11792      6.20605e-07
11800      5.97349e-07
11808      5.80664e-07
11816      5.64008e-07
11824      5.62244e-07
11832      5.82378e-07
11840      5.90819e-07
11848      6.0993e-07
11856      6.38407e-07
11864      6.35255e-07
11872      5.99548e-07
11880      5.58297e-07
11888      5.47899e-07
11896      5.87548e-07
11904      6.18756e-07
11912      6.27253e-07
11920      6.41125e-07
11928      6.56861e-07
11936      6.62689e-07
11944      6.60851e-07
11952      6.31903e-07
11960      5.83595e-07
11968      5.60505e-07
11976      5.84855e-07
11984      5.95304e-07
11992      5.88823e-07
12000      5.75378e-07
12008      5.60787e-07
12016      5.68506e-07
12024      5.85276e-07
12032      5.89589e-07
12040      5.90902e-07
12048      5.677e-07 
12056      5.70151e-07
12064      5.90557e-07
12072      6.09968e-07
12080      6.28946e-07
12088      6.45131e-07
12096      6.40955e-07
12104      6.17811e-07
12112      6.30053e-07
12120      6.45793e-07
12128      6.21838e-07
12136      5.91538e-07
12144      5.80033e-07
12152      5.79819e-07
12160      5.86481e-07
12168      6.02411e-07
12176      6.03205e-07
12184      6.03019e-07
12192      6.16382e-07
12200      6.15769e-07
12208      5.95925e-07
12216      5.72793e-07
12224      5.60906e-07
12232      5.86879e-07
12240      6.08838e-07
12248      6.30779e-07
12256      6.49945e-07
12264      6.52385e-07
12272      6.47547e-07
12280      6.48246e-07
12288      6.25372e-07
12296      6.10183e-07
12304      6.19657e-07
12312      6.29045e-07
12320      6.38647e-07
12328      6.23032e-07
12336      5.9799e-07
12344      5.8349e-07
12352      5.64858e-07
12360      5.60849e-07
12368      5.61997e-07
12376      5.59556e-07
12384      5.67269e-07
12392      5.75188e-07
12400      5.74731e-07
12408      5.64324e-07
12416      5.66514e-07
12424      5.8065e-07
12432      5.94083e-07
12440      6.23796e-07
12448      6.3648e-07
12456      5.95575e-07
12464      5.48137e-07
12472      5.5596e-07
12480      5.99349e-07
12488      6.39e-07  
12496      6.47446e-07
12504      6.0205e-07
12512      5.62501e-07
12520      5.62337e-07
12528      5.80184e-07
12536      6.16456e-07
12544      6.3844e-07
12552      6.20453e-07
12560      5.98195e-07
12568      5.95241e-07
12576      6.29795e-07
12584      6.53911e-07
12592      6.23872e-07
12600      5.91995e-07
12608      5.61637e-07
12616      5.85092e-07
12624      6.1344e-07
12632      6.10092e-07
12640      6.3226e-07
12648      6.57556e-07
12656      6.44495e-07
12664      6.15726e-07
12672      5.91538e-07
12680      5.81847e-07
12688      6.04778e-07
12696      6.46085e-07
12704      6.51152e-07
12712      6.03615e-07
12720      5.80836e-07
12728      5.93587e-07
12736      5.98629e-07
12744      6.05151e-07
12752      6.17338e-07
12760      6.32412e-07
12768      6.14361e-07
12776      5.84087e-07
12784      5.82925e-07
12792      6.12845e-07
12800      6.3292e-07
