# Freq.    Mag.
0          1.64926e-05
1          1.61866e-05
2          1.19776e-05
3          7.51649e-06
4          7.21613e-06
5          7.24512e-06
6          7.11123e-06
7          6.839e-06 
8          6.65306e-06
9          6.6441e-06
10         6.85303e-06
11         7.07976e-06
12         6.97905e-06
13         7.04302e-06
14         7.31336e-06
15         7.52168e-06
16         7.53784e-06
17         7.56703e-06
18         7.58015e-06
19         7.41819e-06
20         7.15735e-06
21         7.23703e-06
22         7.45714e-06
23         7.43451e-06
24         7.6123e-06
25         7.88895e-06
26         8.00571e-06
27         7.94787e-06
28         7.59892e-06
29         7.13183e-06
30         7.00802e-06
31         7.30602e-06
32         7.52701e-06
33         7.73282e-06
34         8.09595e-06
35         8.27335e-06
36         8.26767e-06
37         9.00214e-06
38         1.11994e-05
39         1.22133e-05
40         1.21982e-05
41         1.10425e-05
42         8.82532e-06
43         8.07969e-06
44         8.33843e-06
45         8.58035e-06
46         8.57054e-06
47         8.46919e-06
48         8.34644e-06
49         8.3005e-06
50         8.32782e-06
51         8.5921e-06
52         8.87769e-06
53         9.02755e-06
54         8.75435e-06
55         8.48465e-06
56         8.26747e-06
57         8.21798e-06
58         8.4223e-06
59         8.69628e-06
60         8.75631e-06
61         8.81506e-06
62         8.7536e-06
63         8.58459e-06
64         8.41341e-06
65         8.08063e-06
66         7.82662e-06
67         7.83453e-06
68         7.7783e-06
69         7.81771e-06
70         8.08917e-06
71         8.45679e-06
72         8.64813e-06
73         8.59018e-06
74         8.74857e-06
75         9.00801e-06
76         9.0387e-06
77         8.88113e-06
78         8.84112e-06
79         9.13194e-06
80         9.19755e-06
81         8.85851e-06
82         8.73133e-06
83         8.69372e-06
84         8.74803e-06
85         8.96996e-06
86         9.15715e-06
87         9.17278e-06
88         8.99111e-06
89         8.68299e-06
90         8.58775e-06
91         8.51598e-06
92         8.35152e-06
93         8.38666e-06
94         8.62838e-06
95         8.79379e-06
96         9.14973e-06
97         9.16004e-06
98         8.76186e-06
99         8.51197e-06
100        8.5159e-06
101        8.50781e-06
102        8.5528e-06
103        8.60034e-06
104        8.76406e-06
105        8.91834e-06
106        8.85846e-06
107        8.83408e-06
108        9.02583e-06
109        9.27883e-06
110        9.29809e-06
111        8.91336e-06
112        8.572e-06 
113        8.33475e-06
114        8.22482e-06
115        8.29465e-06
116        8.73347e-06
117        9.21997e-06
118        9.44757e-06
119        9.33684e-06
120        8.90062e-06
121        8.79973e-06
122        9.03075e-06
123        8.92983e-06
124        8.8545e-06
125        8.68692e-06
126        8.48375e-06
127        8.33935e-06
128        8.25997e-06
129        8.25003e-06
130        8.5608e-06
131        8.80887e-06
132        8.50779e-06
133        8.29462e-06
134        8.58799e-06
135        9.05595e-06
136        9.27789e-06
137        9.20642e-06
138        8.96673e-06
139        8.78784e-06
140        8.81005e-06
141        8.92548e-06
142        8.94657e-06
143        9.18797e-06
144        9.21814e-06
145        8.89873e-06
146        8.46306e-06
147        8.56787e-06
148        9.1846e-06
149        9.19501e-06
150        8.95745e-06
151        8.84563e-06
152        8.59025e-06
153        8.60581e-06
154        8.98891e-06
155        9.51634e-06
156        9.63392e-06
157        9.41813e-06
158        9.26841e-06
159        8.99637e-06
160        8.79445e-06
161        8.33316e-06
162        7.66468e-06
163        7.35754e-06
164        7.46268e-06
165        7.87466e-06
166        8.19385e-06
167        8.33108e-06
168        8.46303e-06
169        8.66319e-06
170        8.80397e-06
171        9.18727e-06
172        9.41137e-06
173        9.30832e-06
174        9.00325e-06
175        8.50063e-06
176        8.27366e-06
177        8.35146e-06
178        8.65007e-06
179        8.77372e-06
180        8.68821e-06
181        8.71565e-06
182        8.43347e-06
183        8.06467e-06
184        7.8731e-06
185        8.0387e-06
186        8.4507e-06
187        8.78937e-06
188        8.93834e-06
189        8.97365e-06
190        9.07023e-06
191        9.35576e-06
192        9.54518e-06
193        9.65502e-06
194        9.76405e-06
195        9.7285e-06
196        9.31221e-06
197        8.98514e-06
198        8.83189e-06
199        8.56121e-06
200        8.37295e-06
201        8.4531e-06
202        8.46649e-06
203        8.30063e-06
204        8.21795e-06
205        8.34233e-06
206        8.2089e-06
207        8.1315e-06
208        8.03841e-06
209        7.86989e-06
210        8.01281e-06
211        8.38922e-06
212        8.83796e-06
213        8.8136e-06
214        8.56608e-06
215        8.61159e-06
216        8.63691e-06
217        8.66593e-06
218        8.6741e-06
219        8.64895e-06
220        8.79626e-06
221        9.04264e-06
222        9.20609e-06
223        9.34543e-06
224        9.48471e-06
225        9.59581e-06
226        9.5022e-06
227        9.01635e-06
228        8.77392e-06
229        9.01445e-06
230        9.10806e-06
231        8.94454e-06
232        8.77017e-06
233        8.65348e-06
234        8.50169e-06
235        8.13744e-06
236        8.0317e-06
237        8.17669e-06
238        8.35453e-06
239        8.53713e-06
240        8.72559e-06
241        9.02554e-06
242        9.21468e-06
243        9.13709e-06
244        8.8222e-06
245        8.5956e-06
246        8.76016e-06
247        8.77989e-06
248        8.85706e-06
249        8.81195e-06
250        8.4981e-06
251        8.23739e-06
252        8.03431e-06
253        7.79817e-06
254        7.79963e-06
255        8.04502e-06
256        8.28751e-06
257        8.62411e-06
258        8.86206e-06
259        8.83402e-06
260        8.57787e-06
261        8.24067e-06
262        8.36309e-06
263        8.51797e-06
264        8.65411e-06
265        8.81756e-06
266        8.86433e-06
267        9.03331e-06
268        8.98952e-06
269        8.8447e-06
270        8.88765e-06
271        8.96597e-06
272        8.92403e-06
273        8.81855e-06
274        8.71226e-06
275        8.65193e-06
276        8.76786e-06
277        9.14825e-06
278        9.37615e-06
279        9.3842e-06
280        9.08614e-06
281        8.60366e-06
282        8.4081e-06
283        8.57423e-06
284        8.46292e-06
285        8.106e-06 
286        8.28027e-06
287        8.52894e-06
288        8.46408e-06
289        8.75732e-06
290        9.06772e-06
291        9.11565e-06
292        8.93354e-06
293        8.74429e-06
294        8.67861e-06
295        8.9291e-06
296        9.17664e-06
297        9.03679e-06
298        8.7323e-06
299        8.62572e-06
300        8.68406e-06
301        8.49882e-06
302        8.50842e-06
303        8.7827e-06
304        8.91649e-06
305        9.07433e-06
306        9.10753e-06
307        8.96671e-06
308        8.7769e-06
309        8.62865e-06
310        8.58832e-06
311        8.35798e-06
312        8.26523e-06
313        8.38495e-06
314        8.52713e-06
315        8.98351e-06
316        9.32774e-06
317        9.40271e-06
318        8.9184e-06
319        8.36143e-06
320        8.21464e-06
321        8.30552e-06
322        8.20494e-06
323        7.97391e-06
324        7.87788e-06
325        8.03689e-06
326        8.38642e-06
327        8.75715e-06
328        9.05122e-06
329        9.04792e-06
330        8.95802e-06
331        9.11052e-06
332        8.91019e-06
333        8.45389e-06
334        8.04486e-06
335        8.06567e-06
336        8.26365e-06
337        8.15328e-06
338        8.1078e-06
339        8.20416e-06
340        8.38263e-06
341        8.58435e-06
342        8.6528e-06
343        8.60142e-06
344        8.38017e-06
345        8.41218e-06
346        8.52655e-06
347        8.54956e-06
348        8.53672e-06
349        8.40899e-06
350        8.61116e-06
351        8.8439e-06
352        8.74479e-06
353        8.37928e-06
354        7.92309e-06
355        7.82473e-06
356        8.143e-06 
357        8.50644e-06
358        8.6843e-06
359        8.67841e-06
360        8.9796e-06
361        9.30875e-06
362        9.31655e-06
363        8.85161e-06
364        8.51964e-06
365        8.60701e-06
366        8.70368e-06
367        8.787e-06 
368        8.5939e-06
369        8.4249e-06
370        8.32878e-06
371        8.28819e-06
372        8.25256e-06
373        8.15374e-06
374        8.20786e-06
375        8.45928e-06
376        8.92244e-06
377        9.27427e-06
378        9.47407e-06
379        9.33401e-06
380        8.87558e-06
381        8.32939e-06
382        8.20389e-06
383        8.54825e-06
384        8.75596e-06
385        8.80757e-06
386        9.01599e-06
387        8.95644e-06
388        8.71514e-06
389        8.34647e-06
390        8.14196e-06
391        8.32486e-06
392        8.38488e-06
393        8.30702e-06
394        8.35931e-06
395        8.60347e-06
396        8.74008e-06
397        8.80742e-06
398        8.96866e-06
399        9.00752e-06
400        8.85469e-06
401        8.59154e-06
402        8.23544e-06
403        8.29857e-06
404        8.50084e-06
405        8.44866e-06
406        8.45063e-06
407        8.18954e-06
408        7.96205e-06
409        8.02718e-06
410        8.25328e-06
411        8.25895e-06
412        8.01372e-06
413        7.96557e-06
414        8.16009e-06
415        8.24986e-06
416        8.15994e-06
417        8.20773e-06
418        8.09543e-06
419        8.08894e-06
420        8.27569e-06
421        8.11339e-06
422        7.93709e-06
423        7.75788e-06
424        7.7901e-06
425        8.07319e-06
426        8.30264e-06
427        8.27018e-06
428        8.2931e-06
429        8.15542e-06
430        8.13761e-06
431        8.33931e-06
432        8.3697e-06
433        8.40394e-06
434        8.46168e-06
435        8.38745e-06
436        8.10743e-06
437        7.79552e-06
438        7.70155e-06
439        7.99362e-06
440        8.23095e-06
441        8.00256e-06
442        7.79672e-06
443        7.57719e-06
444        7.23772e-06
445        7.14559e-06
446        7.35996e-06
447        7.92044e-06
448        8.35567e-06
449        8.40175e-06
450        8.45197e-06
451        8.39874e-06
452        8.34584e-06
453        8.47954e-06
454        8.4285e-06
455        8.36966e-06
456        8.41503e-06
457        8.52016e-06
458        8.43952e-06
459        8.49324e-06
460        8.62505e-06
461        8.57136e-06
462        8.41191e-06
463        8.20731e-06
464        8.28233e-06
465        8.40879e-06
466        8.64098e-06
467        8.40262e-06
468        7.93463e-06
469        7.74812e-06
470        7.71229e-06
471        7.80365e-06
472        7.76709e-06
473        7.62012e-06
474        7.72287e-06
475        7.90109e-06
476        7.83231e-06
477        7.8429e-06
478        7.74562e-06
479        7.5396e-06
480        7.57745e-06
481        7.72897e-06
482        7.83654e-06
483        8.11095e-06
484        8.12356e-06
485        8.15618e-06
486        8.27019e-06
487        8.13413e-06
488        8.104e-06 
489        8.03435e-06
490        8.23312e-06
491        8.32344e-06
492        8.22506e-06
493        8.32196e-06
494        8.60528e-06
495        8.52565e-06
496        8.17704e-06
497        8.19595e-06
498        8.27064e-06
499        8.34346e-06
500        8.34011e-06
501        8.35622e-06
502        8.348e-06 
503        8.25956e-06
504        8.08108e-06
505        7.8387e-06
506        7.84541e-06
507        8.09366e-06
508        8.09016e-06
509        8.04056e-06
510        7.93535e-06
511        7.95892e-06
512        8.06817e-06
513        8.17169e-06
514        8.19172e-06
515        8.13579e-06
516        8.00388e-06
517        7.99753e-06
518        8.10222e-06
519        8.50844e-06
520        8.47828e-06
521        8.11131e-06
522        8.20185e-06
523        8.30902e-06
524        8.31125e-06
525        8.18465e-06
526        7.94332e-06
527        7.7508e-06
528        7.51645e-06
529        7.29136e-06
530        7.4127e-06
531        7.75759e-06
532        8.16947e-06
533        8.40534e-06
534        8.21146e-06
535        7.96017e-06
536        7.84594e-06
537        7.5526e-06
538        7.43313e-06
539        7.87115e-06
540        8.37269e-06
541        8.66516e-06
542        8.73568e-06
543        8.60096e-06
544        8.22529e-06
545        7.98219e-06
546        8.01039e-06
547        7.85771e-06
548        7.75597e-06
549        7.95111e-06
550        8.23901e-06
551        8.40594e-06
552        8.06702e-06
553        8.01464e-06
554        8.1315e-06
555        8.15341e-06
556        8.22592e-06
557        8.30747e-06
558        8.16328e-06
559        7.91387e-06
560        7.97434e-06
561        8.04165e-06
562        7.97215e-06
563        7.93705e-06
564        8.12771e-06
565        8.29724e-06
566        8.25233e-06
567        8.1278e-06
568        8.25588e-06
569        8.24551e-06
570        8.19202e-06
571        8.11794e-06
572        8.0338e-06
573        8.27258e-06
574        8.59022e-06
575        8.54083e-06
576        8.38568e-06
577        8.40738e-06
578        8.47737e-06
579        8.31802e-06
580        7.96667e-06
581        7.72079e-06
582        7.78714e-06
583        7.83654e-06
584        7.73738e-06
585        7.82643e-06
586        7.97018e-06
587        8.14238e-06
588        8.42019e-06
589        8.36724e-06
590        7.99079e-06
591        7.74566e-06
592        7.47283e-06
593        7.23091e-06
594        7.37533e-06
595        7.79469e-06
596        8.12265e-06
597        8.07655e-06
598        7.82125e-06
599        7.90572e-06
600        8.04166e-06
601        7.63385e-06
602        7.48182e-06
603        7.69156e-06
604        7.79373e-06
605        8.22899e-06
606        8.80641e-06
607        9.09385e-06
608        8.9232e-06
609        8.355e-06 
610        7.85003e-06
611        7.7557e-06
612        7.97044e-06
613        8.14106e-06
614        8.33521e-06
615        8.135e-06 
616        7.74399e-06
617        7.74001e-06
618        7.968e-06 
619        8.2288e-06
620        8.46351e-06
621        8.58953e-06
622        8.42257e-06
623        8.22687e-06
624        8.1784e-06
625        8.05001e-06
626        8.0638e-06
627        8.0829e-06
628        7.93142e-06
629        7.85098e-06
630        8.13348e-06
631        8.4018e-06
632        8.60019e-06
633        8.61616e-06
634        8.48285e-06
635        8.35047e-06
636        8.26273e-06
637        7.96804e-06
638        7.66514e-06
639        7.72039e-06
640        7.87357e-06
641        7.84988e-06
642        7.77294e-06
643        7.6269e-06
644        7.5622e-06
645        7.59405e-06
646        7.77424e-06
647        8.01285e-06
648        7.89475e-06
649        7.69019e-06
650        7.67338e-06
651        7.62547e-06
652        7.73158e-06
653        7.97864e-06
654        7.82501e-06
655        7.59129e-06
656        7.60712e-06
657        7.62765e-06
658        7.6872e-06
659        7.85642e-06
660        8.16647e-06
661        8.39462e-06
662        8.45783e-06
663        8.28572e-06
664        8.10956e-06
665        8.02604e-06
666        7.95472e-06
667        8.07524e-06
668        8.18631e-06
669        8.1412e-06
670        7.78307e-06
671        7.18348e-06
672        6.72455e-06
673        6.87749e-06
674        7.52371e-06
675        7.91446e-06
676        8.07448e-06
677        7.99866e-06
678        7.80329e-06
679        8.00694e-06
680        8.29897e-06
681        8.11823e-06
682        7.8345e-06
683        7.55711e-06
684        7.59145e-06
685        7.85908e-06
686        7.76925e-06
687        7.66831e-06
688        7.70871e-06
689        7.77017e-06
690        7.8203e-06
691        7.74938e-06
692        7.70668e-06
693        7.71095e-06
694        7.57647e-06
695        7.49746e-06
696        7.51322e-06
697        7.74368e-06
698        7.91436e-06
699        7.77279e-06
700        7.63345e-06
701        7.85138e-06
702        8.17907e-06
703        8.32865e-06
704        8.15176e-06
705        7.7983e-06
706        7.40371e-06
707        7.37793e-06
708        7.69745e-06
709        7.71979e-06
710        7.49845e-06
711        7.27514e-06
712        7.21462e-06
713        7.22361e-06
714        7.18086e-06
715        7.51324e-06
716        7.97022e-06
717        7.98654e-06
718        7.85203e-06
719        7.75256e-06
720        7.43386e-06
721        7.33081e-06
722        7.54251e-06
723        7.68558e-06
724        7.84304e-06
725        7.90855e-06
726        7.89392e-06
727        7.74305e-06
728        7.54731e-06
729        7.42297e-06
730        7.43527e-06
731        7.68579e-06
732        8.10848e-06
733        8.27004e-06
734        7.86827e-06
735        7.47013e-06
736        7.44284e-06
737        7.51527e-06
738        7.5925e-06
739        7.65273e-06
740        7.65635e-06
741        7.53447e-06
742        7.51233e-06
743        7.68052e-06
744        7.71961e-06
745        7.54575e-06
746        7.32224e-06
747        7.19012e-06
748        7.20565e-06
749        7.26031e-06
750        7.42397e-06
751        7.594e-06 
752        7.70788e-06
753        7.64494e-06
754        7.23307e-06
755        7.00892e-06
756        7.28473e-06
757        7.60572e-06
758        7.73455e-06
759        7.81604e-06
760        7.92006e-06
761        7.87299e-06
762        7.92154e-06
763        8.02451e-06
764        7.96008e-06
765        7.71968e-06
766        7.4278e-06
767        7.27628e-06
768        7.23578e-06
769        7.22983e-06
770        7.1917e-06
771        7.3772e-06
772        7.49698e-06
773        7.49493e-06
774        7.47845e-06
775        7.32094e-06
776        7.16215e-06
777        7.28106e-06
778        7.3928e-06
779        7.34583e-06
780        7.30183e-06
781        7.15615e-06
782        7.10189e-06
783        7.3449e-06
784        7.63572e-06
785        7.5549e-06
786        7.36415e-06
787        7.49325e-06
788        7.74177e-06
789        8.02493e-06
790        8.08465e-06
791        7.73445e-06
792        7.05931e-06
793        6.70901e-06
794        6.77506e-06
795        7.04647e-06
796        7.32183e-06
797        7.54583e-06
798        7.61626e-06
799        7.54389e-06
800        7.47913e-06
801        7.44923e-06
802        7.43558e-06
803        7.42107e-06
804        7.27222e-06
805        6.96089e-06
806        6.95007e-06
807        7.13471e-06
808        7.29449e-06
809        7.35945e-06
810        7.34561e-06
811        7.18062e-06
812        7.16383e-06
813        7.16309e-06
814        7.18437e-06
815        7.166e-06 
816        7.09407e-06
817        7.02928e-06
818        7.15435e-06
819        7.31801e-06
820        7.42237e-06
821        7.60778e-06
822        7.90301e-06
823        8.03774e-06
824        8.0045e-06
825        7.88189e-06
826        7.74347e-06
827        7.46969e-06
828        7.10577e-06
829        6.94668e-06
830        7.10744e-06
831        7.4993e-06
832        7.73462e-06
833        7.59582e-06
834        7.26857e-06
835        7.1978e-06
836        7.3583e-06
837        7.57616e-06
838        7.53038e-06
839        7.15467e-06
840        7.17971e-06
841        7.29726e-06
842        7.27309e-06
843        7.03388e-06
844        6.86676e-06
845        6.91059e-06
846        6.99778e-06
847        7.11366e-06
848        7.28676e-06
849        7.34635e-06
850        7.26823e-06
851        7.17105e-06
852        6.9675e-06
853        7.13095e-06
854        7.63201e-06
855        7.98352e-06
856        8.00198e-06
857        7.69259e-06
858        7.59044e-06
859        7.39241e-06
860        7.20679e-06
861        7.13295e-06
862        7.21413e-06
863        7.29457e-06
864        7.24631e-06
865        7.15969e-06
866        7.13214e-06
867        7.24141e-06
868        7.47065e-06
869        7.81468e-06
870        7.99552e-06
871        7.95966e-06
872        7.72692e-06
873        7.45751e-06
874        7.19592e-06
875        6.8423e-06
876        6.66696e-06
877        6.7881e-06
878        7.16402e-06
879        7.60564e-06
880        7.61369e-06
881        7.34829e-06
882        7.08877e-06
883        7.05839e-06
884        7.27339e-06
885        7.44821e-06
886        7.2502e-06
887        7.10442e-06
888        7.31378e-06
889        7.43647e-06
890        7.47485e-06
891        7.4685e-06
892        7.35559e-06
893        7.0985e-06
894        6.99094e-06
895        6.84529e-06
896        6.8734e-06
897        7.12854e-06
898        7.30876e-06
899        7.26564e-06
900        7.01361e-06
901        7.14768e-06
902        7.52148e-06
903        7.73047e-06
904        7.89755e-06
905        7.99899e-06
906        7.96051e-06
907        7.83903e-06
908        7.56422e-06
909        7.36454e-06
910        7.42735e-06
911        7.53961e-06
912        7.27157e-06
913        6.80242e-06
914        6.83145e-06
915        7.22408e-06
916        7.40004e-06
917        7.35849e-06
918        7.61016e-06
919        7.72756e-06
920        7.71322e-06
921        7.65037e-06
922        7.40357e-06
923        7.38368e-06
924        7.30605e-06
925        7.20123e-06
926        6.98196e-06
927        6.60257e-06
928        6.51573e-06
929        6.56275e-06
930        6.78537e-06
931        7.07524e-06
932        7.39143e-06
933        7.61949e-06
934        7.45189e-06
935        7.15252e-06
936        7.10908e-06
937        6.94938e-06
938        6.73489e-06
939        6.5907e-06
940        6.71549e-06
941        6.79505e-06
942        6.85802e-06
943        6.92598e-06
944        7.06759e-06
945        7.22754e-06
946        7.30529e-06
947        7.26837e-06
948        7.13413e-06
949        6.93737e-06
950        6.79151e-06
951        6.9071e-06
952        7.20804e-06
953        7.48541e-06
954        7.40733e-06
955        7.24384e-06
956        7.23102e-06
957        7.23016e-06
958        7.2373e-06
959        7.22674e-06
960        7.00266e-06
961        6.82944e-06
962        6.95198e-06
963        7.20285e-06
964        7.27604e-06
965        7.14646e-06
966        7.06905e-06
967        6.90806e-06
968        6.71874e-06
969        6.47319e-06
970        6.33353e-06
971        6.44919e-06
972        6.74759e-06
973        6.99031e-06
974        7.10875e-06
975        7.03777e-06
976        6.88091e-06
977        7.07576e-06
978        7.15225e-06
979        7.31923e-06
980        7.52033e-06
981        7.4294e-06
982        7.26628e-06
983        7.25443e-06
984        7.22276e-06
985        7.05201e-06
986        7.16731e-06
987        7.12244e-06
988        6.90409e-06
989        6.87819e-06
990        6.95395e-06
991        6.85732e-06
992        6.70963e-06
993        6.55408e-06
994        6.5397e-06
995        6.66266e-06
996        6.70585e-06
997        6.74937e-06
998        7.38704e-06
999        8.26693e-06
1000       8.53685e-06
1001       8.52008e-06
1002       7.65167e-06
1003       6.72015e-06
1004       6.79714e-06
1005       7.07637e-06
1006       7.12783e-06
1007       6.89358e-06
1008       6.64724e-06
1009       6.58595e-06
1010       6.42866e-06
1011       6.42389e-06
1012       6.42959e-06
1013       6.38208e-06
1014       6.22969e-06
1015       6.54959e-06
1016       6.83791e-06
1017       6.95061e-06
1018       7.01817e-06
1019       6.81225e-06
1020       6.3505e-06
1021       6.3797e-06
1022       6.84332e-06
1023       7.09788e-06
1024       7.17848e-06
1025       7.22597e-06
1026       6.93205e-06
1027       6.70483e-06
1028       6.53472e-06
1029       6.43769e-06
1030       6.57821e-06
1031       6.70855e-06
1032       6.647e-06 
1033       6.75324e-06
1034       6.95676e-06
1035       7.09558e-06
1036       7.1701e-06
1037       7.2911e-06
1038       7.27182e-06
1039       7.26895e-06
1040       7.27385e-06
1041       7.17703e-06
1042       6.89751e-06
1043       6.65098e-06
1044       6.43722e-06
1045       6.37097e-06
1046       6.60844e-06
1047       6.81738e-06
1048       7.12649e-06
1049       7.34785e-06
1050       7.05915e-06
1051       6.55035e-06
1052       6.44224e-06
1053       6.55628e-06
1054       6.75306e-06
1055       7.17289e-06
1056       7.48292e-06
1057       7.68873e-06
1058       7.52058e-06
1059       7.08572e-06
1060       6.55556e-06
1061       6.13624e-06
1062       6.1103e-06
1063       6.30581e-06
1064       6.74322e-06
1065       7.22931e-06
1066       7.46835e-06
1067       7.5697e-06
1068       7.31899e-06
1069       6.78642e-06
1070       6.57922e-06
1071       6.82856e-06
1072       6.80244e-06
1073       6.72979e-06
1074       6.78735e-06
1075       6.73495e-06
1076       6.49398e-06
1077       6.36549e-06
1078       6.27527e-06
1079       6.01099e-06
1080       5.76321e-06
1081       5.83872e-06
1082       6.32997e-06
1083       6.71396e-06
1084       6.92424e-06
1085       7.10319e-06
1086       6.81571e-06
1087       6.55273e-06
1088       6.61344e-06
1089       6.61948e-06
1090       6.73925e-06
1091       6.93277e-06
1092       6.87114e-06
1093       6.94214e-06
1094       6.91701e-06
1095       6.73734e-06
1096       6.88031e-06
1097       7.00474e-06
1098       7.03966e-06
1099       7.0627e-06
1100       7.08267e-06
1101       6.8785e-06
1102       6.57026e-06
1103       6.52364e-06
1104       6.55254e-06
1105       6.65023e-06
1106       6.63701e-06
1107       6.59787e-06
1108       6.59069e-06
1109       6.52296e-06
1110       6.35998e-06
1111       6.23017e-06
1112       6.34043e-06
1113       6.52156e-06
1114       6.86353e-06
1115       7.06449e-06
1116       6.87237e-06
1117       6.50369e-06
1118       6.33434e-06
1119       6.89072e-06
1120       7.48223e-06
1121       7.53875e-06
1122       7.30013e-06
1123       6.938e-06 
1124       6.66029e-06
1125       6.36066e-06
1126       6.37066e-06
1127       6.5892e-06
1128       6.79596e-06
1129       6.86338e-06
1130       6.70808e-06
1131       6.7353e-06
1132       6.74206e-06
1133       6.7804e-06
1134       6.6784e-06
1135       6.56565e-06
1136       6.65148e-06
1137       6.7146e-06
1138       6.70897e-06
1139       6.77465e-06
1140       6.94226e-06
1141       6.88063e-06
1142       6.7871e-06
1143       6.99072e-06
1144       6.93788e-06
1145       6.67575e-06
1146       6.65918e-06
1147       6.79351e-06
1148       6.6339e-06
1149       6.47289e-06
1150       6.54787e-06
1151       6.86162e-06
1152       7.01732e-06
1153       6.77742e-06
1154       6.5711e-06
1155       6.71177e-06
1156       6.9436e-06
1157       7.0306e-06
1158       6.86119e-06
1159       6.47148e-06
1160       6.42506e-06
1161       6.82963e-06
1162       7.05106e-06
1163       6.83377e-06
1164       6.50947e-06
1165       6.44936e-06
1166       6.63623e-06
1167       6.89728e-06
1168       7.15363e-06
1169       7.15114e-06
1170       6.66697e-06
1171       6.23291e-06
1172       6.15216e-06
1173       6.25809e-06
1174       6.37964e-06
1175       6.44093e-06
1176       6.57728e-06
1177       6.5833e-06
1178       6.45386e-06
1179       6.33932e-06
1180       6.39235e-06
1181       6.52551e-06
1182       6.3915e-06
1183       6.36774e-06
1184       6.30287e-06
1185       6.17782e-06
1186       6.11532e-06
1187       6.10855e-06
1188       6.24906e-06
1189       6.33719e-06
1190       6.43599e-06
1191       6.5123e-06
1192       6.43655e-06
1193       6.32073e-06
1194       6.33756e-06
1195       6.38488e-06
1196       6.42601e-06
1197       6.40147e-06
1198       6.23975e-06
1199       6.14803e-06
1200       6.22231e-06
1201       6.37318e-06
1202       6.5817e-06
1203       6.67095e-06
1204       6.62577e-06
1205       6.54873e-06
1206       6.45956e-06
1207       6.38384e-06
1208       6.29589e-06
1209       6.28196e-06
1210       6.36645e-06
1211       6.4746e-06
1212       6.64511e-06
1213       6.9158e-06
1214       7.0635e-06
1215       7.00252e-06
1216       6.94867e-06
1217       6.82151e-06
1218       6.65069e-06
1219       6.39666e-06
1220       6.1335e-06
1221       6.221e-06 
1222       6.51593e-06
1223       6.75696e-06
1224       6.74611e-06
1225       6.36186e-06
1226       6.08398e-06
1227       6.29475e-06
1228       6.55723e-06
1229       6.56009e-06
1230       6.4283e-06
1231       6.20246e-06
1232       6.00618e-06
1233       6.02105e-06
1234       6.00446e-06
1235       5.92037e-06
1236       5.98424e-06
1237       6.0152e-06
1238       6.01074e-06
1239       6.14027e-06
1240       6.29336e-06
1241       6.22388e-06
1242       6.13874e-06
1243       6.37985e-06
1244       6.81664e-06
1245       6.93095e-06
1246       6.60004e-06
1247       6.31945e-06
1248       6.26285e-06
1249       6.32473e-06
1250       6.49977e-06
1251       6.4421e-06
1252       6.17339e-06
1253       5.92217e-06
1254       5.79245e-06
1255       6.01721e-06
1256       6.29459e-06
1257       6.29352e-06
1258       6.09689e-06
1259       5.97981e-06
1260       5.93777e-06
1261       6.11225e-06
1262       6.16412e-06
1263       6.13464e-06
1264       6.33798e-06
1265       6.49375e-06
1266       6.54678e-06
1267       6.57291e-06
1268       6.41897e-06
1269       6.31162e-06
1270       6.26159e-06
1271       6.17658e-06
1272       6.20258e-06
1273       6.22596e-06
1274       6.21891e-06
1275       6.15859e-06
1276       6.01048e-06
1277       5.96378e-06
1278       6.13266e-06
1279       6.16654e-06
1280       6.12234e-06
1281       5.90023e-06
1282       5.66065e-06
1283       5.41958e-06
1284       5.3184e-06
1285       5.64703e-06
1286       6.0655e-06
1287       6.23303e-06
1288       6.37502e-06
1289       6.42802e-06
1290       6.42551e-06
1291       6.44008e-06
1292       6.49414e-06
1293       6.47475e-06
1294       6.24223e-06
1295       6.05902e-06
1296       5.93648e-06
1297       5.97781e-06
1298       6.09457e-06
1299       6.38842e-06
1300       6.49538e-06
1301       6.18215e-06
1302       5.89244e-06
1303       5.79939e-06
1304       5.83538e-06
1305       6.02668e-06
1306       6.1308e-06
1307       6.08512e-06
1308       6.12439e-06
1309       6.23309e-06
1310       6.26962e-06
1311       6.1507e-06
1312       5.96611e-06
1313       6.04944e-06
1314       6.32323e-06
1315       6.46143e-06
1316       6.40392e-06
1317       6.38924e-06
1318       6.30838e-06
1319       6.22041e-06
1320       6.12454e-06
1321       6.01903e-06
1322       5.90888e-06
1323       5.9374e-06
1324       6.10556e-06
1325       6.10627e-06
1326       5.92159e-06
1327       5.92331e-06
1328       5.95256e-06
1329       5.8526e-06
1330       5.80567e-06
1331       5.73136e-06
1332       5.86966e-06
1333       6.07696e-06
1334       6.25599e-06
1335       6.2206e-06
1336       5.89127e-06
1337       5.68502e-06
1338       5.67495e-06
1339       5.928e-06 
1340       6.04287e-06
1341       5.97897e-06
1342       6.01617e-06
1343       6.03888e-06
1344       6.06889e-06
1345       6.12305e-06
1346       6.07616e-06
1347       6.12003e-06
1348       6.09908e-06
1349       5.83717e-06
1350       5.72867e-06
1351       5.71141e-06
1352       5.82784e-06
1353       5.94693e-06
1354       5.9374e-06
1355       5.94463e-06
1356       5.89604e-06
1357       5.7432e-06
1358       5.52328e-06
1359       5.55711e-06
1360       5.78576e-06
1361       6.02762e-06
1362       6.23132e-06
1363       6.30757e-06
1364       6.59971e-06
1365       6.83901e-06
1366       7.00608e-06
1367       7.10404e-06
1368       7.10026e-06
1369       6.72991e-06
1370       6.18728e-06
1371       5.70686e-06
1372       5.63204e-06
1373       5.90689e-06
1374       5.94947e-06
1375       5.69756e-06
1376       5.44825e-06
1377       5.33063e-06
1378       5.24693e-06
1379       5.52282e-06
1380       5.82915e-06
1381       6.10158e-06
1382       6.18434e-06
1383       6.0221e-06
1384       6.10631e-06
1385       6.23749e-06
1386       6.21902e-06
1387       6.05244e-06
1388       5.8415e-06
1389       6.06218e-06
1390       6.26988e-06
1391       6.19002e-06
1392       6.04678e-06
1393       5.99027e-06
1394       6.07783e-06
1395       6.19145e-06
1396       6.17446e-06
1397       6.10218e-06
1398       6.02452e-06
1399       6.00976e-06
1400       6.16316e-06
1401       6.25196e-06
1402       6.22172e-06
1403       6.03293e-06
1404       5.92722e-06
1405       6.04684e-06
1406       6.25368e-06
1407       6.25465e-06
1408       6.09394e-06
1409       5.90844e-06
1410       5.82746e-06
1411       5.92468e-06
1412       6.03185e-06
1413       6.03695e-06
1414       5.87371e-06
1415       5.69916e-06
1416       5.7751e-06
1417       5.66601e-06
1418       5.5718e-06
1419       5.69979e-06
1420       5.92908e-06
1421       6.03421e-06
1422       5.85049e-06
1423       5.54695e-06
1424       5.59376e-06
1425       5.63746e-06
1426       5.4132e-06
1427       5.27834e-06
1428       5.3728e-06
1429       5.51852e-06
1430       5.70183e-06
1431       5.85545e-06
1432       5.85063e-06
1433       5.88947e-06
1434       5.90781e-06
1435       5.98078e-06
1436       6.0716e-06
1437       5.93217e-06
1438       5.72016e-06
1439       5.75273e-06
1440       6.05977e-06
1441       6.35983e-06
1442       6.50406e-06
1443       6.4577e-06
1444       6.13756e-06
1445       5.785e-06 
1446       5.71208e-06
1447       5.78891e-06
1448       5.67089e-06
1449       5.38793e-06
1450       5.1934e-06
1451       5.17241e-06
1452       5.38624e-06
1453       5.59771e-06
1454       5.63319e-06
1455       5.70786e-06
1456       5.71282e-06
1457       5.70356e-06
1458       5.65093e-06
1459       5.66654e-06
1460       5.61222e-06
1461       5.47223e-06
1462       5.39207e-06
1463       5.43796e-06
1464       5.55337e-06
1465       5.63372e-06
1466       5.96071e-06
1467       6.37195e-06
1468       6.29735e-06
1469       5.95119e-06
1470       5.77051e-06
1471       5.73879e-06
1472       5.70683e-06
1473       5.69799e-06
1474       5.81935e-06
1475       5.83149e-06
1476       5.72583e-06
1477       5.62489e-06
1478       5.48187e-06
1479       5.34707e-06
1480       5.2742e-06
1481       5.3393e-06
1482       5.47687e-06
1483       5.73852e-06
1484       5.89105e-06
1485       5.72138e-06
1486       5.6943e-06
1487       5.88944e-06
1488       6.0817e-06
1489       6.02395e-06
1490       5.91536e-06
1491       5.84749e-06
1492       5.81924e-06
1493       5.97654e-06
1494       5.99668e-06
1495       5.79497e-06
1496       5.67265e-06
1497       5.53325e-06
1498       5.54213e-06
1499       5.71218e-06
1500       5.80374e-06
1501       5.80042e-06
1502       5.83738e-06
1503       5.94474e-06
1504       5.73434e-06
1505       5.54305e-06
1506       5.58534e-06
1507       5.65895e-06
1508       5.79123e-06
1509       5.87056e-06
1510       5.85922e-06
1511       5.79023e-06
1512       5.63108e-06
1513       5.61974e-06
1514       5.5309e-06
1515       5.52003e-06
1516       5.88856e-06
1517       6.07254e-06
1518       5.93359e-06
1519       5.63125e-06
1520       5.52568e-06
1521       5.73315e-06
1522       5.91872e-06
1523       5.90865e-06
1524       5.8608e-06
1525       5.89369e-06
1526       5.94576e-06
1527       6.01321e-06
1528       5.99386e-06
1529       5.89154e-06
1530       5.77127e-06
1531       5.55538e-06
1532       5.41654e-06
1533       5.51933e-06
1534       5.57183e-06
1535       5.42902e-06
1536       5.38259e-06
1537       5.33922e-06
1538       5.34485e-06
1539       5.48777e-06
1540       5.57045e-06
1541       5.44323e-06
1542       5.36199e-06
1543       5.46981e-06
1544       5.55885e-06
1545       5.51437e-06
1546       5.67e-06  
1547       5.85299e-06
1548       5.70765e-06
1549       5.67173e-06
1550       5.71398e-06
1551       5.67518e-06
1552       5.68063e-06
1553       5.54059e-06
1554       5.25746e-06
1555       5.10536e-06
1556       5.2007e-06
1557       5.33448e-06
1558       5.2926e-06
1559       5.40651e-06
1560       5.70077e-06
1561       5.84611e-06
1562       5.61682e-06
1563       5.34476e-06
1564       5.47948e-06
1565       5.65537e-06
1566       5.71491e-06
1567       5.72552e-06
1568       5.58901e-06
1569       5.38144e-06
1570       5.20681e-06
1571       5.30432e-06
1572       5.57792e-06
1573       5.78905e-06
1574       5.74064e-06
1575       5.77233e-06
1576       5.86801e-06
1577       5.74877e-06
1578       5.53114e-06
1579       5.54751e-06
1580       5.68009e-06
1581       5.78361e-06
1582       5.65397e-06
1583       5.52401e-06
1584       5.45396e-06
1585       5.34392e-06
1586       5.41297e-06
1587       5.47682e-06
1588       5.52826e-06
1589       5.64349e-06
1590       5.74142e-06
1591       5.61149e-06
1592       5.32184e-06
1593       5.22505e-06
1594       5.28847e-06
1595       5.34571e-06
1596       5.45117e-06
1597       5.57381e-06
1598       5.59974e-06
1599       5.66277e-06
1600       5.69908e-06
