# Freq.    Mag.
0          0.000226892
0.0625     0.000226522
0.125      0.000224981
0.1875     0.000242486
0.25       0.000259771
0.3125     0.000264072
0.375      0.000257801
0.4375     0.000243611
0.5        0.000224496
0.5625     0.000201006
0.625      0.00017385
0.6875     0.000146857
0.75       0.000125847
0.8125     0.000110289
0.875      9.79432e-05
0.9375     8.93773e-05
1          8.47344e-05
1.0625     8.37716e-05
1.125      8.34766e-05
1.1875     8.18341e-05
1.25       7.87367e-05
1.3125     7.53137e-05
1.375      7.1961e-05
1.4375     6.7765e-05
1.5        6.29034e-05
1.5625     5.8061e-05
1.625      5.37687e-05
1.6875     5.07875e-05
1.75       5.00858e-05
1.8125     5.06223e-05
1.875      5.00653e-05
1.9375     4.79502e-05
2          4.70235e-05
2.0625     4.64012e-05
2.125      4.57203e-05
2.1875     4.53178e-05
2.25       4.43414e-05
2.3125     4.13511e-05
2.375      3.81316e-05
2.4375     3.63043e-05
2.5        3.5653e-05
2.5625     3.52987e-05
2.625      3.57081e-05
2.6875     3.62632e-05
2.75       3.52994e-05
2.8125     3.32156e-05
2.875      3.25247e-05
2.9375     3.37618e-05
3          3.33836e-05
3.0625     3.13396e-05
3.125      2.99023e-05
3.1875     3.02935e-05
3.25       3.0851e-05
3.3125     2.95371e-05
3.375      2.80192e-05
3.4375     2.72785e-05
3.5        2.8313e-05
3.5625     2.86106e-05
3.625      2.83503e-05
3.6875     2.71046e-05
3.75       2.62369e-05
3.8125     2.56683e-05
3.875      2.53075e-05
3.9375     2.53019e-05
4          2.46352e-05
4.0625     2.33562e-05
4.125      2.28931e-05
4.1875     2.48413e-05
4.25       2.60421e-05
4.3125     2.50683e-05
4.375      2.41526e-05
4.4375     2.39783e-05
4.5        2.21137e-05
4.5625     1.9764e-05
4.625      2.02096e-05
4.6875     2.22088e-05
4.75       2.14017e-05
4.8125     2.11986e-05
4.875      2.22536e-05
4.9375     2.37633e-05
5          2.27801e-05
5.0625     1.99415e-05
5.125      1.87193e-05
5.1875     1.94109e-05
5.25       2.13193e-05
5.3125     2.05338e-05
5.375      1.83433e-05
5.4375     1.82126e-05
5.5        1.94041e-05
5.5625     1.91451e-05
5.625      1.78741e-05
5.6875     1.89471e-05
5.75       2.06565e-05
5.8125     2.04357e-05
5.875      1.88964e-05
5.9375     1.73474e-05
6          1.64084e-05
6.0625     1.72075e-05
6.125      1.86292e-05
6.1875     1.8695e-05
6.25       1.82248e-05
6.3125     1.76594e-05
6.375      1.63789e-05
6.4375     1.50157e-05
6.5        1.54404e-05
6.5625     1.73741e-05
6.625      1.72541e-05
6.6875     1.60909e-05
6.75       1.56019e-05
6.8125     1.61599e-05
6.875      1.6706e-05
6.9375     1.64514e-05
7          1.67644e-05
7.0625     1.68604e-05
7.125      1.61127e-05
7.1875     1.49831e-05
7.25       1.53747e-05
7.3125     1.60915e-05
7.375      1.56749e-05
7.4375     1.51296e-05
7.5        1.53057e-05
7.5625     1.67253e-05
7.625      1.65103e-05
7.6875     1.53201e-05
7.75       1.48062e-05
7.8125     1.48924e-05
7.875      1.40802e-05
7.9375     1.35436e-05
8          1.54051e-05
8.0625     1.66413e-05
8.125      1.62231e-05
8.1875     1.50255e-05
8.25       1.49735e-05
8.3125     1.45613e-05
8.375      1.38603e-05
8.4375     1.44647e-05
8.5        1.49653e-05
8.5625     1.41463e-05
8.625      1.38009e-05
8.6875     1.44873e-05
8.75       1.4994e-05
8.8125     1.44096e-05
8.875      1.32861e-05
8.9375     1.19689e-05
9          1.2411e-05
9.0625     1.40243e-05
9.125      1.47857e-05
9.1875     1.47141e-05
9.25       1.48847e-05
9.3125     1.53007e-05
9.375      1.47866e-05
9.4375     1.38684e-05
9.5        1.2774e-05
9.5625     1.26574e-05
9.625      1.34408e-05
9.6875     1.41893e-05
9.75       1.48053e-05
9.8125     1.47511e-05
9.875      1.40497e-05
9.9375     1.37991e-05
10         1.29926e-05
10.0625    1.25665e-05
10.125     1.24918e-05
10.1875    1.31751e-05
10.25      1.32618e-05
10.3125    1.30795e-05
10.375     1.31358e-05
10.4375    1.39787e-05
10.5       1.49131e-05
10.5625    1.41061e-05
10.625     1.28787e-05
10.6875    1.2538e-05
10.75      1.37886e-05
10.8125    1.37873e-05
10.875     1.2573e-05
10.9375    1.22467e-05
11         1.38253e-05
11.0625    1.44879e-05
11.125     1.39857e-05
11.1875    1.30697e-05
11.25      1.28184e-05
11.3125    1.1947e-05
11.375     1.12641e-05
11.4375    1.28542e-05
11.5       1.44548e-05
11.5625    1.46186e-05
11.625     1.4199e-05
11.6875    1.44211e-05
11.75      1.3686e-05
11.8125    1.14411e-05
11.875     1.11687e-05
11.9375    1.26422e-05
12         1.38892e-05
12.0625    1.32782e-05
12.125     1.2348e-05
12.1875    1.24338e-05
12.25      1.30216e-05
12.3125    1.39628e-05
12.375     1.26219e-05
12.4375    1.18707e-05
12.5       1.30116e-05
12.5625    1.3335e-05
12.625     1.21741e-05
12.6875    1.13647e-05
12.75      1.15238e-05
12.8125    1.17057e-05
12.875     1.20959e-05
12.9375    1.27014e-05
13         1.16407e-05
13.0625    1.02219e-05
13.125     1.10405e-05
13.1875    1.30502e-05
13.25      1.34956e-05
13.3125    1.29251e-05
13.375     1.30725e-05
13.4375    1.31762e-05
13.5       1.25906e-05
13.5625    1.19217e-05
13.625     1.16347e-05
13.6875    1.10616e-05
13.75      1.10261e-05
13.8125    1.18058e-05
13.875     1.27901e-05
13.9375    1.33642e-05
14         1.32211e-05
14.0625    1.23414e-05
14.125     1.14775e-05
14.1875    1.25383e-05
14.25      1.35698e-05
14.3125    1.29e-05  
14.375     1.17786e-05
14.4375    1.22494e-05
14.5       1.25342e-05
14.5625    1.16601e-05
14.625     1.11892e-05
14.6875    1.25571e-05
14.75      1.39188e-05
14.8125    1.33752e-05
14.875     1.20831e-05
14.9375    1.14365e-05
15         1.19335e-05
15.0625    1.21305e-05
15.125     1.11532e-05
15.1875    1.02969e-05
15.25      1.07169e-05
15.3125    1.12458e-05
15.375     1.17465e-05
15.4375    1.16801e-05
15.5       1.05623e-05
15.5625    9.80021e-06
15.625     1.05053e-05
15.6875    1.14497e-05
15.75      1.19498e-05
15.8125    1.26727e-05
15.875     1.34074e-05
15.9375    1.28655e-05
16         1.16351e-05
16.0625    1.08331e-05
16.125     1.08566e-05
16.1875    1.07976e-05
16.25      1.18456e-05
16.3125    1.28921e-05
16.375     1.29653e-05
16.4375    1.18439e-05
16.5       1.08192e-05
16.5625    1.12884e-05
16.625     1.10461e-05
16.6875    1.09043e-05
16.75      1.12872e-05
16.8125    1.17085e-05
16.875     1.17734e-05
16.9375    1.05967e-05
17         9.70761e-06
17.0625    1.04746e-05
17.125     1.1242e-05
17.1875    1.16107e-05
17.25      1.09464e-05
17.3125    1.0459e-05
17.375     1.07171e-05
17.4375    1.06367e-05
17.5       1.08415e-05
17.5625    1.2072e-05
17.625     1.30848e-05
17.6875    1.23035e-05
17.75      1.06912e-05
17.8125    9.98369e-06
17.875     1.05317e-05
17.9375    1.2025e-05
18         1.23831e-05
18.0625    1.11166e-05
18.125     1.05918e-05
18.1875    1.03926e-05
18.25      9.30415e-06
18.3125    8.86909e-06
18.375     1.00719e-05
18.4375    1.10305e-05
18.5       1.01213e-05
18.5625    9.21717e-06
18.625     1.04195e-05
18.6875    1.16841e-05
18.75      1.20879e-05
18.8125    1.13938e-05
18.875     1.0865e-05
18.9375    1.14434e-05
19         1.1601e-05
19.0625    1.13857e-05
19.125     1.11645e-05
19.1875    1.15701e-05
19.25      1.10248e-05
19.3125    1.07267e-05
19.375     1.14046e-05
19.4375    1.22021e-05
19.5       1.2697e-05
19.5625    1.1558e-05
19.625     1.03677e-05
19.6875    1.07961e-05
19.75      1.10539e-05
19.8125    1.10118e-05
19.875     1.17751e-05
19.9375    1.23819e-05
20         1.16506e-05
20.0625    9.72627e-06
20.125     9.49729e-06
20.1875    1.0445e-05
20.25      1.06035e-05
20.3125    1.03741e-05
20.375     1.05212e-05
20.4375    1.02431e-05
20.5       9.71076e-06
20.5625    9.4644e-06
20.625     1.01133e-05
20.6875    1.08591e-05
20.75      1.1138e-05
20.8125    1.10153e-05
20.875     1.13295e-05
20.9375    1.19137e-05
21         1.2039e-05
21.0625    1.18307e-05
21.125     1.21701e-05
21.1875    1.2075e-05
21.25      1.07889e-05
21.3125    9.60041e-06
21.375     1.04426e-05
21.4375    1.15531e-05
21.5       1.13219e-05
21.5625    1.08261e-05
21.625     1.07477e-05
21.6875    1.0782e-05
21.75      1.12467e-05
21.8125    1.21058e-05
21.875     1.24697e-05
21.9375    1.18248e-05
22         1.10758e-05
22.0625    1.0935e-05
22.125     1.06995e-05
22.1875    9.95485e-06
22.25      8.90733e-06
22.3125    8.9397e-06
22.375     9.68194e-06
22.4375    1.07778e-05
22.5       1.08316e-05
22.5625    1.0455e-05
22.625     1.01241e-05
22.6875    1.02875e-05
22.75      9.97588e-06
22.8125    9.59019e-06
22.875     9.72618e-06
22.9375    1.02807e-05
23         1.05514e-05
23.0625    1.1428e-05
23.125     1.1991e-05
23.1875    1.17524e-05
23.25      1.14246e-05
23.3125    1.11872e-05
23.375     1.1064e-05
23.4375    1.05675e-05
23.5       1.02247e-05
23.5625    1.01844e-05
23.625     1.02681e-05
23.6875    1.09068e-05
23.75      1.16276e-05
23.8125    1.20585e-05
23.875     1.19472e-05
23.9375    1.09396e-05
24         1.07094e-05
24.0625    1.10656e-05
24.125     1.13524e-05
24.1875    1.1447e-05
24.25      1.12275e-05
24.3125    1.03892e-05
24.375     9.33067e-06
24.4375    9.81645e-06
24.5       1.13401e-05
24.5625    1.18608e-05
24.625     1.07405e-05
24.6875    1.06487e-05
24.75      1.13026e-05
24.8125    1.18023e-05
24.875     1.14704e-05
24.9375    1.05558e-05
25         1.00327e-05
25.0625    1.04373e-05
25.125     1.10217e-05
25.1875    1.18553e-05
25.25      1.22989e-05
25.3125    1.21415e-05
25.375     1.21489e-05
25.4375    1.24996e-05
25.5       1.29465e-05
25.5625    1.30992e-05
25.625     1.23767e-05
25.6875    1.18986e-05
25.75      1.08308e-05
25.8125    9.71027e-06
25.875     9.87685e-06
25.9375    9.97004e-06
26         1.01122e-05
26.0625    1.06367e-05
26.125     1.11698e-05
26.1875    1.16192e-05
26.25      1.1598e-05
26.3125    1.11619e-05
26.375     1.10512e-05
26.4375    1.06998e-05
26.5       9.44508e-06
26.5625    8.85242e-06
26.625     9.88827e-06
26.6875    1.07815e-05
26.75      1.07272e-05
26.8125    1.1232e-05
26.875     1.17047e-05
26.9375    1.05804e-05
27         9.48313e-06
27.0625    9.44513e-06
27.125     1.08267e-05
27.1875    1.1335e-05
27.25      1.1168e-05
27.3125    1.13944e-05
27.375     1.16711e-05
27.4375    1.16113e-05
27.5       1.1309e-05
27.5625    1.14641e-05
27.625     1.16798e-05
27.6875    1.18407e-05
27.75      1.20852e-05
27.8125    1.17722e-05
27.875     1.07598e-05
27.9375    9.02983e-06
28         8.69807e-06
28.0625    9.29986e-06
28.125     1.05102e-05
28.1875    1.19282e-05
28.25      1.28306e-05
28.3125    1.27557e-05
28.375     1.23755e-05
28.4375    1.17883e-05
28.5       1.13382e-05
28.5625    1.14841e-05
28.625     1.19659e-05
28.6875    1.16574e-05
28.75      1.03702e-05
28.8125    9.68271e-06
28.875     1.01405e-05
28.9375    1.00348e-05
29         9.39191e-06
29.0625    9.85124e-06
29.125     1.09427e-05
29.1875    1.08363e-05
29.25      9.63895e-06
29.3125    9.26867e-06
29.375     9.99207e-06
29.4375    1.08501e-05
29.5       1.16411e-05
29.5625    1.2778e-05
29.625     1.3452e-05
29.6875    1.25797e-05
29.75      1.09762e-05
29.8125    1.02256e-05
29.875     1.03531e-05
29.9375    1.02886e-05
30         1.03345e-05
30.0625    1.10089e-05
30.125     1.16828e-05
30.1875    1.12254e-05
30.25      1.01726e-05
30.3125    9.17255e-06
30.375     9.54517e-06
30.4375    1.08896e-05
30.5       1.19487e-05
30.5625    1.18041e-05
30.625     1.11292e-05
30.6875    1.09868e-05
30.75      1.13344e-05
30.8125    1.16907e-05
30.875     1.13801e-05
30.9375    1.11182e-05
31         1.12091e-05
31.0625    1.06208e-05
31.125     9.49533e-06
31.1875    9.81592e-06
31.25      1.12778e-05
31.3125    1.16713e-05
31.375     1.04794e-05
31.4375    9.84324e-06
31.5       1.08067e-05
31.5625    1.1377e-05
31.625     1.13648e-05
31.6875    1.02071e-05
31.75      1.00655e-05
31.8125    1.10252e-05
31.875     1.11912e-05
31.9375    1.16872e-05
32         1.17338e-05
32.0625    1.1143e-05
32.125     1.09874e-05
32.1875    1.13392e-05
32.25      1.13157e-05
32.3125    1.11848e-05
32.375     1.14186e-05
32.4375    1.12229e-05
32.5       1.04229e-05
32.5625    1.0642e-05
32.625     1.07812e-05
32.6875    1.04849e-05
32.75      1.04377e-05
32.8125    1.12361e-05
32.875     1.16635e-05
32.9375    1.13434e-05
33         1.11069e-05
33.0625    1.146e-05 
33.125     1.18673e-05
33.1875    1.15502e-05
33.25      1.0857e-05
33.3125    1.02742e-05
33.375     9.88123e-06
33.4375    9.0521e-06
33.5       8.52208e-06
33.5625    9.404e-06 
33.625     1.09129e-05
33.6875    1.16293e-05
33.75      1.20546e-05
33.8125    1.20113e-05
33.875     1.08875e-05
33.9375    9.95661e-06
34         1.03714e-05
34.0625    1.15136e-05
34.125     1.20569e-05
34.1875    1.19111e-05
34.25      1.18913e-05
34.3125    1.21292e-05
34.375     1.22447e-05
34.4375    1.20447e-05
34.5       1.15132e-05
34.5625    1.10805e-05
34.625     1.12991e-05
34.6875    1.23075e-05
34.75      1.2808e-05
34.8125    1.24177e-05
34.875     1.2013e-05
34.9375    1.1591e-05
35         1.0963e-05
35.0625    1.04407e-05
35.125     1.07792e-05
35.1875    1.19952e-05
35.25      1.25401e-05
35.3125    1.15311e-05
35.375     1.09379e-05
35.4375    1.05572e-05
35.5       1.009e-05 
35.5625    1.00626e-05
35.625     9.9155e-06
35.6875    1.02388e-05
35.75      1.08316e-05
35.8125    1.13258e-05
35.875     1.22793e-05
35.9375    1.27029e-05
36         1.20993e-05
36.0625    1.13255e-05
36.125     1.07377e-05
36.1875    1.06027e-05
36.25      1.13532e-05
36.3125    1.25509e-05
36.375     1.27016e-05
36.4375    1.18947e-05
36.5       1.05517e-05
36.5625    1.03662e-05
36.625     1.12122e-05
36.6875    1.14094e-05
36.75      1.12229e-05
36.8125    1.10952e-05
36.875     1.11821e-05
36.9375    1.13191e-05
37         1.14393e-05
37.0625    1.09742e-05
37.125     1.04461e-05
37.1875    1.08249e-05
37.25      1.2019e-05
37.3125    1.25629e-05
37.375     1.22264e-05
37.4375    1.20047e-05
37.5       1.22564e-05
37.5625    1.16694e-05
37.625     1.02702e-05
37.6875    9.7807e-06
37.75      1.00782e-05
37.8125    9.79732e-06
37.875     9.4345e-06
37.9375    9.80912e-06
38         1.04716e-05
38.0625    9.97811e-06
38.125     9.67621e-06
38.1875    1.05977e-05
38.25      1.12458e-05
38.3125    1.0977e-05
38.375     1.04627e-05
38.4375    9.59298e-06
38.5       9.65533e-06
38.5625    1.05608e-05
38.625     1.19935e-05
38.6875    1.27482e-05
38.75      1.22117e-05
38.8125    1.13906e-05
38.875     1.1368e-05
38.9375    1.24057e-05
39         1.32651e-05
39.0625    1.27123e-05
39.125     1.22378e-05
39.1875    1.20138e-05
39.25      2.00951e-05
39.3125    4.46914e-05
39.375     5.61186e-05
39.4375    5.67327e-05
39.5       5.17397e-05
39.5625    2.86703e-05
39.625     1.21281e-05
39.6875    1.2125e-05
39.75      1.28907e-05
39.8125    1.25528e-05
39.875     1.14083e-05
39.9375    1.16791e-05
40         1.22465e-05
40.0625    1.19723e-05
40.125     1.1978e-05
40.1875    1.17363e-05
40.25      1.12458e-05
40.3125    1.09329e-05
40.375     1.03872e-05
40.4375    1.03844e-05
40.5       1.09333e-05
40.5625    1.1636e-05
40.625     1.27268e-05
40.6875    1.24983e-05
40.75      1.17839e-05
40.8125    1.01763e-05
40.875     8.97366e-06
40.9375    9.47716e-06
41         1.0192e-05
41.0625    9.75694e-06
41.125     8.80251e-06
41.1875    8.8905e-06
41.25      9.41773e-06
41.3125    9.55332e-06
41.375     9.71509e-06
41.4375    1.05124e-05
41.5       1.1174e-05
41.5625    1.10586e-05
41.625     1.08062e-05
41.6875    1.05763e-05
41.75      1.07591e-05
41.8125    1.12305e-05
41.875     1.15724e-05
41.9375    1.24336e-05
42         1.27857e-05
42.0625    1.22354e-05
42.125     1.09957e-05
42.1875    9.56946e-06
42.25      9.09009e-06
42.3125    9.50489e-06
42.375     1.04687e-05
42.4375    1.13978e-05
42.5       1.22831e-05
42.5625    1.19957e-05
42.625     1.08632e-05
42.6875    1.08682e-05
42.75      1.11666e-05
42.8125    1.08592e-05
42.875     1.01964e-05
42.9375    9.93208e-06
43         9.96516e-06
43.0625    9.94332e-06
43.125     1.02125e-05
43.1875    1.01758e-05
43.25      1.04778e-05
43.3125    1.14254e-05
43.375     1.20902e-05
43.4375    1.15877e-05
43.5       1.12995e-05
43.5625    1.14825e-05
43.625     1.14598e-05
43.6875    1.16874e-05
43.75      1.23324e-05
43.8125    1.24535e-05
43.875     1.17246e-05
43.9375    1.11248e-05
44         1.05893e-05
44.0625    1.03585e-05
44.125     1.06563e-05
44.1875    1.08548e-05
44.25      1.04292e-05
44.3125    1.06683e-05
44.375     1.19779e-05
44.4375    1.29039e-05
44.5       1.24074e-05
44.5625    1.09858e-05
44.625     9.92023e-06
44.6875    9.33822e-06
44.75      8.82387e-06
44.8125    9.08732e-06
44.875     9.91711e-06
44.9375    1.06162e-05
45         1.07655e-05
45.0625    1.1058e-05
45.125     1.17588e-05
45.1875    1.20521e-05
45.25      1.09181e-05
45.3125    1.04852e-05
45.375     1.06504e-05
45.4375    1.0618e-05
45.5       1.10272e-05
45.5625    1.21397e-05
45.625     1.30517e-05
45.6875    1.34683e-05
45.75      1.29099e-05
45.8125    1.20016e-05
45.875     1.15776e-05
45.9375    1.20712e-05
46         1.19605e-05
46.0625    1.06402e-05
46.125     9.68633e-06
46.1875    9.87032e-06
46.25      1.02679e-05
46.3125    1.06492e-05
46.375     1.07387e-05
46.4375    1.09741e-05
46.5       1.12431e-05
46.5625    1.167e-05 
46.625     1.14963e-05
46.6875    1.08891e-05
46.75      1.08689e-05
46.8125    1.07527e-05
46.875     1.07529e-05
46.9375    1.06115e-05
47         9.72807e-06
47.0625    1.06553e-05
47.125     1.27034e-05
47.1875    1.39509e-05
47.25      1.31434e-05
47.3125    1.12925e-05
47.375     1.04616e-05
47.4375    1.07236e-05
47.5       1.15953e-05
47.5625    1.15909e-05
47.625     1.0414e-05
47.6875    1.01089e-05
47.75      1.04025e-05
47.8125    1.12165e-05
47.875     1.16237e-05
47.9375    1.14353e-05
48         1.13571e-05
48.0625    1.15258e-05
48.125     1.22079e-05
48.1875    1.19058e-05
48.25      1.11251e-05
48.3125    1.05821e-05
48.375     1.00203e-05
48.4375    1.02497e-05
48.5       1.08545e-05
48.5625    1.13552e-05
48.625     1.25165e-05
48.6875    1.28298e-05
48.75      1.25459e-05
48.8125    1.17805e-05
48.875     1.09006e-05
48.9375    1.03622e-05
49         1.01697e-05
49.0625    9.76294e-06
49.125     9.21712e-06
49.1875    8.87962e-06
49.25      8.37238e-06
49.3125    8.11872e-06
49.375     9.04242e-06
49.4375    1.12091e-05
49.5       1.22786e-05
49.5625    1.10619e-05
49.625     1.01176e-05
49.6875    1.04558e-05
49.75      1.08913e-05
49.8125    1.04609e-05
49.875     1.01218e-05
49.9375    1.0278e-05
50         1.02963e-05
50.0625    1.00175e-05
50.125     8.89952e-06
50.1875    8.84055e-06
50.25      9.9357e-06
50.3125    9.94097e-06
50.375     9.5987e-06
50.4375    9.97555e-06
50.5       1.03609e-05
50.5625    9.97181e-06
50.625     1.00113e-05
50.6875    1.02102e-05
50.75      1.09935e-05
50.8125    1.20531e-05
50.875     1.24163e-05
50.9375    1.22835e-05
51         1.14393e-05
51.0625    1.05641e-05
51.125     1.02197e-05
51.1875    1.04768e-05
51.25      1.11765e-05
51.3125    1.16021e-05
51.375     1.1281e-05
51.4375    1.03651e-05
51.5       9.67273e-06
51.5625    1.01686e-05
51.625     1.13456e-05
51.6875    1.20567e-05
51.75      1.22339e-05
51.8125    1.17023e-05
51.875     1.12682e-05
51.9375    1.13671e-05
52         1.18341e-05
52.0625    1.1858e-05
52.125     1.12479e-05
52.1875    1.04369e-05
52.25      1.08362e-05
52.3125    1.18528e-05
52.375     1.22602e-05
52.4375    1.19551e-05
52.5       1.05105e-05
52.5625    1.01744e-05
52.625     1.03756e-05
52.6875    1.0632e-05
52.75      1.12447e-05
52.8125    1.16661e-05
52.875     1.18401e-05
52.9375    1.1598e-05
53         1.16064e-05
53.0625    1.14944e-05
53.125     1.1717e-05
53.1875    1.10146e-05
53.25      1.01217e-05
53.3125    1.04827e-05
53.375     1.04718e-05
53.4375    9.98869e-06
53.5       9.94504e-06
53.5625    1.04235e-05
53.625     1.09263e-05
53.6875    1.10634e-05
53.75      1.1813e-05
53.8125    1.27535e-05
53.875     1.24563e-05
53.9375    1.16522e-05
54         1.15761e-05
54.0625    1.20593e-05
54.125     1.17295e-05
54.1875    1.14635e-05
54.25      1.16823e-05
54.3125    1.19505e-05
54.375     1.18924e-05
54.4375    1.13953e-05
54.5       1.08688e-05
54.5625    1.10037e-05
54.625     1.19262e-05
54.6875    1.32679e-05
54.75      1.44954e-05
54.8125    1.49732e-05
54.875     1.46815e-05
54.9375    1.35607e-05
55         1.24224e-05
55.0625    1.15922e-05
55.125     1.1471e-05
55.1875    1.1924e-05
55.25      1.2075e-05
55.3125    1.15766e-05
55.375     1.12191e-05
55.4375    1.16581e-05
55.5       1.14939e-05
55.5625    1.09917e-05
55.625     1.08605e-05
55.6875    1.11069e-05
55.75      1.08833e-05
55.8125    1.03936e-05
55.875     1.04292e-05
55.9375    1.0644e-05
56         1.10336e-05
56.0625    1.11443e-05
56.125     1.04751e-05
56.1875    1.05465e-05
56.25      1.07106e-05
56.3125    1.0524e-05
56.375     1.02408e-05
56.4375    9.56144e-06
56.5       9.42145e-06
56.5625    9.30703e-06
56.625     9.44506e-06
56.6875    9.61717e-06
56.75      1.02716e-05
56.8125    1.06129e-05
56.875     1.05337e-05
56.9375    1.14757e-05
57         1.29632e-05
57.0625    1.41654e-05
57.125     1.42678e-05
57.1875    1.32805e-05
57.25      1.20788e-05
57.3125    1.113e-05 
57.375     1.03438e-05
57.4375    1.06122e-05
57.5       1.10436e-05
57.5625    1.13412e-05
57.625     1.17251e-05
57.6875    1.15203e-05
57.75      1.09371e-05
57.8125    1.06561e-05
57.875     1.0438e-05
57.9375    1.02955e-05
58         1.02543e-05
58.0625    1.00997e-05
58.125     1.02963e-05
58.1875    1.09883e-05
58.25      1.17721e-05
58.3125    1.23176e-05
58.375     1.19907e-05
58.4375    1.17123e-05
58.5       1.18182e-05
58.5625    1.11557e-05
58.625     1.04674e-05
58.6875    1.01146e-05
58.75      9.86478e-06
58.8125    9.90025e-06
58.875     1.06471e-05
58.9375    1.05337e-05
59         1.04183e-05
59.0625    1.10683e-05
59.125     1.14427e-05
59.1875    1.12216e-05
59.25      1.0027e-05
59.3125    9.68896e-06
59.375     1.02981e-05
59.4375    1.16263e-05
59.5       1.37116e-05
59.5625    1.50442e-05
59.625     1.46526e-05
59.6875    1.33647e-05
59.75      1.16578e-05
59.8125    1.04247e-05
59.875     1.40303e-05
59.9375    1.84091e-05
60         1.90499e-05
60.0625    1.81826e-05
60.125     1.4551e-05
60.1875    1.15431e-05
60.25      1.14486e-05
60.3125    1.08831e-05
60.375     1.06349e-05
60.4375    1.10392e-05
60.5       1.19497e-05
60.5625    1.29013e-05
60.625     1.3389e-05
60.6875    1.33507e-05
60.75      1.21514e-05
60.8125    1.07964e-05
60.875     9.90066e-06
60.9375    1.0156e-05
61         1.14832e-05
61.0625    1.21135e-05
61.125     1.16412e-05
61.1875    1.05853e-05
61.25      1.0077e-05
61.3125    9.98804e-06
61.375     1.04664e-05
61.4375    1.15521e-05
61.5       1.14965e-05
61.5625    1.04525e-05
61.625     1.06431e-05
61.6875    1.14851e-05
61.75      1.22214e-05
61.8125    1.24906e-05
61.875     1.18733e-05
61.9375    1.14631e-05
62         1.20595e-05
62.0625    1.2546e-05
62.125     1.24874e-05
62.1875    1.22739e-05
62.25      1.21661e-05
62.3125    1.21801e-05
62.375     1.2156e-05
62.4375    1.24907e-05
62.5       1.25692e-05
62.5625    1.16913e-05
62.625     1.13192e-05
62.6875    1.21623e-05
62.75      1.27029e-05
62.8125    1.18488e-05
62.875     9.82068e-06
62.9375    9.15503e-06
63         1.0006e-05
63.0625    1.07453e-05
63.125     1.14557e-05
63.1875    1.1559e-05
63.25      1.05798e-05
63.3125    1.0411e-05
63.375     1.08608e-05
63.4375    1.1618e-05
63.5       1.17057e-05
63.5625    1.13045e-05
63.625     1.1339e-05
63.6875    1.20847e-05
63.75      1.2792e-05
63.8125    1.25372e-05
63.875     1.18956e-05
63.9375    1.17225e-05
64         1.13903e-05
64.0625    1.11064e-05
64.125     1.12651e-05
64.1875    1.19708e-05
64.25      1.19228e-05
64.3125    1.17309e-05
64.375     1.16311e-05
64.4375    1.14484e-05
64.5       1.12184e-05
64.5625    1.08524e-05
64.625     1.1002e-05
64.6875    1.15401e-05
64.75      1.13524e-05
64.8125    1.11922e-05
64.875     1.09266e-05
64.9375    1.03166e-05
65         1.01248e-05
65.0625    9.94908e-06
65.125     1.04598e-05
65.1875    1.04312e-05
65.25      1.0208e-05
65.3125    1.07902e-05
65.375     1.15335e-05
65.4375    1.1678e-05
65.5       1.10343e-05
65.5625    1.03774e-05
65.625     1.05869e-05
65.6875    1.13124e-05
65.75      1.21361e-05
65.8125    1.24588e-05
65.875     1.26804e-05
65.9375    1.34175e-05
66         1.41586e-05
66.0625    1.38171e-05
66.125     1.28437e-05
66.1875    1.17309e-05
66.25      1.11819e-05
66.3125    1.13696e-05
66.375     1.17467e-05
66.4375    1.17826e-05
66.5       1.18412e-05
66.5625    1.22154e-05
66.625     1.24511e-05
66.6875    1.16157e-05
66.75      1.03967e-05
66.8125    1.02802e-05
66.875     1.02764e-05
66.9375    1.02051e-05
67         1.0712e-05
67.0625    1.14787e-05
67.125     1.20152e-05
67.1875    1.21542e-05
67.25      1.16027e-05
67.3125    1.0865e-05
67.375     9.94001e-06
67.4375    9.57371e-06
67.5       1.06861e-05
67.5625    1.21405e-05
67.625     1.29325e-05
67.6875    1.26696e-05
67.75      1.2239e-05
67.8125    1.22746e-05
67.875     1.23973e-05
67.9375    1.15251e-05
68         1.08347e-05
68.0625    1.14584e-05
68.125     1.17275e-05
68.1875    1.12052e-05
68.25      1.19078e-05
68.3125    1.2096e-05
68.375     1.1722e-05
68.4375    1.19673e-05
68.5       1.19648e-05
68.5625    1.13664e-05
68.625     1.10982e-05
68.6875    1.19465e-05
68.75      1.25696e-05
68.8125    1.31238e-05
68.875     1.28888e-05
68.9375    1.16063e-05
69         1.05389e-05
69.0625    9.71361e-06
69.125     9.62759e-06
69.1875    1.02322e-05
69.25      1.03962e-05
69.3125    1.02704e-05
69.375     9.85015e-06
69.4375    9.57502e-06
69.5       1.0257e-05
69.5625    1.16375e-05
69.625     1.2905e-05
69.6875    1.34508e-05
69.75      1.31703e-05
69.8125    1.21031e-05
69.875     1.07573e-05
69.9375    9.98156e-06
70         9.99452e-06
70.0625    9.63783e-06
70.125     9.70149e-06
70.1875    9.61472e-06
70.25      9.68725e-06
70.3125    1.02362e-05
70.375     1.0754e-05
70.4375    1.09693e-05
70.5       1.12519e-05
70.5625    1.22206e-05
70.625     1.26837e-05
70.6875    1.24102e-05
70.75      1.17799e-05
70.8125    1.14267e-05
70.875     1.1699e-05
70.9375    1.21794e-05
71         1.26984e-05
71.0625    1.20862e-05
71.125     1.13374e-05
71.1875    1.10749e-05
71.25      1.06916e-05
71.3125    1.1108e-05
71.375     1.13094e-05
71.4375    1.08944e-05
71.5       1.13261e-05
71.5625    1.17565e-05
71.625     1.17473e-05
71.6875    1.20572e-05
71.75      1.18196e-05
71.8125    1.12998e-05
71.875     1.06282e-05
71.9375    1.02609e-05
72         1.04172e-05
72.0625    1.05733e-05
72.125     1.0975e-05
72.1875    1.13793e-05
72.25      1.17598e-05
72.3125    1.16564e-05
72.375     1.10564e-05
72.4375    1.06977e-05
72.5       1.04538e-05
72.5625    1.02696e-05
72.625     1.00568e-05
72.6875    9.9391e-06
72.75      9.9818e-06
72.8125    1.06756e-05
72.875     1.12779e-05
72.9375    1.19082e-05
73         1.26689e-05
73.0625    1.24621e-05
73.125     1.2216e-05
73.1875    1.14938e-05
73.25      1.09033e-05
73.3125    1.05518e-05
73.375     1.05076e-05
73.4375    1.09891e-05
73.5       1.17568e-05
73.5625    1.25403e-05
73.625     1.3313e-05
73.6875    1.33154e-05
73.75      1.24414e-05
73.8125    1.18049e-05
73.875     1.16223e-05
73.9375    1.18578e-05
74         1.15618e-05
74.0625    1.04507e-05
74.125     1.01349e-05
74.1875    1.07302e-05
74.25      1.16484e-05
74.3125    1.25364e-05
74.375     1.30965e-05
74.4375    1.35077e-05
74.5       1.33213e-05
74.5625    1.26435e-05
74.625     1.21058e-05
74.6875    1.21166e-05
74.75      1.22185e-05
74.8125    1.20906e-05
74.875     1.20425e-05
74.9375    1.15597e-05
75         1.09082e-05
75.0625    1.01929e-05
75.125     9.91232e-06
75.1875    1.07484e-05
75.25      1.09072e-05
75.3125    1.08795e-05
75.375     1.14888e-05
75.4375    1.16461e-05
75.5       1.15671e-05
75.5625    1.09478e-05
75.625     9.61619e-06
75.6875    9.92702e-06
75.75      1.08018e-05
75.8125    1.10855e-05
75.875     1.12001e-05
75.9375    1.15162e-05
76         1.19068e-05
76.0625    1.11237e-05
76.125     1.04563e-05
76.1875    1.04493e-05
76.25      1.09629e-05
76.3125    1.15498e-05
76.375     1.16012e-05
76.4375    1.12879e-05
76.5       1.08523e-05
76.5625    1.0761e-05
76.625     1.05562e-05
76.6875    1.04861e-05
76.75      1.0963e-05
76.8125    1.14757e-05
76.875     1.19439e-05
76.9375    1.2517e-05
77         1.29791e-05
77.0625    1.35762e-05
77.125     1.34104e-05
77.1875    1.3076e-05
77.25      1.30851e-05
77.3125    1.24303e-05
77.375     1.11915e-05
77.4375    1.06754e-05
77.5       1.1364e-05
77.5625    1.22479e-05
77.625     1.20318e-05
77.6875    1.10817e-05
77.75      1.02343e-05
77.8125    9.7948e-06
77.875     9.37028e-06
77.9375    9.71887e-06
78         9.74612e-06
78.0625    1.00994e-05
78.125     1.09399e-05
78.1875    1.18441e-05
78.25      1.23428e-05
78.3125    1.25474e-05
78.375     1.30892e-05
78.4375    1.32435e-05
78.5       1.19782e-05
78.5625    1.05567e-05
78.625     1.01914e-05
78.6875    1.01788e-05
78.75      1.0728e-05
78.8125    1.09663e-05
78.875     1.02786e-05
78.9375    1.06448e-05
79         1.14827e-05
79.0625    1.1593e-05
79.125     1.15445e-05
79.1875    1.12747e-05
79.25      1.11923e-05
79.3125    1.10824e-05
79.375     1.0572e-05
79.4375    1.01515e-05
79.5       1.03246e-05
79.5625    1.12508e-05
79.625     1.13752e-05
79.6875    1.12261e-05
79.75      1.16126e-05
79.8125    1.23215e-05
79.875     1.32556e-05
79.9375    1.34795e-05
80         1.27538e-05
80.0625    1.20476e-05
80.125     1.2068e-05
80.1875    1.23661e-05
80.25      1.24025e-05
80.3125    1.25449e-05
80.375     1.24143e-05
80.4375    1.19771e-05
80.5       1.11014e-05
80.5625    1.03215e-05
80.625     1.00746e-05
80.6875    1.07242e-05
80.75      1.14334e-05
80.8125    1.1214e-05
80.875     1.05852e-05
80.9375    1.04502e-05
81         1.11108e-05
81.0625    1.10889e-05
81.125     1.00703e-05
81.1875    9.91374e-06
81.25      1.02357e-05
81.3125    1.04822e-05
81.375     1.08806e-05
81.4375    1.18784e-05
81.5       1.26671e-05
81.5625    1.2638e-05
81.625     1.20656e-05
81.6875    1.21204e-05
81.75      1.25132e-05
81.8125    1.1774e-05
81.875     1.07707e-05
81.9375    1.04226e-05
82         1.13604e-05
82.0625    1.18111e-05
82.125     1.11649e-05
82.1875    1.08613e-05
82.25      1.11095e-05
82.3125    1.09959e-05
82.375     1.09437e-05
82.4375    1.18805e-05
82.5       1.31963e-05
82.5625    1.38446e-05
82.625     1.32888e-05
82.6875    1.24299e-05
82.75      1.22001e-05
82.8125    1.18256e-05
82.875     1.08537e-05
82.9375    9.86391e-06
83         9.84949e-06
83.0625    1.00752e-05
83.125     1.00696e-05
83.1875    1.13008e-05
83.25      1.29188e-05
83.3125    1.30372e-05
83.375     1.26447e-05
83.4375    1.23866e-05
83.5       1.13819e-05
83.5625    1.01785e-05
83.625     9.65549e-06
83.6875    9.57347e-06
83.75      1.03587e-05
83.8125    1.11876e-05
83.875     1.13618e-05
83.9375    1.06493e-05
84         1.04169e-05
84.0625    1.05753e-05
84.125     1.08047e-05
84.1875    1.11482e-05
84.25      1.11614e-05
84.3125    1.19453e-05
84.375     1.24014e-05
84.4375    1.21041e-05
84.5       1.19706e-05
84.5625    1.13132e-05
84.625     1.0167e-05
84.6875    9.93867e-06
84.75      1.10629e-05
84.8125    1.21949e-05
84.875     1.24458e-05
84.9375    1.16584e-05
85         1.10425e-05
85.0625    1.11589e-05
85.125     1.19474e-05
85.1875    1.17954e-05
85.25      1.10096e-05
85.3125    1.11089e-05
85.375     1.12918e-05
85.4375    1.18996e-05
85.5       1.20792e-05
85.5625    1.12797e-05
85.625     1.05554e-05
85.6875    1.11023e-05
85.75      1.25427e-05
85.8125    1.33241e-05
85.875     1.32634e-05
85.9375    1.20851e-05
86         1.11466e-05
86.0625    1.13357e-05
86.125     1.21512e-05
86.1875    1.23332e-05
86.25      1.19655e-05
86.3125    1.16058e-05
86.375     1.14496e-05
86.4375    1.13894e-05
86.5       1.14727e-05
86.5625    1.18576e-05
86.625     1.23513e-05
86.6875    1.24951e-05
86.75      1.23325e-05
86.8125    1.19831e-05
86.875     1.10461e-05
86.9375    1.04467e-05
87         1.07682e-05
87.0625    1.12874e-05
87.125     1.11137e-05
87.1875    1.07888e-05
87.25      1.1021e-05
87.3125    1.10011e-05
87.375     1.07123e-05
87.4375    1.04094e-05
87.5       1.04688e-05
87.5625    1.08586e-05
87.625     1.07833e-05
87.6875    1.05227e-05
87.75      1.00653e-05
87.8125    9.59425e-06
87.875     9.65053e-06
87.9375    9.58042e-06
88         1.0027e-05
88.0625    1.09643e-05
88.125     1.15444e-05
88.1875    1.20416e-05
88.25      1.20549e-05
88.3125    1.15353e-05
88.375     1.15305e-05
88.4375    1.23428e-05
88.5       1.26989e-05
88.5625    1.22919e-05
88.625     1.16289e-05
88.6875    1.1737e-05
88.75      1.18845e-05
88.8125    1.18015e-05
88.875     1.24724e-05
88.9375    1.1872e-05
89         1.02765e-05
89.0625    1.0076e-05
89.125     9.93499e-06
89.1875    1.02196e-05
89.25      1.12296e-05
89.3125    1.22641e-05
89.375     1.26327e-05
89.4375    1.16929e-05
89.5       1.11297e-05
89.5625    1.07829e-05
89.625     1.06375e-05
89.6875    1.10578e-05
89.75      1.16507e-05
89.8125    1.17012e-05
89.875     1.14986e-05
89.9375    1.12435e-05
90         1.19835e-05
90.0625    1.27736e-05
90.125     1.32854e-05
90.1875    1.33513e-05
90.25      1.2447e-05
90.3125    1.17197e-05
90.375     1.21232e-05
90.4375    1.18512e-05
90.5       1.14688e-05
90.5625    1.2129e-05
90.625     1.29499e-05
90.6875    1.24366e-05
90.75      1.09384e-05
90.8125    1.06032e-05
90.875     1.16768e-05
90.9375    1.2109e-05
91         1.17228e-05
91.0625    1.16686e-05
91.125     1.15216e-05
91.1875    1.12359e-05
91.25      1.12886e-05
91.3125    1.18078e-05
91.375     1.17275e-05
91.4375    1.17688e-05
91.5       1.18743e-05
91.5625    1.20708e-05
91.625     1.25155e-05
91.6875    1.29434e-05
91.75      1.38382e-05
91.8125    1.37336e-05
91.875     1.25807e-05
91.9375    1.18391e-05
92         1.15693e-05
92.0625    1.19658e-05
92.125     1.25224e-05
92.1875    1.30723e-05
92.25      1.2909e-05
92.3125    1.20825e-05
92.375     1.20716e-05
92.4375    1.30312e-05
92.5       1.38204e-05
92.5625    1.39319e-05
92.625     1.35794e-05
92.6875    1.2702e-05
92.75      1.1481e-05
92.8125    1.04211e-05
92.875     1.08443e-05
92.9375    1.17041e-05
93         1.18666e-05
93.0625    1.1123e-05
93.125     1.09379e-05
93.1875    1.12403e-05
93.25      1.21281e-05
93.3125    1.22757e-05
93.375     1.16763e-05
93.4375    1.13901e-05
93.5       1.08445e-05
93.5625    1.09715e-05
93.625     1.07831e-05
93.6875    9.64486e-06
93.75      9.07516e-06
93.8125    9.46271e-06
93.875     1.04294e-05
93.9375    1.21587e-05
94         1.31105e-05
94.0625    1.23762e-05
94.125     1.15818e-05
94.1875    1.0694e-05
94.25      9.86991e-06
94.3125    9.77954e-06
94.375     1.02802e-05
94.4375    1.08136e-05
94.5       1.10261e-05
94.5625    1.1611e-05
94.625     1.23882e-05
94.6875    1.30444e-05
94.75      1.29627e-05
94.8125    1.24563e-05
94.875     1.16196e-05
94.9375    1.05375e-05
95         1.09172e-05
95.0625    1.18351e-05
95.125     1.24952e-05
95.1875    1.23928e-05
95.25      1.23569e-05
95.3125    1.24485e-05
95.375     1.13552e-05
95.4375    1.01849e-05
95.5       9.9377e-06
95.5625    1.02274e-05
95.625     1.0911e-05
95.6875    1.19839e-05
95.75      1.34517e-05
95.8125    1.34255e-05
95.875     1.18318e-05
95.9375    1.06038e-05
96         1.04662e-05
96.0625    1.12398e-05
96.125     1.15637e-05
96.1875    1.12752e-05
96.25      1.10898e-05
96.3125    1.11453e-05
96.375     1.16914e-05
96.4375    1.22722e-05
96.5       1.18881e-05
96.5625    1.10336e-05
96.625     1.01385e-05
96.6875    9.79825e-06
96.75      1.00227e-05
96.8125    1.03834e-05
96.875     1.10796e-05
96.9375    1.1453e-05
97         1.05319e-05
97.0625    9.76167e-06
97.125     1.04306e-05
97.1875    1.09082e-05
97.25      1.07998e-05
97.3125    1.15084e-05
97.375     1.16676e-05
97.4375    1.07098e-05
97.5       9.98549e-06
97.5625    1.02267e-05
97.625     1.08432e-05
97.6875    1.09321e-05
97.75      1.09713e-05
97.8125    1.15297e-05
97.875     1.18064e-05
97.9375    1.22452e-05
98         1.25928e-05
98.0625    1.22609e-05
98.125     1.14885e-05
98.1875    1.03317e-05
98.25      1.02231e-05
98.3125    1.10161e-05
98.375     1.11579e-05
98.4375    1.12403e-05
98.5       1.14195e-05
98.5625    1.13403e-05
98.625     1.16667e-05
98.6875    1.15863e-05
98.75      1.09684e-05
98.8125    1.02061e-05
98.875     1.02778e-05
98.9375    1.07363e-05
99         1.11754e-05
99.0625    1.14168e-05
99.125     1.13798e-05
99.1875    1.18645e-05
99.25      1.25093e-05
99.3125    1.19132e-05
99.375     1.12565e-05
99.4375    1.08402e-05
99.5       1.09353e-05
99.5625    1.13213e-05
99.625     1.1405e-05
99.6875    1.10044e-05
99.75      1.07293e-05
99.8125    1.11583e-05
99.875     1.18425e-05
99.9375    1.23229e-05
100        1.17999e-05
