# Freq.    Mag.
0          0.000116584
0.0625     0.000113282
0.125      7.64401e-05
0.1875     2.42306e-05
0.25       7.69761e-06
0.3125     8.54999e-06
0.375      9.61281e-06
0.4375     1.14326e-05
0.5        1.34458e-05
0.5625     1.49174e-05
0.625      1.5789e-05
0.6875     1.5963e-05
0.75       1.57083e-05
0.8125     1.56775e-05
0.875      1.56086e-05
0.9375     1.53432e-05
1          1.53678e-05
1.0625     1.52228e-05
1.125      1.50504e-05
1.1875     1.49171e-05
1.25       1.53812e-05
1.3125     1.71805e-05
1.375      1.75835e-05
1.4375     1.63259e-05
1.5        1.60969e-05
1.5625     1.75195e-05
1.625      1.86537e-05
1.6875     1.93686e-05
1.75       1.93252e-05
1.8125     1.92082e-05
1.875      1.8333e-05
1.9375     1.68408e-05
2          1.64012e-05
2.0625     1.70891e-05
2.125      1.7463e-05
2.1875     1.73427e-05
2.25       1.70759e-05
2.3125     1.72179e-05
2.375      1.74334e-05
2.4375     1.77217e-05
2.5        1.80171e-05
2.5625     1.76725e-05
2.625      1.79196e-05
2.6875     1.93579e-05
2.75       2.02516e-05
2.8125     2.05562e-05
2.875      1.95221e-05
2.9375     1.64298e-05
3          1.47932e-05
3.0625     1.52082e-05
3.125      1.55717e-05
3.1875     1.56331e-05
3.25       1.57988e-05
3.3125     1.64514e-05
3.375      1.76907e-05
3.4375     1.90274e-05
3.5        1.90943e-05
3.5625     1.81137e-05
3.625      1.74284e-05
3.6875     1.76571e-05
3.75       1.7716e-05
3.8125     1.86174e-05
3.875      1.92199e-05
3.9375     1.98187e-05
4          1.94096e-05
4.0625     1.7979e-05
4.125      1.71209e-05
4.1875     1.69663e-05
4.25       1.76066e-05
4.3125     1.6603e-05
4.375      1.48976e-05
4.4375     1.45597e-05
4.5        1.51807e-05
4.5625     1.68676e-05
4.625      1.76463e-05
4.6875     1.81123e-05
4.75       1.7698e-05
4.8125     1.59654e-05
4.875      1.52948e-05
4.9375     1.59454e-05
5          1.60732e-05
5.0625     1.5712e-05
5.125      1.55339e-05
5.1875     1.60007e-05
5.25       1.70291e-05
5.3125     1.73016e-05
5.375      1.80566e-05
5.4375     1.91321e-05
5.5        1.90862e-05
5.5625     1.82985e-05
5.625      1.71004e-05
5.6875     1.70266e-05
5.75       1.73493e-05
5.8125     1.70861e-05
5.875      1.67515e-05
5.9375     1.68702e-05
6          1.71069e-05
6.0625     1.66953e-05
6.125      1.66978e-05
6.1875     1.66575e-05
6.25       1.56876e-05
6.3125     1.61417e-05
6.375      1.61728e-05
6.4375     1.54194e-05
6.5        1.63925e-05
6.5625     1.86468e-05
6.625      1.9204e-05
6.6875     1.83621e-05
6.75       1.74942e-05
6.8125     1.69654e-05
6.875      1.76752e-05
6.9375     1.85601e-05
7          1.81612e-05
7.0625     1.79488e-05
7.125      1.84404e-05
7.1875     1.82426e-05
7.25       1.77618e-05
7.3125     1.69593e-05
7.375      1.72612e-05
7.4375     1.8518e-05
7.5        1.95881e-05
7.5625     1.96619e-05
7.625      1.80801e-05
7.6875     1.62063e-05
7.75       1.62272e-05
7.8125     1.65849e-05
7.875      1.70438e-05
7.9375     1.70047e-05
8          1.72653e-05
8.0625     1.72215e-05
8.125      1.73199e-05
8.1875     1.64119e-05
8.25       1.43921e-05
8.3125     1.31813e-05
8.375      1.31075e-05
8.4375     1.3033e-05
8.5        1.28026e-05
8.5625     1.39624e-05
8.625      1.55961e-05
8.6875     1.74712e-05
8.75       1.85986e-05
8.8125     1.91811e-05
8.875      1.96908e-05
8.9375     1.86253e-05
9          1.71815e-05
9.0625     1.70173e-05
9.125      1.5796e-05
9.1875     1.43797e-05
9.25       1.5296e-05
9.3125     1.63928e-05
9.375      1.69976e-05
9.4375     1.69361e-05
9.5        1.56804e-05
9.5625     1.508e-05 
9.625      1.50455e-05
9.6875     1.48585e-05
9.75       1.57112e-05
9.8125     1.67644e-05
9.875      1.71365e-05
9.9375     1.72134e-05
10         1.69053e-05
10.0625    1.70203e-05
10.125     1.70802e-05
10.1875    1.74087e-05
10.25      1.87971e-05
10.3125    1.91494e-05
10.375     1.83497e-05
10.4375    1.76043e-05
10.5       1.67074e-05
10.5625    1.63633e-05
10.625     1.71079e-05
10.6875    1.65459e-05
10.75      1.50166e-05
10.8125    1.41102e-05
10.875     1.49495e-05
10.9375    1.66573e-05
11         1.72845e-05
11.0625    1.63963e-05
11.125     1.65461e-05
11.1875    1.68205e-05
11.25      1.68965e-05
11.3125    1.70337e-05
11.375     1.70461e-05
11.4375    1.84576e-05
11.5       1.92021e-05
11.5625    1.8702e-05
11.625     1.78451e-05
11.6875    1.73526e-05
11.75      1.73846e-05
11.8125    1.72111e-05
11.875     1.68017e-05
11.9375    1.53813e-05
12         1.43966e-05
12.0625    1.5346e-05
12.125     1.61321e-05
12.1875    1.57279e-05
12.25      1.50826e-05
12.3125    1.56329e-05
12.375     1.71345e-05
12.4375    1.77299e-05
12.5       1.67548e-05
12.5625    1.56723e-05
12.625     1.47182e-05
12.6875    1.46156e-05
12.75      1.54391e-05
12.8125    1.6101e-05
12.875     1.69421e-05
12.9375    1.7057e-05
13         1.69798e-05
13.0625    1.79548e-05
13.125     1.76687e-05
13.1875    1.65113e-05
13.25      1.49252e-05
13.3125    1.37878e-05
13.375     1.36078e-05
13.4375    1.4341e-05
13.5       1.44298e-05
13.5625    1.50803e-05
13.625     1.68726e-05
13.6875    1.82925e-05
13.75      1.80157e-05
13.8125    1.63454e-05
13.875     1.43228e-05
13.9375    1.24487e-05
14         1.14041e-05
14.0625    1.24719e-05
14.125     1.52012e-05
14.1875    1.65536e-05
14.25      1.70885e-05
14.3125    1.84479e-05
14.375     1.87214e-05
14.4375    1.76869e-05
14.5       1.6749e-05
14.5625    1.56589e-05
14.625     1.27941e-05
14.6875    1.15284e-05
14.75      1.2258e-05
14.8125    1.35639e-05
14.875     1.45202e-05
14.9375    1.45546e-05
15         1.49119e-05
15.0625    1.60758e-05
15.125     1.66129e-05
15.1875    1.58875e-05
15.25      1.44836e-05
15.3125    1.48492e-05
15.375     1.58906e-05
15.4375    1.67901e-05
15.5       1.81765e-05
15.5625    1.8458e-05
15.625     1.81493e-05
15.6875    1.79679e-05
15.75      1.82158e-05
15.8125    1.8157e-05
15.875     1.77847e-05
15.9375    1.74898e-05
16         1.73301e-05
16.0625    1.70227e-05
16.125     1.70523e-05
16.1875    1.69163e-05
16.25      1.57747e-05
16.3125    1.47007e-05
16.375     1.46268e-05
16.4375    1.49263e-05
16.5       1.40969e-05
16.5625    1.33322e-05
16.625     1.30944e-05
16.6875    1.45449e-05
16.75      1.58628e-05
16.8125    1.62502e-05
16.875     1.71179e-05
16.9375    1.70794e-05
17         1.64856e-05
17.0625    1.59472e-05
17.125     1.60625e-05
17.1875    1.65882e-05
17.25      1.67765e-05
17.3125    1.67174e-05
17.375     1.71763e-05
17.4375    1.66469e-05
17.5       1.58927e-05
17.5625    1.57474e-05
17.625     1.5945e-05
17.6875    1.55809e-05
17.75      1.48787e-05
17.8125    1.48943e-05
17.875     1.43116e-05
17.9375    1.40502e-05
18         1.4594e-05
18.0625    1.5671e-05
18.125     1.69171e-05
18.1875    1.63741e-05
18.25      1.54356e-05
18.3125    1.52572e-05
18.375     1.44423e-05
18.4375    1.43694e-05
18.5       1.56336e-05
18.5625    1.68253e-05
18.625     1.7286e-05
18.6875    1.69349e-05
18.75      1.6264e-05
18.8125    1.52196e-05
18.875     1.52774e-05
18.9375    1.53796e-05
19         1.47816e-05
19.0625    1.51076e-05
19.125     1.59325e-05
19.1875    1.61958e-05
19.25      1.59151e-05
19.3125    1.53302e-05
19.375     1.57906e-05
19.4375    1.59169e-05
19.5       1.54788e-05
19.5625    1.51242e-05
19.625     1.47587e-05
19.6875    1.55766e-05
19.75      1.69831e-05
19.8125    1.85333e-05
19.875     1.90506e-05
19.9375    1.81981e-05
20         1.64514e-05
20.0625    1.46781e-05
20.125     1.35122e-05
20.1875    1.37805e-05
20.25      1.44076e-05
20.3125    1.41766e-05
20.375     1.31398e-05
20.4375    1.20777e-05
20.5       1.23083e-05
20.5625    1.27398e-05
20.625     1.37698e-05
20.6875    1.49797e-05
20.75      1.44244e-05
20.8125    1.41034e-05
20.875     1.492e-05 
20.9375    1.61109e-05
21         1.68323e-05
21.0625    1.59222e-05
21.125     1.46704e-05
21.1875    1.42759e-05
21.25      1.41474e-05
21.3125    1.47764e-05
21.375     1.55002e-05
21.4375    1.50723e-05
21.5       1.50642e-05
21.5625    1.57404e-05
21.625     1.54412e-05
21.6875    1.508e-05 
21.75      1.52445e-05
21.8125    1.47917e-05
21.875     1.48808e-05
21.9375    1.6015e-05
22         1.61514e-05
22.0625    1.59342e-05
22.125     1.58524e-05
22.1875    1.56032e-05
22.25      1.49471e-05
22.3125    1.4408e-05
22.375     1.40851e-05
22.4375    1.33411e-05
22.5       1.3236e-05
22.5625    1.39978e-05
22.625     1.49025e-05
22.6875    1.51714e-05
22.75      1.4364e-05
22.8125    1.29852e-05
22.875     1.23147e-05
22.9375    1.26393e-05
23         1.29805e-05
23.0625    1.3478e-05
23.125     1.42021e-05
23.1875    1.48719e-05
23.25      1.57275e-05
23.3125    1.5881e-05
23.375     1.58331e-05
23.4375    1.59236e-05
23.5       1.53352e-05
23.5625    1.45559e-05
23.625     1.50223e-05
23.6875    1.65982e-05
23.75      1.75525e-05
23.8125    1.77539e-05
23.875     1.72046e-05
23.9375    1.62728e-05
24         1.52695e-05
24.0625    1.45542e-05
24.125     1.41339e-05
24.1875    1.40296e-05
24.25      1.32555e-05
24.3125    1.27386e-05
24.375     1.21225e-05
24.4375    1.21443e-05
24.5       1.27394e-05
24.5625    1.3156e-05
24.625     1.3678e-05
24.6875    1.44842e-05
24.75      1.50628e-05
24.8125    1.50626e-05
24.875     1.47024e-05
24.9375    1.37612e-05
25         1.44351e-05
25.0625    1.4918e-05
25.125     1.52164e-05
25.1875    1.54735e-05
25.25      1.47958e-05
25.3125    1.37381e-05
25.375     1.33462e-05
25.4375    1.40552e-05
25.5       1.50645e-05
25.5625    1.54391e-05
25.625     1.54255e-05
25.6875    1.43947e-05
25.75      1.34392e-05
25.8125    1.28218e-05
25.875     1.28564e-05
25.9375    1.30304e-05
26         1.30088e-05
26.0625    1.29509e-05
26.125     1.30022e-05
26.1875    1.28867e-05
26.25      1.29151e-05
26.3125    1.29926e-05
26.375     1.25404e-05
26.4375    1.36133e-05
26.5       1.44236e-05
26.5625    1.39309e-05
26.625     1.38178e-05
26.6875    1.48158e-05
26.75      1.54042e-05
26.8125    1.5007e-05
26.875     1.4315e-05
26.9375    1.44807e-05
27         1.47535e-05
27.0625    1.44689e-05
27.125     1.392e-05 
27.1875    1.37381e-05
27.25      1.29905e-05
27.3125    1.23114e-05
27.375     1.1548e-05
27.4375    1.11804e-05
27.5       1.15533e-05
27.5625    1.2645e-05
27.625     1.37721e-05
27.6875    1.42303e-05
27.75      1.37131e-05
27.8125    1.35071e-05
27.875     1.37499e-05
27.9375    1.43909e-05
28         1.46253e-05
28.0625    1.44502e-05
28.125     1.48927e-05
28.1875    1.53655e-05
28.25      1.53281e-05
28.3125    1.47616e-05
28.375     1.4285e-05
28.4375    1.43768e-05
28.5       1.44108e-05
28.5625    1.37503e-05
28.625     1.34325e-05
28.6875    1.34386e-05
28.75      1.37617e-05
28.8125    1.54255e-05
28.875     1.5958e-05
28.9375    1.55913e-05
29         1.48457e-05
29.0625    1.44374e-05
29.125     1.43244e-05
29.1875    1.31529e-05
29.25      1.20675e-05
29.3125    1.10715e-05
29.375     1.04954e-05
29.4375    1.0365e-05
29.5       1.11867e-05
29.5625    1.28904e-05
29.625     1.33739e-05
29.6875    1.2871e-05
29.75      1.24979e-05
29.8125    1.29768e-05
29.875     1.401e-05 
29.9375    1.42773e-05
30         1.42667e-05
30.0625    1.42831e-05
30.125     1.35895e-05
30.1875    1.32951e-05
30.25      1.34002e-05
30.3125    1.3581e-05
30.375     1.39123e-05
30.4375    1.39192e-05
30.5       1.36912e-05
30.5625    1.31731e-05
30.625     1.23569e-05
30.6875    1.18409e-05
30.75      1.2988e-05
30.8125    1.40853e-05
30.875     1.37474e-05
30.9375    1.26956e-05
31         1.20989e-05
31.0625    1.22282e-05
31.125     1.31178e-05
31.1875    1.38158e-05
31.25      1.37964e-05
31.3125    1.37763e-05
31.375     1.40299e-05
31.4375    1.42754e-05
31.5       1.3405e-05
31.5625    1.23296e-05
31.625     1.2003e-05
31.6875    1.21383e-05
31.75      1.23274e-05
31.8125    1.22703e-05
31.875     1.23966e-05
31.9375    1.1687e-05
32         1.10282e-05
32.0625    1.11978e-05
32.125     1.12945e-05
32.1875    1.15692e-05
32.25      1.12466e-05
32.3125    1.10113e-05
32.375     1.15188e-05
32.4375    1.23672e-05
32.5       1.28648e-05
32.5625    1.32786e-05
32.625     1.35096e-05
32.6875    1.33719e-05
32.75      1.33301e-05
32.8125    1.33698e-05
32.875     1.43534e-05
32.9375    1.52462e-05
33         1.43368e-05
33.0625    1.31907e-05
33.125     1.31739e-05
33.1875    1.31708e-05
33.25      1.29377e-05
33.3125    1.25814e-05
33.375     1.22942e-05
33.4375    1.25578e-05
33.5       1.20553e-05
33.5625    1.17473e-05
33.625     1.20246e-05
33.6875    1.22739e-05
33.75      1.24131e-05
33.8125    1.17352e-05
33.875     1.12402e-05
33.9375    1.14738e-05
34         1.19542e-05
34.0625    1.21903e-05
34.125     1.15206e-05
34.1875    1.17424e-05
34.25      1.27994e-05
34.3125    1.38639e-05
34.375     1.43664e-05
34.4375    1.40997e-05
34.5       1.37363e-05
34.5625    1.39404e-05
34.625     1.4477e-05
34.6875    1.47516e-05
34.75      1.37902e-05
34.8125    1.21691e-05
34.875     1.08603e-05
34.9375    1.08165e-05
35         1.16532e-05
35.0625    1.25771e-05
35.125     1.33297e-05
35.1875    1.25043e-05
35.25      1.14132e-05
35.3125    1.16877e-05
35.375     1.30157e-05
35.4375    1.4194e-05
35.5       1.47171e-05
35.5625    1.44529e-05
35.625     1.29343e-05
35.6875    1.16145e-05
35.75      1.12691e-05
35.8125    1.15267e-05
35.875     1.20919e-05
35.9375    1.22742e-05
36         1.28113e-05
36.0625    1.31671e-05
36.125     1.30843e-05
36.1875    1.21752e-05
36.25      1.19558e-05
36.3125    1.28667e-05
36.375     1.40155e-05
36.4375    1.45996e-05
36.5       1.41947e-05
36.5625    1.411e-05 
36.625     1.44989e-05
36.6875    1.40041e-05
36.75      1.20204e-05
36.8125    1.07776e-05
36.875     1.03382e-05
36.9375    1.02249e-05
37         1.10033e-05
37.0625    1.18667e-05
37.125     1.15783e-05
37.1875    1.04913e-05
37.25      9.77765e-06
37.3125    1.03124e-05
37.375     1.16177e-05
37.4375    1.27558e-05
37.5       1.33506e-05
37.5625    1.33535e-05
37.625     1.29864e-05
37.6875    1.24759e-05
37.75      1.13493e-05
37.8125    1.04282e-05
37.875     1.03858e-05
37.9375    1.13048e-05
38         1.19141e-05
38.0625    1.19461e-05
38.125     1.15069e-05
38.1875    1.17436e-05
38.25      1.16167e-05
38.3125    1.10323e-05
38.375     1.09597e-05
38.4375    1.11704e-05
38.5       1.1782e-05
38.5625    1.152e-05 
38.625     1.17836e-05
38.6875    1.28795e-05
38.75      1.37295e-05
38.8125    1.36113e-05
38.875     1.30934e-05
38.9375    1.21364e-05
39         1.21335e-05
39.0625    1.32287e-05
39.125     1.33835e-05
39.1875    1.31635e-05
39.25      1.49649e-05
39.3125    2.25743e-05
39.375     2.69969e-05
39.4375    2.74174e-05
39.5       2.54495e-05
39.5625    1.61461e-05
39.625     1.09124e-05
39.6875    1.13913e-05
39.75      1.12794e-05
39.8125    1.08465e-05
39.875     1.0597e-05
39.9375    1.08152e-05
40         1.10029e-05
40.0625    1.13523e-05
40.125     1.20798e-05
40.1875    1.24929e-05
40.25      1.19628e-05
40.3125    1.17593e-05
40.375     1.1769e-05
40.4375    1.12379e-05
40.5       1.09236e-05
40.5625    1.09332e-05
40.625     1.11252e-05
40.6875    1.18249e-05
40.75      1.23838e-05
40.8125    1.19845e-05
40.875     1.20838e-05
40.9375    1.21134e-05
41         1.19856e-05
41.0625    1.23689e-05
41.125     1.20687e-05
41.1875    1.06682e-05
41.25      9.59661e-06
41.3125    9.06709e-06
41.375     9.33463e-06
41.4375    1.08751e-05
41.5       1.15388e-05
41.5625    1.14356e-05
41.625     1.11541e-05
41.6875    1.07237e-05
41.75      1.09458e-05
41.8125    1.13144e-05
41.875     1.173e-05 
41.9375    1.18609e-05
42         1.12187e-05
42.0625    1.11867e-05
42.125     1.12844e-05
42.1875    1.14847e-05
42.25      1.22704e-05
42.3125    1.22176e-05
42.375     1.18318e-05
42.4375    1.15645e-05
42.5       1.08294e-05
42.5625    9.6604e-06
42.625     8.60352e-06
42.6875    8.63329e-06
42.75      9.46223e-06
42.8125    9.88727e-06
42.875     1.02399e-05
42.9375    1.0223e-05
43         9.76959e-06
43.0625    8.98413e-06
43.125     8.38473e-06
43.1875    8.60941e-06
43.25      9.37914e-06
43.3125    9.87098e-06
43.375     1.02806e-05
43.4375    1.0925e-05
43.5       1.15077e-05
43.5625    1.19464e-05
43.625     1.20736e-05
43.6875    1.21044e-05
43.75      1.1683e-05
43.8125    1.12275e-05
43.875     1.11139e-05
43.9375    1.09118e-05
44         1.04052e-05
44.0625    1.02738e-05
44.125     1.01734e-05
44.1875    1.06821e-05
44.25      1.08704e-05
44.3125    1.05914e-05
44.375     1.0083e-05
44.4375    9.35653e-06
44.5       9.36007e-06
44.5625    9.99739e-06
44.625     1.04128e-05
44.6875    1.00385e-05
44.75      9.7225e-06
44.8125    9.94287e-06
44.875     1.0289e-05
44.9375    1.08548e-05
45         1.12633e-05
45.0625    1.1365e-05
45.125     1.10155e-05
45.1875    1.08297e-05
45.25      1.13853e-05
45.3125    1.19416e-05
45.375     1.20736e-05
45.4375    1.16135e-05
45.5       1.13258e-05
45.5625    1.1493e-05
45.625     1.12935e-05
45.6875    1.04301e-05
45.75      9.54617e-06
45.8125    8.95393e-06
45.875     9.40617e-06
45.9375    1.0342e-05
46         1.11294e-05
46.0625    1.14093e-05
46.125     1.12647e-05
46.1875    1.00241e-05
46.25      9.3076e-06
46.3125    9.66995e-06
46.375     1.08017e-05
46.4375    1.14867e-05
46.5       1.08656e-05
46.5625    9.73705e-06
46.625     9.43768e-06
46.6875    1.03564e-05
46.75      1.1194e-05
46.8125    1.0775e-05
46.875     9.85687e-06
46.9375    9.15982e-06
47         9.12638e-06
47.0625    9.8164e-06
47.125     1.03998e-05
47.1875    1.04683e-05
47.25      1.00384e-05
47.3125    9.97513e-06
47.375     1.01395e-05
47.4375    1.03732e-05
47.5       1.06343e-05
47.5625    1.11416e-05
47.625     1.13663e-05
47.6875    1.07828e-05
47.75      9.98475e-06
47.8125    9.85144e-06
47.875     9.98036e-06
47.9375    9.63782e-06
48         9.59764e-06
48.0625    9.44159e-06
48.125     8.77001e-06
48.1875    8.75361e-06
48.25      9.13967e-06
48.3125    9.46838e-06
48.375     9.3932e-06
48.4375    9.61743e-06
48.5       9.38584e-06
48.5625    8.85158e-06
48.625     8.67074e-06
48.6875    9.51329e-06
48.75      1.08241e-05
48.8125    1.15889e-05
48.875     1.20723e-05
48.9375    1.24073e-05
49         1.16864e-05
49.0625    1.04466e-05
49.125     9.91211e-06
49.1875    1.01405e-05
49.25      1.03649e-05
49.3125    1.02414e-05
49.375     1.02154e-05
49.4375    1.06193e-05
49.5       1.10463e-05
49.5625    1.09974e-05
49.625     1.08798e-05
49.6875    1.0391e-05
49.75      9.82951e-06
49.8125    1.00036e-05
49.875     1.01937e-05
49.9375    9.80302e-06
50         9.79415e-06
50.0625    9.94983e-06
50.125     9.58036e-06
50.1875    8.76801e-06
50.25      8.75678e-06
50.3125    9.27162e-06
50.375     9.54973e-06
50.4375    9.24631e-06
50.5       9.00934e-06
50.5625    9.51698e-06
50.625     1.03244e-05
50.6875    1.03714e-05
50.75      9.79059e-06
50.8125    9.05053e-06
50.875     8.863e-06 
50.9375    9.17165e-06
51         9.24415e-06
51.0625    9.13263e-06
51.125     9.55197e-06
51.1875    9.96607e-06
51.25      1.04026e-05
51.3125    1.0492e-05
51.375     9.23772e-06
51.4375    8.76684e-06
51.5       9.24571e-06
51.5625    9.91869e-06
51.625     1.01677e-05
51.6875    9.68903e-06
51.75      9.46511e-06
51.8125    9.61631e-06
51.875     1.00745e-05
51.9375    1.00008e-05
52         9.50427e-06
52.0625    9.49487e-06
52.125     9.59323e-06
52.1875    9.62282e-06
52.25      9.70571e-06
52.3125    9.46491e-06
52.375     8.90491e-06
52.4375    8.58272e-06
52.5       8.40839e-06
52.5625    8.52858e-06
52.625     8.92425e-06
52.6875    8.425e-06 
52.75      7.89876e-06
52.8125    7.73483e-06
52.875     7.50949e-06
52.9375    7.42456e-06
53         7.46959e-06
53.0625    8.01566e-06
53.125     8.89289e-06
53.1875    9.45104e-06
53.25      9.47413e-06
53.3125    9.93494e-06
53.375     9.94039e-06
53.4375    9.68517e-06
53.5       9.51773e-06
53.5625    9.23962e-06
53.625     8.66644e-06
53.6875    7.94198e-06
53.75      8.09411e-06
53.8125    8.49575e-06
53.875     8.62557e-06
53.9375    9.27534e-06
54         9.57243e-06
54.0625    9.50848e-06
54.125     9.41899e-06
54.1875    9.70494e-06
54.25      9.91079e-06
54.3125    9.56933e-06
54.375     8.93921e-06
54.4375    8.94341e-06
54.5       9.51894e-06
54.5625    9.91961e-06
54.625     9.95404e-06
54.6875    9.74373e-06
54.75      9.25989e-06
54.8125    8.81596e-06
54.875     8.76722e-06
54.9375    8.89126e-06
55         9.2975e-06
55.0625    9.67994e-06
55.125     9.59104e-06
55.1875    9.42478e-06
55.25      9.05789e-06
55.3125    8.81502e-06
55.375     8.6653e-06
55.4375    8.45868e-06
55.5       8.92062e-06
55.5625    9.18219e-06
55.625     8.92968e-06
55.6875    8.32694e-06
55.75      7.75993e-06
55.8125    7.40551e-06
55.875     7.67876e-06
55.9375    7.9636e-06
56         8.19268e-06
56.0625    8.77783e-06
56.125     9.79111e-06
56.1875    1.02105e-05
56.25      1.03132e-05
56.3125    1.01704e-05
56.375     9.72997e-06
56.4375    9.41132e-06
56.5       9.04841e-06
56.5625    8.69815e-06
56.625     8.08525e-06
56.6875    7.47924e-06
56.75      7.64843e-06
56.8125    8.327e-06 
56.875     8.45914e-06
56.9375    8.49126e-06
57         8.44608e-06
57.0625    8.30765e-06
57.125     8.72725e-06
57.1875    9.0311e-06
57.25      9.29101e-06
57.3125    9.75616e-06
57.375     9.19211e-06
57.4375    8.10716e-06
57.5       7.55519e-06
57.5625    7.57855e-06
57.625     8.42084e-06
57.6875    8.97075e-06
57.75      9.41192e-06
57.8125    1.00753e-05
57.875     9.96395e-06
57.9375    9.37326e-06
58         9.46573e-06
58.0625    9.8621e-06
58.125     9.88032e-06
58.1875    1.01408e-05
58.25      1.03584e-05
58.3125    1.01428e-05
58.375     1.00275e-05
58.4375    9.65445e-06
58.5       9.25284e-06
58.5625    9.3654e-06
58.625     9.2458e-06
58.6875    8.90674e-06
58.75      8.31223e-06
58.8125    7.40749e-06
58.875     7.26184e-06
58.9375    8.14922e-06
59         9.19436e-06
59.0625    9.61776e-06
59.125     9.52511e-06
59.1875    9.32705e-06
59.25      8.97354e-06
59.3125    8.92592e-06
59.375     8.83935e-06
59.4375    8.66259e-06
59.5       8.18093e-06
59.5625    8.01862e-06
59.625     7.77458e-06
59.6875    8.34164e-06
59.75      9.79256e-06
59.8125    1.09271e-05
59.875     1.31099e-05
59.9375    1.6368e-05
60         1.6346e-05
60.0625    1.535e-05 
60.125     1.31885e-05
60.1875    9.07545e-06
60.25      7.8902e-06
60.3125    7.96997e-06
60.375     8.26895e-06
60.4375    8.07813e-06
60.5       7.65901e-06
60.5625    7.88953e-06
60.625     7.83853e-06
60.6875    7.7159e-06
60.75      8.10482e-06
60.8125    8.34966e-06
60.875     8.67835e-06
60.9375    9.04395e-06
61         8.84633e-06
61.0625    8.76823e-06
61.125     8.64432e-06
61.1875    8.89361e-06
61.25      8.99187e-06
61.3125    8.54911e-06
61.375     8.06296e-06
61.4375    7.83488e-06
61.5       7.51404e-06
61.5625    7.63492e-06
61.625     7.82631e-06
61.6875    7.85547e-06
61.75      7.78305e-06
61.8125    7.33914e-06
61.875     7.64201e-06
61.9375    8.62536e-06
62         8.94609e-06
62.0625    8.42751e-06
62.125     8.11888e-06
62.1875    8.35592e-06
62.25      8.49386e-06
62.3125    8.36337e-06
62.375     8.35532e-06
62.4375    8.7825e-06
62.5       9.01157e-06
62.5625    9.19324e-06
62.625     9.21827e-06
62.6875    8.76445e-06
62.75      8.63474e-06
62.8125    8.7021e-06
62.875     8.56078e-06
62.9375    8.20341e-06
63         7.77475e-06
63.0625    7.76623e-06
63.125     7.51993e-06
63.1875    7.54234e-06
63.25      7.82222e-06
63.3125    7.90215e-06
63.375     7.85954e-06
63.4375    7.89297e-06
63.5       8.50673e-06
63.5625    9.74102e-06
63.625     1.02721e-05
63.6875    9.67269e-06
63.75      8.86813e-06
63.8125    8.2187e-06
63.875     8.28749e-06
63.9375    8.82939e-06
64         9.11851e-06
64.0625    8.76711e-06
64.125     8.43232e-06
64.1875    8.74035e-06
64.25      8.58714e-06
64.3125    8.06393e-06
64.375     8.17423e-06
64.4375    8.75917e-06
64.5       9.26983e-06
64.5625    9.1441e-06
64.625     8.47388e-06
64.6875    8.16754e-06
64.75      8.36726e-06
64.8125    8.27403e-06
64.875     8.2209e-06
64.9375    8.40528e-06
65         8.11972e-06
65.0625    7.54767e-06
65.125     7.53053e-06
65.1875    7.2427e-06
65.25      6.97679e-06
65.3125    6.94398e-06
65.375     7.16659e-06
65.4375    7.40539e-06
65.5       7.48124e-06
65.5625    7.71895e-06
65.625     8.18718e-06
65.6875    8.27488e-06
65.75      8.18584e-06
65.8125    8.49622e-06
65.875     8.4162e-06
65.9375    8.18517e-06
66         8.01317e-06
66.0625    7.73258e-06
66.125     8.13369e-06
66.1875    8.33303e-06
66.25      7.786e-06 
66.3125    7.68659e-06
66.375     8.58723e-06
66.4375    9.24844e-06
66.5       9.40385e-06
66.5625    9.39423e-06
66.625     8.91676e-06
66.6875    8.56136e-06
66.75      8.856e-06 
66.8125    9.36181e-06
66.875     9.43955e-06
66.9375    9.04086e-06
67         8.72313e-06
67.0625    9.14976e-06
67.125     9.2687e-06
67.1875    8.81047e-06
67.25      8.91482e-06
67.3125    8.76601e-06
67.375     8.61051e-06
67.4375    8.64293e-06
67.5       8.54657e-06
67.5625    8.19831e-06
67.625     7.88928e-06
67.6875    7.81268e-06
67.75      7.557e-06 
67.8125    7.548e-06 
67.875     7.3923e-06
67.9375    6.68874e-06
68         6.84633e-06
68.0625    8.04554e-06
68.125     8.51968e-06
68.1875    8.09141e-06
68.25      7.78706e-06
68.3125    8.37897e-06
68.375     8.31382e-06
68.4375    7.59002e-06
68.5       6.67684e-06
68.5625    6.38611e-06
68.625     7.32769e-06
68.6875    8.48316e-06
68.75      9.1417e-06
68.8125    9.40705e-06
68.875     8.87707e-06
68.9375    8.30264e-06
69         8.05903e-06
69.0625    7.86276e-06
69.125     7.24157e-06
69.1875    6.62145e-06
69.25      6.6652e-06
69.3125    7.38604e-06
69.375     8.02534e-06
69.4375    8.25798e-06
69.5       8.14676e-06
69.5625    8.00936e-06
69.625     7.88468e-06
69.6875    7.88912e-06
69.75      7.93194e-06
69.8125    7.736e-06 
69.875     7.95226e-06
69.9375    8.28874e-06
70         8.05259e-06
70.0625    8.1987e-06
70.125     8.28121e-06
70.1875    7.87318e-06
70.25      7.70451e-06
70.3125    7.70953e-06
70.375     7.93337e-06
70.4375    8.01599e-06
70.5       8.04094e-06
70.5625    8.61412e-06
70.625     9.51702e-06
70.6875    9.98812e-06
70.75      9.88915e-06
70.8125    9.35047e-06
70.875     8.64757e-06
70.9375    8.01874e-06
71         7.35821e-06
71.0625    6.93236e-06
71.125     6.56878e-06
71.1875    6.58599e-06
71.25      7.25127e-06
71.3125    7.72109e-06
71.375     7.77052e-06
71.4375    8.06708e-06
71.5       7.82033e-06
71.5625    7.21452e-06
71.625     6.91118e-06
71.6875    6.95007e-06
71.75      7.65375e-06
71.8125    8.25385e-06
71.875     8.4035e-06
71.9375    8.17604e-06
72         7.70341e-06
72.0625    7.19748e-06
72.125     7.53266e-06
72.1875    8.46082e-06
72.25      8.99459e-06
72.3125    9.13041e-06
72.375     9.16515e-06
72.4375    8.76733e-06
72.5       7.88863e-06
72.5625    7.2026e-06
72.625     6.87358e-06
72.6875    6.83468e-06
72.75      6.94388e-06
72.8125    7.43517e-06
72.875     7.62046e-06
72.9375    7.97121e-06
73         8.45215e-06
73.0625    8.63901e-06
73.125     8.24348e-06
73.1875    7.58964e-06
73.25      7.20521e-06
73.3125    7.12393e-06
73.375     6.84519e-06
73.4375    6.15581e-06
73.5       5.71815e-06
73.5625    5.93664e-06
73.625     6.6855e-06
73.6875    7.22903e-06
73.75      7.24144e-06
73.8125    6.75386e-06
73.875     6.59343e-06
73.9375    7.11921e-06
74         7.72693e-06
74.0625    8.07819e-06
74.125     7.94581e-06
74.1875    7.34257e-06
74.25      6.64145e-06
74.3125    6.35829e-06
74.375     6.72115e-06
74.4375    7.62005e-06
74.5       8.38724e-06
74.5625    8.09354e-06
74.625     7.36265e-06
74.6875    6.86834e-06
74.75      6.67646e-06
74.8125    6.57953e-06
74.875     6.83912e-06
74.9375    7.30117e-06
75         7.59029e-06
75.0625    7.65494e-06
75.125     7.40623e-06
75.1875    7.25697e-06
75.25      7.37211e-06
75.3125    7.67872e-06
75.375     8.14942e-06
75.4375    8.23849e-06
75.5       8.2485e-06
75.5625    8.35899e-06
75.625     8.70915e-06
75.6875    8.63041e-06
75.75      7.8647e-06
75.8125    6.55261e-06
75.875     6.00574e-06
75.9375    5.83751e-06
76         5.81496e-06
76.0625    6.61483e-06
76.125     7.17273e-06
76.1875    7.27654e-06
76.25      7.22929e-06
76.3125    7.11332e-06
76.375     6.83898e-06
76.4375    6.60366e-06
76.5       6.87443e-06
76.5625    7.78352e-06
76.625     8.47642e-06
76.6875    8.38745e-06
76.75      7.99485e-06
76.8125    7.89023e-06
76.875     7.90982e-06
76.9375    7.44115e-06
77         6.5733e-06
77.0625    5.95494e-06
77.125     6.51414e-06
77.1875    6.8634e-06
77.25      6.9584e-06
77.3125    7.07817e-06
77.375     7.40857e-06
77.4375    7.7426e-06
77.5       7.87222e-06
77.5625    8.02996e-06
77.625     8.35406e-06
77.6875    8.01895e-06
77.75      7.29863e-06
77.8125    6.84471e-06
77.875     6.24037e-06
77.9375    6.33967e-06
78         6.6341e-06
78.0625    6.82473e-06
78.125     6.77398e-06
78.1875    6.5872e-06
78.25      6.79016e-06
78.3125    7.20121e-06
78.375     7.83947e-06
78.4375    8.05339e-06
78.5       7.94719e-06
78.5625    7.52556e-06
78.625     6.71542e-06
78.6875    6.28379e-06
78.75      6.3211e-06
78.8125    6.24007e-06
78.875     6.27041e-06
78.9375    6.60585e-06
79         6.85695e-06
79.0625    7.0636e-06
79.125     7.02981e-06
79.1875    6.63841e-06
79.25      6.47472e-06
79.3125    6.86046e-06
79.375     6.97139e-06
79.4375    6.74583e-06
79.5       6.29471e-06
79.5625    5.87937e-06
79.625     6.32074e-06
79.6875    6.73063e-06
79.75      6.7394e-06
79.8125    7.08756e-06
79.875     6.91959e-06
79.9375    6.27234e-06
80         5.97082e-06
80.0625    6.29496e-06
80.125     6.66323e-06
80.1875    6.78501e-06
80.25      6.41564e-06
80.3125    5.73462e-06
80.375     6.28195e-06
80.4375    7.14456e-06
80.5       7.1721e-06
80.5625    6.52144e-06
80.625     5.68494e-06
80.6875    5.69861e-06
80.75      6.44612e-06
80.8125    6.60127e-06
80.875     6.56041e-06
80.9375    7.20426e-06
81         7.56154e-06
81.0625    7.62672e-06
81.125     7.47684e-06
81.1875    7.29791e-06
81.25      7.35652e-06
81.3125    7.15685e-06
81.375     6.67464e-06
81.4375    6.37971e-06
81.5       6.77755e-06
81.5625    7.28962e-06
81.625     7.81307e-06
81.6875    8.18756e-06
81.75      8.35858e-06
81.8125    8.3788e-06
81.875     7.8637e-06
81.9375    6.97288e-06
82         6.14385e-06
82.0625    5.79317e-06
82.125     6.11877e-06
82.1875    7.01647e-06
82.25      7.26113e-06
82.3125    6.91882e-06
82.375     6.73159e-06
82.4375    6.43065e-06
82.5       6.72631e-06
82.5625    7.28121e-06
82.625     7.78443e-06
82.6875    7.79738e-06
82.75      7.01126e-06
82.8125    6.25753e-06
82.875     5.8193e-06
82.9375    5.7718e-06
83         6.54269e-06
83.0625    7.13588e-06
83.125     6.88558e-06
83.1875    6.27175e-06
83.25      6.05338e-06
83.3125    5.98363e-06
83.375     5.90759e-06
83.4375    6.01052e-06
83.5       6.33929e-06
83.5625    6.41263e-06
83.625     6.52819e-06
83.6875    6.63104e-06
83.75      6.77513e-06
83.8125    6.85318e-06
83.875     6.25637e-06
83.9375    5.79028e-06
84         6.17594e-06
84.0625    6.56762e-06
84.125     6.46485e-06
84.1875    6.42376e-06
84.25      6.70988e-06
84.3125    7.25634e-06
84.375     7.20189e-06
84.4375    6.82924e-06
84.5       6.72312e-06
84.5625    6.51886e-06
84.625     6.42387e-06
84.6875    6.20712e-06
84.75      5.93624e-06
84.8125    6.07397e-06
84.875     6.10473e-06
84.9375    5.9087e-06
85         5.71304e-06
85.0625    6.09692e-06
85.125     6.53268e-06
85.1875    6.65626e-06
85.25      6.64561e-06
85.3125    6.65257e-06
85.375     6.75924e-06
85.4375    6.43068e-06
85.5       5.74387e-06
85.5625    5.15689e-06
85.625     5.01111e-06
85.6875    5.58317e-06
85.75      6.17858e-06
85.8125    6.0624e-06
85.875     5.63326e-06
85.9375    5.60167e-06
86         6.0924e-06
86.0625    6.68118e-06
86.125     6.97466e-06
86.1875    6.85091e-06
86.25      7.14349e-06
86.3125    7.55666e-06
86.375     7.16363e-06
86.4375    6.22154e-06
86.5       5.63774e-06
86.5625    6.05531e-06
86.625     6.67237e-06
86.6875    6.82297e-06
86.75      6.81923e-06
86.8125    6.73382e-06
86.875     6.53746e-06
86.9375    6.67497e-06
87         6.49108e-06
87.0625    6.32315e-06
87.125     5.93669e-06
87.1875    5.50289e-06
87.25      5.42843e-06
87.3125    5.55161e-06
87.375     6.01403e-06
87.4375    6.79301e-06
87.5       7.32889e-06
87.5625    7.53006e-06
87.625     7.44122e-06
87.6875    6.81531e-06
87.75      6.33617e-06
87.8125    6.40069e-06
87.875     6.13868e-06
87.9375    5.61659e-06
88         5.53137e-06
88.0625    5.78353e-06
88.125     6.69994e-06
88.1875    7.25517e-06
88.25      6.90992e-06
88.3125    6.38567e-06
88.375     6.55675e-06
88.4375    7.11022e-06
88.5       7.29744e-06
88.5625    6.7645e-06
88.625     6.26702e-06
88.6875    6.07712e-06
88.75      5.88511e-06
88.8125    6.02965e-06
88.875     6.09962e-06
88.9375    6.43436e-06
89         7.11917e-06
89.0625    7.64381e-06
89.125     7.87729e-06
89.1875    7.82735e-06
89.25      7.35543e-06
89.3125    6.62984e-06
89.375     5.79928e-06
89.4375    5.13838e-06
89.5       5.04888e-06
89.5625    5.24421e-06
89.625     5.42676e-06
89.6875    5.37199e-06
89.75      5.3034e-06
89.8125    5.63584e-06
89.875     6.05979e-06
89.9375    6.49902e-06
90         6.54997e-06
90.0625    6.31005e-06
90.125     6.2665e-06
90.1875    6.36681e-06
90.25      6.72778e-06
90.3125    6.89838e-06
90.375     7.15375e-06
90.4375    6.86327e-06
90.5       6.15185e-06
90.5625    5.77077e-06
90.625     5.39094e-06
90.6875    5.4003e-06
90.75      5.31667e-06
90.8125    5.18777e-06
90.875     5.1543e-06
90.9375    5.38984e-06
91         6.05433e-06
91.0625    6.16591e-06
91.125     6.19724e-06
91.1875    6.3536e-06
91.25      6.32196e-06
91.3125    6.47623e-06
91.375     6.49456e-06
91.4375    6.20943e-06
91.5       5.37876e-06
91.5625    4.85948e-06
91.625     5.01693e-06
91.6875    5.48629e-06
91.75      6.13286e-06
91.8125    6.57147e-06
91.875     6.38472e-06
91.9375    5.92097e-06
92         5.83333e-06
92.0625    5.9709e-06
92.125     5.91759e-06
92.1875    5.45132e-06
92.25      5.47352e-06
92.3125    5.78843e-06
92.375     6.08988e-06
92.4375    6.30198e-06
92.5       6.33795e-06
92.5625    6.27995e-06
92.625     6.29922e-06
92.6875    6.78748e-06
92.75      6.88392e-06
92.8125    5.9972e-06
92.875     4.96367e-06
92.9375    4.63447e-06
93         4.78785e-06
93.0625    5.04993e-06
93.125     5.16829e-06
93.1875    5.50586e-06
93.25      5.79507e-06
93.3125    5.78916e-06
93.375     5.87933e-06
93.4375    6.07585e-06
93.5       6.01778e-06
93.5625    5.46668e-06
93.625     5.31055e-06
93.6875    5.35874e-06
93.75      5.52948e-06
93.8125    6.08669e-06
93.875     6.43507e-06
93.9375    6.3801e-06
94         5.83011e-06
94.0625    5.27526e-06
94.125     5.32534e-06
94.1875    6.02066e-06
94.25      6.41162e-06
94.3125    6.46629e-06
94.375     6.44059e-06
94.4375    6.00667e-06
94.5       5.16656e-06
94.5625    5.22469e-06
94.625     5.71331e-06
94.6875    6.07218e-06
94.75      6.2843e-06
94.8125    6.41408e-06
94.875     6.24807e-06
94.9375    5.91876e-06
95         5.39667e-06
95.0625    5.14823e-06
95.125     5.35727e-06
95.1875    5.76378e-06
95.25      5.98309e-06
95.3125    5.77807e-06
95.375     5.71217e-06
95.4375    6.0653e-06
95.5       6.52122e-06
95.5625    6.3925e-06
95.625     6.16298e-06
95.6875    6.05098e-06
95.75      5.92589e-06
95.8125    5.90567e-06
95.875     5.7428e-06
95.9375    5.643e-06 
96         5.95522e-06
96.0625    6.31176e-06
96.125     6.12256e-06
96.1875    5.95192e-06
96.25      6.18447e-06
96.3125    6.25805e-06
96.375     6.38975e-06
96.4375    6.44553e-06
96.5       6.24465e-06
96.5625    6.10845e-06
96.625     5.86962e-06
96.6875    5.49678e-06
96.75      5.21062e-06
96.8125    5.50845e-06
96.875     5.95587e-06
96.9375    6.33963e-06
97         6.44485e-06
97.0625    5.9887e-06
97.125     5.16771e-06
97.1875    4.68353e-06
97.25      5.04802e-06
97.3125    5.78806e-06
97.375     6.29031e-06
97.4375    6.39382e-06
97.5       6.4723e-06
97.5625    6.69125e-06
97.625     6.76928e-06
97.6875    6.39087e-06
97.75      6.08373e-06
97.8125    5.99935e-06
97.875     5.67988e-06
97.9375    5.30894e-06
98         5.17385e-06
98.0625    5.28032e-06
98.125     5.58194e-06
98.1875    6.09554e-06
98.25      6.51385e-06
98.3125    6.56033e-06
98.375     6.12368e-06
98.4375    5.3398e-06
98.5       5.10423e-06
98.5625    5.52985e-06
98.625     5.72263e-06
98.6875    5.55704e-06
98.75      5.28491e-06
98.8125    5.21707e-06
98.875     5.39045e-06
98.9375    5.9161e-06
99         6.03155e-06
99.0625    5.71508e-06
99.125     5.57339e-06
99.1875    5.47516e-06
99.25      5.6605e-06
99.3125    5.97417e-06
99.375     6.02263e-06
99.4375    5.85778e-06
99.5       5.98717e-06
99.5625    6.23363e-06
99.625     6.25811e-06
99.6875    5.79778e-06
99.75      4.85266e-06
99.8125    4.42363e-06
99.875     4.89241e-06
99.9375    5.51864e-06
100        6.03973e-06
