# Freq.    Mag.
0          2.9274e-05
1          2.84937e-05
2          2.23278e-05
3          1.68218e-05
4          1.67218e-05
5          1.65866e-05
6          1.58246e-05
7          1.52508e-05
8          1.49974e-05
9          1.54285e-05
10         1.59208e-05
11         1.6093e-05
12         1.63515e-05
13         1.63221e-05
14         1.63096e-05
15         1.6725e-05
16         1.67844e-05
17         1.69293e-05
18         1.73206e-05
19         1.76443e-05
20         1.73963e-05
21         1.68901e-05
22         1.69856e-05
23         1.69761e-05
24         1.71397e-05
25         1.75036e-05
26         1.8016e-05
27         1.81366e-05
28         1.81722e-05
29         1.80925e-05
30         1.77464e-05
31         1.77526e-05
32         1.79996e-05
33         1.8212e-05
34         1.7896e-05
35         1.812e-05 
36         2.06905e-05
37         4.74326e-05
38         8.78764e-05
39         9.91099e-05
40         9.85719e-05
41         8.18834e-05
42         3.91798e-05
43         1.857e-05 
44         1.78258e-05
45         1.73022e-05
46         1.66967e-05
47         1.70519e-05
48         1.8238e-05
49         1.91231e-05
50         1.99227e-05
51         2.05407e-05
52         2.03786e-05
53         2.01418e-05
54         1.9759e-05
55         1.93234e-05
56         1.92196e-05
57         1.97773e-05
58         2.06616e-05
59         2.13495e-05
60         2.13883e-05
61         2.16615e-05
62         2.10616e-05
63         2.03711e-05
64         1.98305e-05
65         1.85451e-05
66         1.74869e-05
67         1.74919e-05
68         1.75158e-05
69         1.65713e-05
70         1.59996e-05
71         1.67383e-05
72         1.84657e-05
73         1.94417e-05
74         1.92901e-05
75         1.91875e-05
76         1.95386e-05
77         2.00148e-05
78         2.04812e-05
79         2.02031e-05
80         1.9506e-05
81         1.94729e-05
82         1.97179e-05
83         1.96433e-05
84         1.93516e-05
85         1.94094e-05
86         1.98965e-05
87         1.98999e-05
88         1.93585e-05
89         1.86472e-05
90         1.83071e-05
91         1.8015e-05
92         1.79358e-05
93         1.83865e-05
94         1.79663e-05
95         1.73392e-05
96         1.75045e-05
97         1.83087e-05
98         1.85927e-05
99         1.88452e-05
100        1.94712e-05
101        2.04007e-05
102        2.05665e-05
103        1.97862e-05
104        1.92841e-05
105        1.89016e-05
106        1.89406e-05
107        1.94669e-05
108        2.02803e-05
109        2.05372e-05
110        2.01494e-05
111        2.00672e-05
112        2.06174e-05
113        2.13803e-05
114        2.17191e-05
115        2.1615e-05
116        2.25244e-05
117        2.52458e-05
118        2.60142e-05
119        2.61543e-05
120        2.34244e-05
121        2.01737e-05
122        1.98282e-05
123        2.0402e-05
124        2.03213e-05
125        1.90876e-05
126        1.8208e-05
127        1.88784e-05
128        1.9568e-05
129        1.96006e-05
130        1.95363e-05
131        1.89311e-05
132        1.84416e-05
133        1.87492e-05
134        1.95337e-05
135        2.03557e-05
136        2.06744e-05
137        2.06953e-05
138        2.01684e-05
139        1.98846e-05
140        2.00836e-05
141        2.04235e-05
142        2.00773e-05
143        1.97206e-05
144        1.97071e-05
145        1.98632e-05
146        2.04804e-05
147        2.09648e-05
148        2.0741e-05
149        2.03529e-05
150        2.00409e-05
151        1.99607e-05
152        1.99556e-05
153        2.02246e-05
154        2.03713e-05
155        2.03924e-05
156        2.06489e-05
157        2.08271e-05
158        2.03122e-05
159        1.87585e-05
160        1.82787e-05
161        1.88992e-05
162        1.9715e-05
163        2.02953e-05
164        2.12645e-05
165        2.17673e-05
166        2.16228e-05
167        2.13518e-05
168        2.0593e-05
169        1.98521e-05
170        1.96654e-05
171        1.91936e-05
172        1.86841e-05
173        1.90041e-05
174        1.89709e-05
175        1.8403e-05
176        1.77511e-05
177        1.74554e-05
178        1.78564e-05
179        1.93303e-05
180        2.04952e-05
181        2.12508e-05
182        2.11968e-05
183        2.0494e-05
184        2.01804e-05
185        1.97158e-05
186        1.91727e-05
187        1.90925e-05
188        1.89724e-05
189        1.90404e-05
190        1.91179e-05
191        1.8537e-05
192        1.84475e-05
193        1.96835e-05
194        2.01328e-05
195        2.00278e-05
196        2.03062e-05
197        2.01402e-05
198        2.01156e-05
199        2.01169e-05
200        2.03279e-05
201        2.00375e-05
202        1.9768e-05
203        1.95257e-05
204        1.93012e-05
205        1.99313e-05
206        2.10617e-05
207        2.17425e-05
208        2.19052e-05
209        2.20038e-05
210        2.15771e-05
211        2.10224e-05
212        2.07973e-05
213        2.06087e-05
214        2.02415e-05
215        1.9897e-05
216        1.96349e-05
217        2.01765e-05
218        2.04347e-05
219        2.01042e-05
220        1.99837e-05
221        1.97691e-05
222        1.92835e-05
223        1.91279e-05
224        1.95069e-05
225        1.98496e-05
226        1.94245e-05
227        1.92552e-05
228        1.92291e-05
229        1.98543e-05
230        2.00552e-05
231        1.94561e-05
232        1.90712e-05
233        1.87259e-05
234        1.87093e-05
235        1.91261e-05
236        1.98906e-05
237        2.01865e-05
238        2.01552e-05
239        2.0027e-05
240        2.03143e-05
241        2.09333e-05
242        2.05382e-05
243        2.05855e-05
244        2.10984e-05
245        2.09226e-05
246        2.0016e-05
247        1.90554e-05
248        1.9428e-05
249        2.01188e-05
250        1.98965e-05
251        1.93487e-05
252        1.89524e-05
253        1.98045e-05
254        2.12823e-05
255        2.14321e-05
256        2.08772e-05
257        1.99455e-05
258        1.90343e-05
259        1.94791e-05
260        2.06376e-05
261        2.10032e-05
262        2.02978e-05
263        1.93167e-05
264        1.90575e-05
265        1.9062e-05
266        1.93795e-05
267        1.97335e-05
268        1.96553e-05
269        1.95149e-05
270        1.93319e-05
271        1.94704e-05
272        1.95689e-05
273        1.93838e-05
274        1.96827e-05
275        2.00653e-05
276        2.04229e-05
277        2.06084e-05
278        1.9595e-05
279        1.85046e-05
280        1.80288e-05
281        1.86976e-05
282        2.00347e-05
283        2.05278e-05
284        2.04727e-05
285        2.01206e-05
286        1.98523e-05
287        1.99073e-05
288        1.9647e-05
289        1.89919e-05
290        1.89581e-05
291        1.92454e-05
292        1.99728e-05
293        2.0533e-05
294        2.05552e-05
295        2.04823e-05
296        2.0307e-05
297        2.09186e-05
298        2.10764e-05
299        2.05308e-05
300        2.07279e-05
301        2.14805e-05
302        2.17175e-05
303        2.06294e-05
304        1.92492e-05
305        1.9172e-05
306        2.02313e-05
307        2.11086e-05
308        2.08855e-05
309        2.01752e-05
310        1.96784e-05
311        1.98153e-05
312        2.03705e-05
313        2.08476e-05
314        1.97897e-05
315        1.83402e-05
316        1.81575e-05
317        1.83917e-05
318        1.91242e-05
319        1.97354e-05
320        1.96014e-05
321        1.92062e-05
322        1.85352e-05
323        1.88852e-05
324        1.89703e-05
325        1.91126e-05
326        1.92189e-05
327        1.8787e-05
328        1.8955e-05
329        1.97865e-05
330        2.07095e-05
331        2.07092e-05
332        1.96165e-05
333        1.9042e-05
334        1.96562e-05
335        2.13717e-05
336        2.22249e-05
337        2.17338e-05
338        2.13839e-05
339        2.11058e-05
340        2.08451e-05
341        2.08305e-05
342        2.04653e-05
343        2.02986e-05
344        2.06974e-05
345        2.08557e-05
346        2.05972e-05
347        2.03094e-05
348        2.00491e-05
349        1.96467e-05
350        1.897e-05 
351        1.91294e-05
352        2.00803e-05
353        2.04167e-05
354        2.01655e-05
355        1.99615e-05
356        1.98861e-05
357        2.01619e-05
358        2.03546e-05
359        2.02636e-05
360        2.0049e-05
361        1.96547e-05
362        1.86279e-05
363        1.84568e-05
364        1.895e-05 
365        1.94221e-05
366        1.99706e-05
367        2.01842e-05
368        2.08569e-05
369        2.10674e-05
370        2.0783e-05
371        2.02678e-05
372        1.959e-05 
373        1.91839e-05
374        1.89033e-05
375        1.87472e-05
376        1.85245e-05
377        1.81209e-05
378        1.86616e-05
379        1.98003e-05
380        2.02676e-05
381        2.06875e-05
382        2.08275e-05
383        2.0783e-05
384        2.02088e-05
385        1.96098e-05
386        1.95818e-05
387        1.96681e-05
388        1.94251e-05
389        1.88164e-05
390        1.8753e-05
391        1.90659e-05
392        1.91909e-05
393        1.97101e-05
394        2.04256e-05
395        2.03356e-05
396        2.02913e-05
397        2.03467e-05
398        1.99894e-05
399        2.00305e-05
400        2.0325e-05
401        2.03299e-05
402        2.02199e-05
403        1.9906e-05
404        1.95331e-05
405        1.90298e-05
406        1.85291e-05
407        1.88955e-05
408        1.87281e-05
409        1.83504e-05
410        1.81253e-05
411        1.80661e-05
412        1.82705e-05
413        1.8501e-05
414        1.88484e-05
415        1.86866e-05
416        1.83153e-05
417        1.85042e-05
418        1.89898e-05
419        1.93634e-05
420        1.9532e-05
421        1.97705e-05
422        2.03285e-05
423        2.05e-05  
424        1.99767e-05
425        1.9025e-05
426        1.83894e-05
427        1.79884e-05
428        1.74677e-05
429        1.7214e-05
430        1.74601e-05
431        1.80044e-05
432        1.80811e-05
433        1.88078e-05
434        2.00516e-05
435        2.09429e-05
436        2.06785e-05
437        2.01915e-05
438        1.95274e-05
439        1.85107e-05
440        1.78444e-05
441        1.76239e-05
442        1.77697e-05
443        1.83707e-05
444        1.91217e-05
445        1.95131e-05
446        1.98448e-05
447        2.01231e-05
448        2.02314e-05
449        2.09021e-05
450        2.11189e-05
451        2.04552e-05
452        1.92028e-05
453        1.84997e-05
454        1.87395e-05
455        1.9216e-05
456        1.92551e-05
457        1.91876e-05
458        1.92346e-05
459        1.91233e-05
460        1.94036e-05
461        1.99783e-05
462        2.05928e-05
463        2.03552e-05
464        1.93073e-05
465        1.82521e-05
466        1.79712e-05
467        1.86789e-05
468        1.97645e-05
469        2.01253e-05
470        2.00993e-05
471        1.94484e-05
472        1.89025e-05
473        1.96453e-05
474        1.9949e-05
475        1.92544e-05
476        1.85266e-05
477        1.84278e-05
478        1.86492e-05
479        1.89106e-05
480        1.94147e-05
481        2.00112e-05
482        2.04947e-05
483        2.04035e-05
484        1.96929e-05
485        1.89441e-05
486        1.87663e-05
487        1.93526e-05
488        1.97207e-05
489        1.98152e-05
490        1.99156e-05
491        1.98783e-05
492        1.94679e-05
493        1.90004e-05
494        1.89802e-05
495        1.92085e-05
496        1.95479e-05
497        1.99469e-05
498        2.05362e-05
499        2.06534e-05
500        2.02912e-05
501        1.95411e-05
502        1.89822e-05
503        1.85165e-05
504        1.82608e-05
505        1.80308e-05
506        1.79371e-05
507        1.84822e-05
508        1.91217e-05
509        1.9409e-05
510        1.93742e-05
511        1.86988e-05
512        1.87178e-05
513        1.9799e-05
514        2.04359e-05
515        2.05356e-05
516        2.0288e-05
517        1.98365e-05
518        1.98911e-05
519        1.92336e-05
520        1.86081e-05
521        1.85174e-05
522        1.83423e-05
523        1.81324e-05
524        1.78482e-05
525        1.74254e-05
526        1.7589e-05
527        1.85267e-05
528        1.95791e-05
529        1.95406e-05
530        1.90318e-05
531        1.92439e-05
532        1.95974e-05
533        1.96585e-05
534        1.92275e-05
535        1.84444e-05
536        1.76837e-05
537        1.73989e-05
538        1.77769e-05
539        1.848e-05 
540        1.88279e-05
541        1.84198e-05
542        1.81522e-05
543        1.79374e-05
544        1.74528e-05
545        1.7341e-05
546        1.80693e-05
547        1.91218e-05
548        1.88479e-05
549        1.82118e-05
550        1.81946e-05
551        1.82624e-05
552        1.87026e-05
553        1.9654e-05
554        2.0252e-05
555        2.0317e-05
556        1.99798e-05
557        1.96112e-05
558        1.9114e-05
559        1.85824e-05
560        1.84936e-05
561        1.85968e-05
562        1.91456e-05
563        1.94221e-05
564        1.90073e-05
565        1.87504e-05
566        1.87384e-05
567        1.89002e-05
568        1.88484e-05
569        1.83006e-05
570        1.82516e-05
571        1.85943e-05
572        1.88447e-05
573        1.88716e-05
574        1.8812e-05
575        1.90669e-05
576        1.91912e-05
577        1.94696e-05
578        1.93604e-05
579        1.94229e-05
580        1.99056e-05
581        1.98498e-05
582        1.94839e-05
583        1.86742e-05
584        1.80319e-05
585        1.80598e-05
586        1.82279e-05
587        1.81283e-05
588        1.80741e-05
589        1.8278e-05
590        1.88001e-05
591        1.9153e-05
592        1.91374e-05
593        1.88479e-05
594        1.76768e-05
595        1.69695e-05
596        1.67309e-05
597        1.70147e-05
598        1.8291e-05
599        1.92477e-05
600        1.93592e-05
601        1.93152e-05
602        1.87093e-05
603        1.79179e-05
604        1.74652e-05
605        1.75307e-05
606        1.76091e-05
607        1.76376e-05
608        1.82533e-05
609        1.82433e-05
610        1.80277e-05
611        1.83377e-05
612        1.90605e-05
613        2.00342e-05
614        2.00156e-05
615        1.917e-05 
616        1.84471e-05
617        1.84452e-05
618        1.90047e-05
619        1.88888e-05
620        1.83441e-05
621        1.79162e-05
622        1.79554e-05
623        1.8959e-05
624        2.00986e-05
625        2.01732e-05
626        1.91671e-05
627        1.87249e-05
628        1.89589e-05
629        1.89267e-05
630        1.83817e-05
631        1.81832e-05
632        1.83088e-05
633        1.85377e-05
634        1.86821e-05
635        1.84894e-05
636        1.86205e-05
637        1.8934e-05
638        1.93013e-05
639        1.99127e-05
640        1.96481e-05
641        1.88545e-05
642        1.81631e-05
643        1.77175e-05
644        1.79417e-05
645        1.81983e-05
646        1.82567e-05
647        1.86909e-05
648        1.89978e-05
649        1.87621e-05
650        1.85866e-05
651        1.87272e-05
652        1.8581e-05
653        1.83284e-05
654        1.81873e-05
655        1.82643e-05
656        1.82297e-05
657        1.82329e-05
658        1.84563e-05
659        1.87446e-05
660        1.89915e-05
661        1.92164e-05
662        1.89289e-05
663        1.88587e-05
664        1.93312e-05
665        1.91033e-05
666        1.82462e-05
667        1.80094e-05
668        1.79439e-05
669        1.80236e-05
670        1.85381e-05
671        1.83149e-05
672        1.75269e-05
673        1.75446e-05
674        1.7914e-05
675        1.82211e-05
676        1.80838e-05
677        1.81253e-05
678        1.80129e-05
679        1.87594e-05
680        1.98851e-05
681        2.02728e-05
682        2.0318e-05
683        2.00436e-05
684        1.93976e-05
685        1.93501e-05
686        1.93491e-05
687        1.90108e-05
688        1.84523e-05
689        1.81496e-05
690        1.78876e-05
691        1.77427e-05
692        1.80395e-05
693        1.84222e-05
694        1.85784e-05
695        1.84157e-05
696        1.85841e-05
697        1.86533e-05
698        1.82491e-05
699        1.7485e-05
700        1.71533e-05
701        1.73796e-05
702        1.82813e-05
703        1.88667e-05
704        1.85489e-05
705        1.82312e-05
706        1.8112e-05
707        1.83827e-05
708        1.83024e-05
709        1.72098e-05
710        1.72467e-05
711        1.85566e-05
712        1.94283e-05
713        1.94243e-05
714        1.91918e-05
715        1.88656e-05
716        1.88193e-05
717        1.91513e-05
718        1.89067e-05
719        1.83886e-05
720        1.77584e-05
721        1.68597e-05
722        1.60424e-05
723        1.61392e-05
724        1.70063e-05
725        1.79566e-05
726        1.82375e-05
727        1.78041e-05
728        1.6992e-05
729        1.67064e-05
730        1.68617e-05
731        1.69617e-05
732        1.71704e-05
733        1.72691e-05
734        1.75569e-05
735        1.79164e-05
736        1.78672e-05
737        1.76673e-05
738        1.74978e-05
739        1.76259e-05
740        1.84286e-05
741        1.9154e-05
742        1.93026e-05
743        1.83914e-05
744        1.68194e-05
745        1.65692e-05
746        1.74446e-05
747        1.79171e-05
748        1.75044e-05
749        1.69749e-05
750        1.69365e-05
751        1.66377e-05
752        1.57089e-05
753        1.54348e-05
754        1.56759e-05
755        1.57674e-05
756        1.59029e-05
757        1.62031e-05
758        1.62168e-05
759        1.58601e-05
760        1.5836e-05
761        1.66409e-05
762        1.71025e-05
763        1.74128e-05
764        1.79475e-05
765        1.7827e-05
766        1.67513e-05
767        1.63246e-05
768        1.62033e-05
769        1.68952e-05
770        1.72702e-05
771        1.67577e-05
772        1.58221e-05
773        1.52431e-05
774        1.61323e-05
775        1.67288e-05
776        1.69371e-05
777        1.72706e-05
778        1.75686e-05
779        1.78473e-05
780        1.76848e-05
781        1.76221e-05
782        1.77935e-05
783        1.76459e-05
784        1.76279e-05
785        1.72488e-05
786        1.65915e-05
787        1.64604e-05
788        1.6528e-05
789        1.68765e-05
790        1.71785e-05
791        1.70028e-05
792        1.67037e-05
793        1.71512e-05
794        1.77097e-05
795        1.7851e-05
796        1.78578e-05
797        1.76625e-05
798        1.72937e-05
799        1.65608e-05
800        1.60773e-05
801        1.59799e-05
802        1.64416e-05
803        1.70069e-05
804        1.74314e-05
805        1.79872e-05
806        1.82648e-05
807        1.81196e-05
808        1.77313e-05
809        1.69931e-05
810        1.66718e-05
811        1.69314e-05
812        1.6948e-05
813        1.67619e-05
814        1.69731e-05
815        1.689e-05 
816        1.69071e-05
817        1.77228e-05
818        1.84751e-05
819        1.86278e-05
820        1.79306e-05
821        1.65596e-05
822        1.58815e-05
823        1.57546e-05
824        1.57822e-05
825        1.63561e-05
826        1.71949e-05
827        1.71661e-05
828        1.6452e-05
829        1.6599e-05
830        1.71721e-05
831        1.67017e-05
832        1.56541e-05
833        1.57328e-05
834        1.62763e-05
835        1.66273e-05
836        1.71849e-05
837        1.67602e-05
838        1.629e-05 
839        1.62238e-05
840        1.61929e-05
841        1.70651e-05
842        1.75652e-05
843        1.70762e-05
844        1.66046e-05
845        1.62527e-05
846        1.64067e-05
847        1.68505e-05
848        1.71352e-05
849        1.73547e-05
850        1.74704e-05
851        1.69483e-05
852        1.64982e-05
853        1.68059e-05
854        1.70669e-05
855        1.69445e-05
856        1.67146e-05
857        1.65522e-05
858        1.67846e-05
859        1.67486e-05
860        1.64828e-05
861        1.61141e-05
862        1.58758e-05
863        1.59445e-05
864        1.60688e-05
865        1.62174e-05
866        1.64615e-05
867        1.68802e-05
868        1.67704e-05
869        1.62395e-05
870        1.56923e-05
871        1.52039e-05
872        1.53813e-05
873        1.63181e-05
874        1.74845e-05
875        1.8274e-05
876        1.78818e-05
877        1.74416e-05
878        1.73863e-05
879        1.76819e-05
880        1.79307e-05
881        1.71665e-05
882        1.58213e-05
883        1.51062e-05
884        1.53227e-05
885        1.68473e-05
886        1.84538e-05
887        1.86269e-05
888        1.81729e-05
889        1.77468e-05
890        1.72394e-05
891        1.71753e-05
892        1.70699e-05
893        1.69953e-05
894        1.68944e-05
895        1.70659e-05
896        1.70302e-05
897        1.71185e-05
898        1.72201e-05
899        1.73561e-05
900        1.75583e-05
901        1.77419e-05
902        1.75942e-05
903        1.74737e-05
904        1.73074e-05
905        1.6734e-05
906        1.65019e-05
907        1.67888e-05
908        1.69738e-05
909        1.67676e-05
910        1.61171e-05
911        1.5678e-05
912        1.55118e-05
913        1.56048e-05
914        1.57536e-05
915        1.56348e-05
916        1.56869e-05
917        1.57307e-05
918        1.55867e-05
919        1.55127e-05
920        1.59182e-05
921        1.63503e-05
922        1.65678e-05
923        1.63793e-05
924        1.58888e-05
925        1.58449e-05
926        1.62612e-05
927        1.64428e-05
928        1.66611e-05
929        1.6868e-05
930        1.663e-05 
931        1.62796e-05
932        1.59594e-05
933        1.54008e-05
934        1.52958e-05
935        1.54687e-05
936        1.58726e-05
937        1.64087e-05
938        1.63915e-05
939        1.58675e-05
940        1.59554e-05
941        1.65799e-05
942        1.7805e-05
943        1.87162e-05
944        1.80765e-05
945        1.66949e-05
946        1.56081e-05
947        1.49686e-05
948        1.48014e-05
949        1.52507e-05
950        1.59467e-05
951        1.60187e-05
952        1.57598e-05
953        1.58401e-05
954        1.51708e-05
955        1.49905e-05
956        1.57005e-05
957        1.65107e-05
958        1.69576e-05
959        1.68951e-05
960        1.6642e-05
961        1.63534e-05
962        1.67095e-05
963        1.71583e-05
964        1.7058e-05
965        1.61294e-05
966        1.51073e-05
967        1.46844e-05
968        1.48974e-05
969        1.51338e-05
970        1.51641e-05
971        1.53727e-05
972        1.504e-05 
973        1.52023e-05
974        1.53806e-05
975        1.54946e-05
976        1.55658e-05
977        1.54515e-05
978        1.55771e-05
979        1.54485e-05
980        1.54942e-05
981        1.59749e-05
982        1.57743e-05
983        1.56061e-05
984        1.59575e-05
985        1.59128e-05
986        1.55919e-05
987        1.53647e-05
988        1.53076e-05
989        1.53935e-05
990        1.54993e-05
991        1.59829e-05
992        1.64477e-05
993        1.62529e-05
994        1.5657e-05
995        1.50521e-05
996        1.49369e-05
997        1.50955e-05
998        1.57816e-05
999        1.63336e-05
1000       1.59759e-05
1001       1.53484e-05
1002       1.47078e-05
1003       1.46192e-05
1004       1.50415e-05
1005       1.53354e-05
1006       1.53207e-05
1007       1.50769e-05
1008       1.49871e-05
1009       1.5875e-05
1010       1.68647e-05
1011       1.72704e-05
1012       1.7578e-05
1013       1.7822e-05
1014       1.7502e-05
1015       1.65539e-05
1016       1.56641e-05
1017       1.54925e-05
1018       1.59413e-05
1019       1.62678e-05
1020       1.61104e-05
1021       1.60079e-05
1022       1.59483e-05
1023       1.58506e-05
1024       1.58816e-05
1025       1.63849e-05
1026       1.61422e-05
1027       1.52731e-05
1028       1.48501e-05
1029       1.47306e-05
1030       1.50332e-05
1031       1.52977e-05
1032       1.53359e-05
1033       1.54656e-05
1034       1.58637e-05
1035       1.63096e-05
1036       1.58645e-05
1037       1.55665e-05
1038       1.6107e-05
1039       1.66649e-05
1040       1.68437e-05
1041       1.61781e-05
1042       1.51845e-05
1043       1.46427e-05
1044       1.47234e-05
1045       1.53968e-05
1046       1.58995e-05
1047       1.60821e-05
1048       1.58058e-05
1049       1.57809e-05
1050       1.6057e-05
1051       1.62641e-05
1052       1.63689e-05
1053       1.6109e-05
1054       1.59594e-05
1055       1.64027e-05
1056       1.68106e-05
1057       1.68794e-05
1058       1.69912e-05
1059       1.70647e-05
1060       1.66094e-05
1061       1.61408e-05
1062       1.57901e-05
1063       1.53351e-05
1064       1.51143e-05
1065       1.50341e-05
1066       1.45604e-05
1067       1.41233e-05
1068       1.40786e-05
1069       1.47668e-05
1070       1.51731e-05
1071       1.50785e-05
1072       1.50849e-05
1073       1.48318e-05
1074       1.46489e-05
1075       1.48107e-05
1076       1.50303e-05
1077       1.50099e-05
1078       1.47529e-05
1079       1.48109e-05
1080       1.50981e-05
1081       1.54366e-05
1082       1.55639e-05
1083       1.60151e-05
1084       1.6313e-05
1085       1.61318e-05
1086       1.58475e-05
1087       1.55388e-05
1088       1.52512e-05
1089       1.50347e-05
1090       1.48649e-05
1091       1.50669e-05
1092       1.52375e-05
1093       1.49911e-05
1094       1.49566e-05
1095       1.49176e-05
1096       1.47202e-05
1097       1.43416e-05
1098       1.40189e-05
1099       1.43433e-05
1100       1.50442e-05
1101       1.55809e-05
1102       1.56596e-05
1103       1.55158e-05
1104       1.56346e-05
1105       1.60425e-05
1106       1.59705e-05
1107       1.54857e-05
1108       1.54012e-05
1109       1.55809e-05
1110       1.56803e-05
1111       1.582e-05 
1112       1.61001e-05
1113       1.63454e-05
1114       1.58998e-05
1115       1.52034e-05
1116       1.46812e-05
1117       1.46777e-05
1118       1.5145e-05
1119       1.53717e-05
1120       1.49857e-05
1121       1.46241e-05
1122       1.47613e-05
1123       1.4973e-05
1124       1.53381e-05
1125       1.56355e-05
1126       1.54037e-05
1127       1.5069e-05
1128       1.52026e-05
1129       1.54687e-05
1130       1.54411e-05
1131       1.48622e-05
1132       1.43919e-05
1133       1.46808e-05
1134       1.47875e-05
1135       1.47832e-05
1136       1.5107e-05
1137       1.5461e-05
1138       1.57535e-05
1139       1.61124e-05
1140       1.63272e-05
1141       1.61727e-05
1142       1.59353e-05
1143       1.55855e-05
1144       1.47791e-05
1145       1.36161e-05
1146       1.28163e-05
1147       1.29202e-05
1148       1.37508e-05
1149       1.4987e-05
1150       1.60172e-05
1151       1.64443e-05
1152       1.60591e-05
1153       1.55107e-05
1154       1.52042e-05
1155       1.52842e-05
1156       1.51686e-05
1157       1.40377e-05
1158       1.30839e-05
1159       1.32517e-05
1160       1.38219e-05
1161       1.45303e-05
1162       1.53229e-05
1163       1.53922e-05
1164       1.52813e-05
1165       1.55575e-05
1166       1.59705e-05
1167       1.63591e-05
1168       1.64989e-05
1169       1.63128e-05
1170       1.53666e-05
1171       1.41755e-05
1172       1.37838e-05
1173       1.41096e-05
1174       1.44794e-05
1175       1.47408e-05
1176       1.44891e-05
1177       1.37695e-05
1178       1.34503e-05
1179       1.38267e-05
1180       1.45517e-05
1181       1.50561e-05
1182       1.49798e-05
1183       1.46671e-05
1184       1.47463e-05
1185       1.47232e-05
1186       1.39638e-05
1187       1.34795e-05
1188       1.36357e-05
1189       1.37781e-05
1190       1.38228e-05
1191       1.38211e-05
1192       1.35683e-05
1193       1.3707e-05
1194       1.41237e-05
1195       1.47696e-05
1196       1.5124e-05
1197       1.47578e-05
1198       1.43732e-05
1199       1.43681e-05
1200       1.47787e-05
1201       1.49739e-05
1202       1.47264e-05
1203       1.42943e-05
1204       1.33151e-05
1205       1.28862e-05
1206       1.28215e-05
1207       1.27953e-05
1208       1.33424e-05
1209       1.3835e-05
1210       1.3759e-05
1211       1.34929e-05
1212       1.30857e-05
1213       1.28323e-05
1214       1.31595e-05
1215       1.36195e-05
1216       1.42795e-05
1217       1.46103e-05
1218       1.49335e-05
1219       1.54016e-05
1220       1.51821e-05
1221       1.51307e-05
1222       1.49674e-05
1223       1.43921e-05
1224       1.3533e-05
1225       1.29268e-05
1226       1.309e-05 
1227       1.33646e-05
1228       1.37132e-05
1229       1.40984e-05
1230       1.46273e-05
1231       1.45646e-05
1232       1.40793e-05
1233       1.38795e-05
1234       1.40008e-05
1235       1.40754e-05
1236       1.42055e-05
1237       1.46578e-05
1238       1.52409e-05
1239       1.49186e-05
1240       1.40844e-05
1241       1.37475e-05
1242       1.39495e-05
1243       1.40961e-05
1244       1.4104e-05
1245       1.45402e-05
1246       1.53675e-05
1247       1.55544e-05
1248       1.49764e-05
1249       1.45479e-05
1250       1.42333e-05
1251       1.41084e-05
1252       1.41238e-05
1253       1.40549e-05
1254       1.38398e-05
1255       1.35703e-05
1256       1.32676e-05
1257       1.3245e-05
1258       1.3572e-05
1259       1.43313e-05
1260       1.47313e-05
1261       1.41656e-05
1262       1.36385e-05
1263       1.37089e-05
1264       1.43783e-05
1265       1.45577e-05
1266       1.4438e-05
1267       1.43039e-05
1268       1.43586e-05
1269       1.49473e-05
1270       1.50954e-05
1271       1.45699e-05
1272       1.44039e-05
1273       1.45816e-05
1274       1.45195e-05
1275       1.43425e-05
1276       1.45282e-05
1277       1.48648e-05
1278       1.45648e-05
1279       1.41842e-05
1280       1.4209e-05
1281       1.4073e-05
1282       1.3803e-05
1283       1.3153e-05
1284       1.2595e-05
1285       1.2975e-05
1286       1.36576e-05
1287       1.40878e-05
1288       1.39246e-05
1289       1.33991e-05
1290       1.31491e-05
1291       1.36009e-05
1292       1.38874e-05
1293       1.37415e-05
1294       1.39873e-05
1295       1.38569e-05
1296       1.38656e-05
1297       1.39085e-05
1298       1.3466e-05
1299       1.29237e-05
1300       1.28489e-05
1301       1.3114e-05
1302       1.36862e-05
1303       1.41895e-05
1304       1.38423e-05
1305       1.31506e-05
1306       1.24623e-05
1307       1.23738e-05
1308       1.27403e-05
1309       1.36351e-05
1310       1.42609e-05
1311       1.385e-05 
1312       1.32839e-05
1313       1.32132e-05
1314       1.35589e-05
1315       1.34724e-05
1316       1.35344e-05
1317       1.37768e-05
1318       1.40451e-05
1319       1.40294e-05
1320       1.3764e-05
1321       1.35339e-05
1322       1.31182e-05
1323       1.29301e-05
1324       1.27475e-05
1325       1.25535e-05
1326       1.25656e-05
1327       1.32695e-05
1328       1.40262e-05
1329       1.40045e-05
1330       1.39379e-05
1331       1.39869e-05
1332       1.38009e-05
1333       1.3495e-05
1334       1.3338e-05
1335       1.36255e-05
1336       1.38251e-05
1337       1.383e-05 
1338       1.33789e-05
1339       1.29312e-05
1340       1.3075e-05
1341       1.34532e-05
1342       1.37751e-05
1343       1.35122e-05
1344       1.30767e-05
1345       1.31698e-05
1346       1.365e-05 
1347       1.4033e-05
1348       1.42505e-05
1349       1.44138e-05
1350       1.45564e-05
1351       1.46929e-05
1352       1.47096e-05
1353       1.42392e-05
1354       1.36665e-05
1355       1.32518e-05
1356       1.2693e-05
1357       1.23662e-05
1358       1.25066e-05
1359       1.32466e-05
1360       1.38078e-05
1361       1.41393e-05
1362       1.44233e-05
1363       1.41027e-05
1364       1.32262e-05
1365       1.27311e-05
1366       1.26364e-05
1367       1.29717e-05
1368       1.32871e-05
1369       1.29206e-05
1370       1.24926e-05
1371       1.25296e-05
1372       1.27089e-05
1373       1.27087e-05
1374       1.24038e-05
1375       1.26308e-05
1376       1.31826e-05
1377       1.32164e-05
1378       1.29388e-05
1379       1.26836e-05
1380       1.3317e-05
1381       1.41123e-05
1382       1.43025e-05
1383       1.41328e-05
1384       1.35239e-05
1385       1.36262e-05
1386       1.40907e-05
1387       1.38731e-05
1388       1.32091e-05
1389       1.25938e-05
1390       1.26287e-05
1391       1.27123e-05
1392       1.27966e-05
1393       1.31115e-05
1394       1.34958e-05
1395       1.37364e-05
1396       1.3506e-05
1397       1.3009e-05
1398       1.29774e-05
1399       1.32889e-05
1400       1.35701e-05
1401       1.37541e-05
1402       1.32917e-05
1403       1.29249e-05
1404       1.31762e-05
1405       1.37566e-05
1406       1.42104e-05
1407       1.40706e-05
1408       1.35696e-05
1409       1.29643e-05
1410       1.28517e-05
1411       1.33057e-05
1412       1.38211e-05
1413       1.4329e-05
1414       1.46414e-05
1415       1.43452e-05
1416       1.36357e-05
1417       1.32043e-05
1418       1.38398e-05
1419       1.45953e-05
1420       1.4556e-05
1421       1.37724e-05
1422       1.28228e-05
1423       1.23577e-05
1424       1.25332e-05
1425       1.32846e-05
1426       1.40604e-05
1427       1.41826e-05
1428       1.36672e-05
1429       1.3221e-05
1430       1.32257e-05
1431       1.34057e-05
1432       1.35405e-05
1433       1.37757e-05
1434       1.35859e-05
1435       1.35122e-05
1436       1.38017e-05
1437       1.3821e-05
1438       1.3181e-05
1439       1.28492e-05
1440       1.30645e-05
1441       1.31591e-05
1442       1.2732e-05
1443       1.21251e-05
1444       1.21358e-05
1445       1.24225e-05
1446       1.24351e-05
1447       1.19714e-05
1448       1.15446e-05
1449       1.16683e-05
1450       1.22524e-05
1451       1.27938e-05
1452       1.32466e-05
1453       1.35061e-05
1454       1.35264e-05
1455       1.30245e-05
1456       1.26731e-05
1457       1.2551e-05
1458       1.25178e-05
1459       1.2297e-05
1460       1.22566e-05
1461       1.2698e-05
1462       1.30768e-05
1463       1.32594e-05
1464       1.34084e-05
1465       1.34527e-05
1466       1.33178e-05
1467       1.31427e-05
1468       1.31657e-05
1469       1.31858e-05
1470       1.30059e-05
1471       1.27601e-05
1472       1.30208e-05
1473       1.34184e-05
1474       1.33722e-05
1475       1.36082e-05
1476       1.40781e-05
1477       1.43243e-05
1478       1.40212e-05
1479       1.35175e-05
1480       1.28804e-05
1481       1.24079e-05
1482       1.23128e-05
1483       1.2316e-05
1484       1.24634e-05
1485       1.25807e-05
1486       1.30416e-05
1487       1.37802e-05
1488       1.39689e-05
1489       1.37184e-05
1490       1.31969e-05
1491       1.27345e-05
1492       1.26643e-05
1493       1.31135e-05
1494       1.33361e-05
1495       1.28785e-05
1496       1.25602e-05
1497       1.25505e-05
1498       1.2746e-05
1499       1.28566e-05
1500       1.23609e-05
1501       1.16627e-05
1502       1.163e-05 
1503       1.24478e-05
1504       1.29691e-05
1505       1.30822e-05
1506       1.27791e-05
1507       1.2405e-05
1508       1.20549e-05
1509       1.20183e-05
1510       1.20304e-05
1511       1.21911e-05
1512       1.19113e-05
1513       1.11166e-05
1514       1.10765e-05
1515       1.16098e-05
1516       1.21381e-05
1517       1.24e-05  
1518       1.27705e-05
1519       1.30926e-05
1520       1.26799e-05
1521       1.25335e-05
1522       1.26372e-05
1523       1.23399e-05
1524       1.19316e-05
1525       1.15773e-05
1526       1.15183e-05
1527       1.16919e-05
1528       1.20672e-05
1529       1.23124e-05
1530       1.24048e-05
1531       1.26204e-05
1532       1.25696e-05
1533       1.24106e-05
1534       1.2643e-05
1535       1.28805e-05
1536       1.27151e-05
1537       1.26353e-05
1538       1.24769e-05
1539       1.1851e-05
1540       1.16467e-05
1541       1.22181e-05
1542       1.23923e-05
1543       1.22347e-05
1544       1.2253e-05
1545       1.24847e-05
1546       1.28124e-05
1547       1.26883e-05
1548       1.21524e-05
1549       1.15985e-05
1550       1.18591e-05
1551       1.20135e-05
1552       1.179e-05 
1553       1.15878e-05
1554       1.13603e-05
1555       1.15101e-05
1556       1.20836e-05
1557       1.23834e-05
1558       1.22791e-05
1559       1.20687e-05
1560       1.18175e-05
1561       1.15659e-05
1562       1.16721e-05
1563       1.19752e-05
1564       1.1949e-05
1565       1.18436e-05
1566       1.20263e-05
1567       1.24714e-05
1568       1.22668e-05
1569       1.17994e-05
1570       1.15741e-05
1571       1.11083e-05
1572       1.0868e-05
1573       1.09729e-05
1574       1.13804e-05
1575       1.1879e-05
1576       1.22549e-05
1577       1.25056e-05
1578       1.27596e-05
1579       1.27823e-05
1580       1.25292e-05
1581       1.22537e-05
1582       1.22673e-05
1583       1.26131e-05
1584       1.27174e-05
1585       1.22777e-05
1586       1.20636e-05
1587       1.2884e-05
1588       1.35535e-05
1589       1.34742e-05
1590       1.29855e-05
1591       1.24455e-05
1592       1.21176e-05
1593       1.21489e-05
1594       1.26141e-05
1595       1.29523e-05
1596       1.34206e-05
1597       1.3634e-05
1598       1.30294e-05
1599       1.24212e-05
1600       1.20255e-05
