# Freq.    Mag.
0          1.93033e-05
8          1.86028e-05
16         1.56216e-05
24         1.39949e-05
32         1.40767e-05
40         1.32239e-05
48         1.22209e-05
56         1.05327e-05
64         9.24179e-06
72         8.50409e-06
80         7.45851e-06
88         6.34214e-06
96         5.7468e-06
104        5.78337e-06
112        5.73003e-06
120        5.31404e-06
128        5.02963e-06
136        4.88287e-06
144        4.69983e-06
152        4.37869e-06
160        4.006e-06 
168        3.7981e-06
176        3.58976e-06
184        3.34744e-06
192        3.18816e-06
200        3.17857e-06
208        3.34315e-06
216        3.33199e-06
224        3.13441e-06
232        2.91956e-06
240        2.65943e-06
248        2.47436e-06
256        2.52563e-06
264        2.69253e-06
272        2.74445e-06
280        2.79704e-06
288        2.82209e-06
296        2.63751e-06
304        2.44882e-06
312        2.33906e-06
320        2.26967e-06
328        2.16294e-06
336        2.04179e-06
344        2.04156e-06
352        2.09691e-06
360        2.1489e-06
368        2.09489e-06
376        1.8701e-06
384        1.83545e-06
392        1.90459e-06
400        1.89698e-06
408        1.81602e-06
416        1.82191e-06
424        1.8668e-06
432        1.7679e-06
440        1.68715e-06
448        1.65024e-06
456        1.66133e-06
464        1.61091e-06
472        1.53083e-06
480        1.50133e-06
488        1.51007e-06
496        1.49995e-06
504        1.52005e-06
512        1.52773e-06
520        1.46536e-06
528        1.41293e-06
536        1.36193e-06
544        1.37938e-06
552        1.45962e-06
560        1.48236e-06
568        1.50962e-06
576        1.54049e-06
584        1.52483e-06
592        1.48014e-06
600        1.44763e-06
608        1.42089e-06
616        1.37807e-06
624        1.36581e-06
632        1.35526e-06
640        1.25414e-06
648        1.17043e-06
656        1.19815e-06
664        1.22001e-06
672        1.14026e-06
680        1.08583e-06
688        1.13507e-06
696        1.13929e-06
704        1.17462e-06
712        1.22569e-06
720        1.26458e-06
728        1.28163e-06
736        1.28656e-06
744        1.2695e-06
752        1.17777e-06
760        1.09147e-06
768        1.11654e-06
776        1.21034e-06
784        1.24207e-06
792        1.20321e-06
800        1.15373e-06
808        1.1612e-06
816        1.17131e-06
824        1.12812e-06
832        1.10911e-06
840        1.15973e-06
848        1.18905e-06
856        1.19384e-06
864        1.17432e-06
872        1.12353e-06
880        1.12237e-06
888        1.11527e-06
896        1.07703e-06
904        1.00507e-06
912        9.8881e-07
920        9.81558e-07
928        9.5744e-07
936        9.89295e-07
944        9.76247e-07
952        9.0083e-07
960        8.3936e-07
968        8.84033e-07
976        1.01862e-06
984        1.4532e-06
992        1.83143e-06
1000       1.87313e-06
1008       1.85897e-06
1016       1.41768e-06
1024       9.34067e-07
1032       8.83091e-07
1040       9.45907e-07
1048       9.55837e-07
1056       9.38408e-07
1064       9.5847e-07
1072       9.83281e-07
1080       9.94505e-07
1088       1.0197e-06
1096       1.00339e-06
1104       9.41033e-07
1112       8.65609e-07
1120       8.57123e-07
1128       9.24163e-07
1136       9.54634e-07
1144       9.72692e-07
1152       9.51134e-07
1160       9.20571e-07
1168       9.03739e-07
1176       8.88912e-07
1184       9.14897e-07
1192       9.48768e-07
1200       9.68525e-07
1208       9.67436e-07
1216       9.42875e-07
1224       8.93883e-07
1232       8.43942e-07
1240       8.0073e-07
1248       8.25718e-07
1256       9.19549e-07
1264       9.24315e-07
1272       8.68926e-07
1280       8.15433e-07
1288       8.09351e-07
1296       8.59541e-07
1304       8.67063e-07
1312       8.57392e-07
1320       8.36391e-07
1328       8.11176e-07
1336       7.8431e-07
1344       7.6117e-07
1352       7.44757e-07
1360       7.62666e-07
1368       7.7855e-07
1376       8.04379e-07
1384       8.44064e-07
1392       9.06948e-07
1400       9.47634e-07
1408       9.42807e-07
1416       8.77095e-07
1424       7.94148e-07
1432       8.08805e-07
1440       8.86589e-07
1448       9.58254e-07
1456       9.57164e-07
1464       9.10224e-07
1472       8.75654e-07
1480       8.46766e-07
1488       8.17193e-07
1496       8.10185e-07
1504       8.15219e-07
1512       8.16989e-07
1520       7.81255e-07
1528       7.4001e-07
1536       6.91601e-07
1544       7.01224e-07
1552       7.38952e-07
1560       7.39057e-07
1568       7.62081e-07
1576       7.42194e-07
1584       7.58565e-07
1592       7.99342e-07
1600       8.14438e-07
1608       8.30834e-07
1616       8.29625e-07
1624       8.31438e-07
1632       7.93476e-07
1640       7.75626e-07
1648       8.08147e-07
1656       8.17953e-07
1664       7.97296e-07
1672       7.57436e-07
1680       7.74967e-07
1688       8.47332e-07
1696       8.92075e-07
1704       9.05812e-07
1712       8.77238e-07
1720       8.4104e-07
1728       8.05215e-07
1736       7.87922e-07
1744       8.4542e-07
1752       9.08267e-07
1760       9.04977e-07
1768       8.82389e-07
1776       8.60032e-07
1784       8.64891e-07
1792       8.40182e-07
1800       7.90372e-07
1808       7.71812e-07
1816       7.81257e-07
1824       7.66183e-07
1832       7.60756e-07
1840       7.72241e-07
1848       7.69202e-07
1856       7.43569e-07
1864       7.01838e-07
1872       6.69544e-07
1880       7.02052e-07
1888       7.57315e-07
1896       7.90948e-07
1904       8.18095e-07
1912       8.19202e-07
1920       8.24827e-07
1928       8.03645e-07
1936       7.60858e-07
1944       7.33461e-07
1952       7.26872e-07
1960       7.76446e-07
1968       8.3756e-07
1976       8.21395e-07
1984       7.60836e-07
1992       7.03986e-07
2000       7.00506e-07
2008       7.64764e-07
2016       8.18705e-07
2024       8.1681e-07
2032       8.0258e-07
2040       7.79924e-07
2048       7.75734e-07
2056       8.01544e-07
2064       8.12658e-07
2072       8.14004e-07
2080       7.81886e-07
2088       7.19563e-07
2096       6.54334e-07
2104       6.19463e-07
2112       6.78282e-07
2120       7.66806e-07
2128       8.28813e-07
2136       8.37901e-07
2144       8.28121e-07
2152       8.31354e-07
2160       8.09287e-07
2168       7.77038e-07
2176       6.9738e-07
2184       6.09174e-07
2192       6.12231e-07
2200       6.91293e-07
2208       7.58408e-07
2216       7.64045e-07
2224       7.56054e-07
2232       7.82658e-07
2240       7.93515e-07
2248       7.88209e-07
2256       7.79832e-07
2264       7.93128e-07
2272       8.54436e-07
2280       8.73831e-07
2288       8.30373e-07
2296       7.98333e-07
2304       7.83276e-07
2312       7.9205e-07
2320       8.00191e-07
2328       7.92536e-07
2336       7.63656e-07
2344       7.34064e-07
2352       7.13628e-07
2360       6.77645e-07
2368       6.40168e-07
2376       6.36186e-07
2384       6.60133e-07
2392       7.17624e-07
2400       7.31065e-07
2408       7.26746e-07
2416       7.06117e-07
2424       6.78425e-07
2432       7.19223e-07
2440       7.57647e-07
2448       7.60547e-07
2456       7.32672e-07
2464       7.38167e-07
2472       7.58593e-07
2480       7.21156e-07
2488       6.69296e-07
2496       6.31976e-07
2504       6.44721e-07
2512       7.04588e-07
2520       7.48762e-07
2528       7.46685e-07
2536       7.34297e-07
2544       7.18318e-07
2552       7.28799e-07
2560       7.55339e-07
2568       7.56296e-07
2576       7.39008e-07
2584       7.44761e-07
2592       7.49084e-07
2600       7.47106e-07
2608       7.72441e-07
2616       7.89071e-07
2624       7.97272e-07
2632       8.17347e-07
2640       7.98253e-07
2648       7.70585e-07
2656       7.41057e-07
2664       7.03462e-07
2672       7.11592e-07
2680       7.26129e-07
2688       7.31573e-07
2696       7.49817e-07
2704       7.58989e-07
2712       7.42251e-07
2720       6.79778e-07
2728       6.1371e-07
2736       6.15915e-07
2744       6.82081e-07
2752       7.34957e-07
2760       7.60389e-07
2768       7.79946e-07
2776       8.03246e-07
2784       8.04336e-07
2792       7.76278e-07
2800       7.34514e-07
2808       6.87124e-07
2816       6.41971e-07
2824       6.27285e-07
2832       6.33915e-07
2840       6.7214e-07
2848       6.98565e-07
2856       6.76753e-07
2864       6.87707e-07
2872       7.2281e-07
2880       7.66154e-07
2888       7.70816e-07
2896       7.58268e-07
2904       7.57354e-07
2912       7.14822e-07
2920       6.84414e-07
2928       6.81673e-07
2936       6.88671e-07
2944       7.18284e-07
2952       7.43852e-07
2960       7.1513e-07
2968       6.62528e-07
2976       6.77588e-07
2984       8.25535e-07
2992       9.54155e-07
3000       9.05797e-07
3008       8.32949e-07
3016       7.01052e-07
3024       6.12241e-07
3032       6.52762e-07
3040       6.86819e-07
3048       7.04278e-07
3056       6.84582e-07
3064       6.69829e-07
3072       6.89044e-07
3080       7.17721e-07
3088       7.23488e-07
3096       7.23533e-07
3104       7.3296e-07
3112       7.57867e-07
3120       7.61671e-07
3128       7.44517e-07
3136       7.08557e-07
3144       6.68075e-07
3152       6.61648e-07
3160       6.44943e-07
3168       6.24123e-07
3176       6.50607e-07
3184       7.12463e-07
3192       7.40763e-07
3200       7.38697e-07
3208       7.36856e-07
3216       7.55191e-07
3224       7.94038e-07
3232       7.97779e-07
3240       7.60747e-07
3248       7.31939e-07
3256       7.31627e-07
3264       7.13502e-07
3272       7.04855e-07
3280       7.23988e-07
3288       7.38664e-07
3296       7.53181e-07
3304       7.39188e-07
3312       6.83943e-07
3320       6.41705e-07
3328       6.10842e-07
3336       6.17121e-07
3344       6.29395e-07
3352       6.28979e-07
3360       6.34432e-07
3368       6.61409e-07
3376       6.8855e-07
3384       7.15658e-07
3392       7.20833e-07
3400       7.44793e-07
3408       7.69307e-07
3416       7.33898e-07
3424       7.22519e-07
3432       7.29703e-07
3440       7.13177e-07
3448       7.07776e-07
3456       7.17542e-07
3464       7.07147e-07
3472       7.00377e-07
3480       6.9484e-07
3488       6.96897e-07
3496       7.08916e-07
3504       7.09392e-07
3512       6.71263e-07
3520       6.31045e-07
3528       6.14467e-07
3536       6.22869e-07
3544       6.29348e-07
3552       6.22097e-07
3560       6.12633e-07
3568       6.12042e-07
3576       6.3665e-07
3584       6.5394e-07
3592       6.53137e-07
3600       6.54183e-07
3608       6.54018e-07
3616       6.66538e-07
3624       6.71721e-07
3632       6.52436e-07
3640       6.40683e-07
3648       6.34436e-07
3656       6.56951e-07
3664       6.7928e-07
3672       6.85389e-07
3680       7.28876e-07
3688       7.45486e-07
3696       6.93231e-07
3704       6.66192e-07
3712       6.67725e-07
3720       6.4728e-07
3728       6.57145e-07
3736       6.89532e-07
3744       6.81373e-07
3752       6.52189e-07
3760       6.52016e-07
3768       6.74378e-07
3776       6.85112e-07
3784       6.96532e-07
3792       6.92081e-07
3800       6.87898e-07
3808       6.7538e-07
3816       6.33978e-07
3824       6.10638e-07
3832       6.23844e-07
3840       6.41516e-07
3848       6.47508e-07
3856       6.54898e-07
3864       6.79452e-07
3872       6.80299e-07
3880       6.56603e-07
3888       6.51178e-07
3896       6.99342e-07
3904       7.25655e-07
3912       7.05915e-07
3920       6.87265e-07
3928       6.91529e-07
3936       7.06627e-07
3944       7.33487e-07
3952       7.76478e-07
3960       8.02213e-07
3968       7.98097e-07
3976       7.78686e-07
3984       7.51022e-07
3992       7.13006e-07
4000       6.70063e-07
4008       6.69902e-07
4016       6.98183e-07
4024       7.40681e-07
4032       7.41441e-07
4040       7.2666e-07
4048       7.40726e-07
4056       7.3184e-07
4064       7.03436e-07
4072       6.82198e-07
4080       7.03464e-07
4088       7.40559e-07
4096       7.58624e-07
4104       7.35246e-07
4112       7.04693e-07
4120       6.87388e-07
4128       6.78716e-07
4136       6.97212e-07
4144       7.26233e-07
4152       7.32154e-07
4160       7.22487e-07
4168       7.02461e-07
4176       6.75488e-07
4184       6.57878e-07
4192       6.53714e-07
4200       6.74724e-07
4208       6.88964e-07
4216       7.09204e-07
4224       7.3312e-07
4232       7.52155e-07
4240       7.47648e-07
4248       7.32777e-07
4256       7.33215e-07
4264       7.38029e-07
4272       7.35718e-07
4280       7.23575e-07
4288       7.02076e-07
4296       6.78825e-07
4304       6.39449e-07
4312       6.14141e-07
4320       6.40598e-07
4328       6.90625e-07
4336       7.35256e-07
4344       7.73679e-07
4352       7.86199e-07
4360       7.66189e-07
4368       7.33193e-07
4376       6.89901e-07
4384       6.80087e-07
4392       6.91642e-07
4400       7.06942e-07
4408       7.22034e-07
4416       7.26772e-07
4424       7.13421e-07
4432       6.9069e-07
4440       6.56998e-07
4448       6.33485e-07
4456       6.35845e-07
4464       6.86194e-07
4472       7.3276e-07
4480       7.35714e-07
4488       6.86203e-07
4496       6.44389e-07
4504       6.32775e-07
4512       6.4162e-07
4520       6.72421e-07
4528       7.09647e-07
4536       7.32869e-07
4544       7.42372e-07
4552       7.3124e-07
4560       7.14149e-07
4568       7.13993e-07
4576       7.18658e-07
4584       7.41041e-07
4592       7.34611e-07
4600       7.09353e-07
4608       6.8157e-07
4616       6.69253e-07
4624       6.32024e-07
4632       6.18017e-07
4640       6.47627e-07
4648       6.93108e-07
4656       7.45355e-07
4664       7.6523e-07
4672       7.64161e-07
4680       7.35025e-07
4688       7.00447e-07
4696       7.17128e-07
4704       7.46074e-07
4712       7.79684e-07
4720       8.05317e-07
4728       7.86827e-07
4736       7.22103e-07
4744       6.79779e-07
4752       6.89801e-07
4760       7.09688e-07
4768       7.10764e-07
4776       7.10836e-07
4784       7.16015e-07
4792       7.05839e-07
4800       6.7296e-07
4808       6.48779e-07
4816       6.39594e-07
4824       6.23118e-07
4832       6.27126e-07
4840       6.33777e-07
4848       6.37381e-07
4856       6.5946e-07
4864       6.74446e-07
4872       6.7298e-07
4880       7.16145e-07
4888       7.91118e-07
4896       8.02275e-07
4904       7.79059e-07
4912       7.61711e-07
4920       7.4385e-07
4928       7.49684e-07
4936       7.51438e-07
4944       7.44998e-07
4952       7.48439e-07
4960       7.17495e-07
4968       6.65051e-07
4976       6.74809e-07
4984       7.43459e-07
4992       8.15503e-07
5000       8.05669e-07
5008       7.57734e-07
5016       6.85751e-07
5024       6.70865e-07
5032       6.95922e-07
5040       6.97988e-07
5048       6.57975e-07
5056       6.13729e-07
5064       6.22165e-07
5072       6.55661e-07
5080       6.79679e-07
5088       6.91404e-07
5096       6.9425e-07
5104       7.28724e-07
5112       7.38754e-07
5120       7.08524e-07
5128       6.66947e-07
5136       6.77753e-07
5144       7.23795e-07
5152       7.55834e-07
5160       7.27345e-07
5168       6.75082e-07
5176       6.58502e-07
5184       6.53178e-07
5192       6.50821e-07
5200       6.32235e-07
5208       6.21388e-07
5216       6.42218e-07
5224       6.80423e-07
5232       7.02616e-07
5240       6.82473e-07
5248       6.71752e-07
5256       6.73585e-07
5264       6.61005e-07
5272       6.48459e-07
5280       6.59392e-07
5288       6.75454e-07
5296       6.5878e-07
5304       6.30548e-07
5312       6.12834e-07
5320       6.1427e-07
5328       6.29879e-07
5336       6.65067e-07
5344       6.79768e-07
5352       6.59944e-07
5360       6.34303e-07
5368       6.22066e-07
5376       5.98331e-07
5384       5.80165e-07
5392       6.41248e-07
5400       7.13985e-07
5408       7.37751e-07
5416       7.24306e-07
5424       7.04508e-07
5432       7.0506e-07
5440       6.91553e-07
5448       6.76435e-07
5456       6.65685e-07
5464       6.59673e-07
5472       6.30717e-07
5480       6.35448e-07
5488       6.77695e-07
5496       7.11749e-07
5504       7.19774e-07
5512       6.98637e-07
5520       6.84235e-07
5528       6.94898e-07
5536       7.04311e-07
5544       7.17823e-07
5552       7.32379e-07
5560       6.97544e-07
5568       6.69734e-07
5576       6.84133e-07
5584       7.3983e-07
5592       7.75195e-07
5600       8.0313e-07
5608       8.21405e-07
5616       7.94922e-07
5624       7.9107e-07
5632       7.87153e-07
5640       7.59774e-07
5648       6.96927e-07
5656       6.68402e-07
5664       6.84399e-07
5672       7.03731e-07
5680       7.16045e-07
5688       7.25611e-07
5696       7.24424e-07
5704       7.2805e-07
5712       7.14672e-07
5720       6.99187e-07
5728       7.15235e-07
5736       7.3402e-07
5744       7.24962e-07
5752       6.91767e-07
5760       6.4845e-07
5768       6.13421e-07
5776       5.93077e-07
5784       6.03129e-07
5792       6.34468e-07
5800       6.54431e-07
5808       6.45049e-07
5816       6.3373e-07
5824       6.35637e-07
5832       6.42485e-07
5840       6.68122e-07
5848       6.71716e-07
5856       6.81251e-07
5864       6.75927e-07
5872       6.66436e-07
5880       6.82746e-07
5888       6.7589e-07
5896       6.74775e-07
5904       7.08977e-07
5912       7.41057e-07
5920       7.41214e-07
5928       7.10794e-07
5936       6.95044e-07
5944       7.00818e-07
5952       7.14302e-07
5960       6.83162e-07
5968       6.66056e-07
5976       6.66402e-07
5984       6.77116e-07
5992       6.9467e-07
6000       6.97921e-07
6008       7.08501e-07
6016       7.28474e-07
6024       7.38116e-07
6032       7.18453e-07
6040       7.02086e-07
6048       7.08633e-07
6056       7.25609e-07
6064       7.47116e-07
6072       7.58542e-07
6080       7.38356e-07
6088       7.22913e-07
6096       7.12176e-07
6104       6.99988e-07
6112       7.17033e-07
6120       7.11742e-07
6128       6.83941e-07
6136       6.68027e-07
6144       6.70123e-07
6152       6.85519e-07
6160       6.74876e-07
6168       6.46763e-07
6176       6.33148e-07
6184       6.36355e-07
6192       6.58076e-07
6200       6.81928e-07
6208       7.06021e-07
6216       7.44878e-07
6224       7.40891e-07
6232       6.69496e-07
6240       6.21601e-07
6248       6.35811e-07
6256       6.62946e-07
6264       6.57898e-07
6272       6.33168e-07
6280       6.4253e-07
6288       6.74899e-07
6296       7.05363e-07
6304       7.20502e-07
6312       7.01733e-07
6320       6.7211e-07
6328       6.52107e-07
6336       6.42683e-07
6344       6.72136e-07
6352       7.16083e-07
6360       7.26285e-07
6368       7.02275e-07
6376       6.68308e-07
6384       6.48137e-07
6392       6.35137e-07
6400       6.49578e-07
6408       6.74599e-07
6416       6.90399e-07
6424       7.10814e-07
6432       7.44804e-07
6440       7.37969e-07
6448       6.80033e-07
6456       6.34058e-07
6464       6.42768e-07
6472       6.74239e-07
6480       6.67278e-07
6488       6.29551e-07
6496       6.00673e-07
6504       6.19076e-07
6512       6.55799e-07
6520       6.92226e-07
6528       6.99413e-07
6536       6.72565e-07
6544       6.3127e-07
6552       6.19179e-07
6560       6.29528e-07
6568       6.32083e-07
6576       6.04515e-07
6584       5.82278e-07
6592       5.94342e-07
6600       6.45593e-07
6608       6.94355e-07
6616       7.27319e-07
6624       7.16591e-07
6632       6.80271e-07
6640       6.74452e-07
6648       6.95631e-07
6656       7.0543e-07
6664       6.93484e-07
6672       6.79724e-07
6680       6.43952e-07
6688       6.35805e-07
6696       6.42461e-07
6704       6.35623e-07
6712       6.52518e-07
6720       6.71174e-07
6728       6.70802e-07
6736       6.50441e-07
6744       6.07607e-07
6752       6.01869e-07
6760       6.19964e-07
6768       6.40008e-07
6776       6.64073e-07
6784       6.59224e-07
6792       6.52447e-07
6800       6.6282e-07
6808       6.74942e-07
6816       6.69163e-07
6824       6.86873e-07
6832       6.97139e-07
6840       6.66057e-07
6848       6.41256e-07
6856       6.92284e-07
6864       7.42188e-07
6872       7.29066e-07
6880       6.89772e-07
6888       6.47279e-07
6896       6.60369e-07
6904       6.9365e-07
6912       7.0489e-07
6920       7.11625e-07
6928       6.89147e-07
6936       6.37859e-07
6944       6.13399e-07
6952       6.20098e-07
6960       6.35053e-07
6968       6.78748e-07
6976       7.21645e-07
6984       7.46465e-07
6992       7.63192e-07
7000       7.41409e-07
7008       7.04941e-07
7016       6.80468e-07
7024       6.94757e-07
7032       6.95342e-07
7040       6.778e-07 
7048       6.52819e-07
7056       6.31457e-07
7064       6.47059e-07
7072       6.95343e-07
7080       7.38995e-07
7088       7.72713e-07
7096       7.61475e-07
7104       7.03405e-07
7112       6.67989e-07
7120       6.66591e-07
7128       6.60327e-07
7136       6.51272e-07
7144       6.60686e-07
7152       6.80128e-07
7160       7.24827e-07
7168       7.65903e-07
7176       7.64129e-07
7184       7.28173e-07
7192       6.81165e-07
7200       6.59441e-07
7208       6.51435e-07
7216       6.52601e-07
7224       6.88006e-07
7232       7.37628e-07
7240       7.50312e-07
7248       7.40424e-07
7256       7.12461e-07
7264       6.93076e-07
7272       6.91882e-07
7280       7.13761e-07
7288       7.37852e-07
7296       7.41283e-07
7304       7.46306e-07
7312       7.62252e-07
7320       7.4408e-07
7328       6.84658e-07
7336       6.59382e-07
7344       6.45455e-07
7352       6.13181e-07
7360       6.22967e-07
7368       6.52112e-07
7376       6.79143e-07
7384       7.04375e-07
7392       6.95275e-07
7400       6.68863e-07
7408       6.56763e-07
7416       6.59597e-07
7424       6.82333e-07
7432       6.89785e-07
7440       6.86701e-07
7448       6.73395e-07
7456       6.4267e-07
7464       6.51779e-07
7472       6.81267e-07
7480       6.94185e-07
7488       7.13312e-07
7496       7.04714e-07
7504       6.79371e-07
7512       6.75038e-07
7520       6.59439e-07
7528       6.54303e-07
7536       6.45781e-07
7544       6.17679e-07
7552       6.1131e-07
7560       6.04439e-07
7568       6.19135e-07
7576       6.50106e-07
7584       6.52843e-07
7592       6.60492e-07
7600       7.1445e-07
7608       7.62141e-07
7616       7.60903e-07
7624       7.42136e-07
7632       7.18216e-07
7640       7.20535e-07
7648       7.30129e-07
7656       7.12725e-07
7664       6.85962e-07
7672       6.73396e-07
7680       6.75955e-07
7688       6.65394e-07
7696       6.55716e-07
7704       6.45221e-07
7712       6.55219e-07
7720       7.04158e-07
7728       7.37657e-07
7736       7.29561e-07
7744       7.02343e-07
7752       6.77206e-07
7760       6.7491e-07
7768       6.75013e-07
7776       6.70216e-07
7784       7.17746e-07
7792       7.53383e-07
7800       7.18317e-07
7808       6.72607e-07
7816       6.59806e-07
7824       6.8292e-07
7832       6.92892e-07
7840       6.73445e-07
7848       6.5974e-07
7856       6.70381e-07
7864       6.73883e-07
7872       6.79694e-07
7880       6.97996e-07
7888       7.13948e-07
7896       7.15208e-07
7904       6.86961e-07
7912       6.6119e-07
7920       6.50065e-07
7928       6.43187e-07
7936       6.35819e-07
7944       6.0988e-07
7952       6.09165e-07
7960       6.37901e-07
7968       6.47584e-07
7976       6.60614e-07
7984       6.77834e-07
7992       7.05877e-07
8000       7.12232e-07
8008       6.7086e-07
8016       6.57323e-07
8024       6.84101e-07
8032       6.91218e-07
8040       6.94012e-07
8048       6.89076e-07
8056       6.38371e-07
8064       6.09946e-07
8072       6.28596e-07
8080       6.52922e-07
8088       6.79336e-07
8096       7.21891e-07
8104       7.18107e-07
8112       6.92874e-07
8120       6.70517e-07
8128       6.41852e-07
8136       6.4277e-07
8144       6.49755e-07
8152       6.74397e-07
8160       7.09652e-07
8168       7.37927e-07
8176       7.34679e-07
8184       7.2273e-07
8192       7.25796e-07
8200       7.57702e-07
8208       7.55938e-07
8216       7.30521e-07
8224       7.11988e-07
8232       6.94915e-07
8240       6.75919e-07
8248       6.70895e-07
8256       6.89026e-07
8264       6.96001e-07
8272       6.92283e-07
8280       6.79095e-07
8288       6.6491e-07
8296       6.67261e-07
8304       6.70045e-07
8312       6.62259e-07
8320       6.3419e-07
8328       6.27885e-07
8336       6.42882e-07
8344       6.56014e-07
8352       6.39764e-07
8360       6.16845e-07
8368       6.18428e-07
8376       6.22817e-07
8384       6.59584e-07
8392       6.85251e-07
8400       6.90158e-07
8408       6.76595e-07
8416       6.57209e-07
8424       6.43551e-07
8432       6.22854e-07
8440       6.3651e-07
8448       6.7223e-07
8456       6.98135e-07
8464       7.29252e-07
8472       7.69353e-07
8480       7.73351e-07
8488       7.28704e-07
8496       6.82791e-07
8504       6.44951e-07
8512       6.08319e-07
8520       6.25886e-07
8528       6.45576e-07
8536       6.6718e-07
8544       6.81537e-07
8552       6.51944e-07
8560       6.18533e-07
8568       6.29852e-07
8576       6.65237e-07
8584       6.82516e-07
8592       6.8811e-07
8600       6.93431e-07
8608       6.76456e-07
8616       6.57425e-07
8624       6.25966e-07
8632       6.37484e-07
8640       6.85679e-07
8648       7.2401e-07
8656       7.254e-07 
8664       7.01037e-07
8672       6.91529e-07
8680       6.49086e-07
8688       5.96493e-07
8696       5.75668e-07
8704       6.03417e-07
8712       6.40621e-07
8720       6.68469e-07
8728       6.97845e-07
8736       7.20456e-07
8744       7.26531e-07
8752       7.00785e-07
8760       6.47279e-07
8768       6.28386e-07
8776       6.76966e-07
8784       7.30713e-07
8792       7.46692e-07
8800       7.26994e-07
8808       7.05285e-07
8816       6.8246e-07
8824       6.23212e-07
8832       5.85177e-07
8840       5.53588e-07
8848       5.37534e-07
8856       5.93488e-07
8864       6.39854e-07
8872       6.69904e-07
8880       6.94922e-07
8888       6.79033e-07
8896       6.30649e-07
8904       6.06556e-07
8912       5.98743e-07
8920       5.99345e-07
8928       6.08928e-07
8936       6.42595e-07
8944       6.72912e-07
8952       6.80941e-07
8960       6.6868e-07
8968       6.34071e-07
8976       5.9886e-07
8984       6.27886e-07
8992       6.77065e-07
9000       6.78316e-07
9008       6.73445e-07
9016       6.4027e-07
9024       6.069e-07 
9032       5.98896e-07
9040       6.21018e-07
9048       6.40818e-07
9056       6.82606e-07
9064       7.27256e-07
9072       7.05129e-07
9080       6.62453e-07
9088       6.59755e-07
9096       6.66519e-07
9104       6.59551e-07
9112       6.56998e-07
9120       7.15612e-07
9128       7.63352e-07
9136       7.6075e-07
9144       7.54893e-07
9152       7.3866e-07
9160       6.79488e-07
9168       6.32609e-07
9176       6.42324e-07
9184       6.70363e-07
9192       6.77971e-07
9200       6.9667e-07
9208       6.9558e-07
9216       7.09865e-07
9224       7.46055e-07
9232       7.48432e-07
9240       7.16941e-07
9248       6.65771e-07
9256       6.4792e-07
9264       6.32637e-07
9272       6.10486e-07
9280       5.92445e-07
9288       6.00639e-07
9296       6.48349e-07
9304       6.84014e-07
9312       6.81787e-07
9320       7.02935e-07
9328       7.40207e-07
9336       7.49063e-07
9344       7.20576e-07
9352       6.6716e-07
9360       6.27066e-07
9368       6.29985e-07
9376       6.37015e-07
9384       6.71288e-07
9392       7.08065e-07
9400       7.29802e-07
9408       7.34221e-07
9416       7.2781e-07
9424       7.26762e-07
9432       7.28642e-07
9440       6.9918e-07
9448       6.41042e-07
9456       5.95101e-07
9464       5.8547e-07
9472       6.1252e-07
9480       6.36583e-07
9488       6.28478e-07
9496       6.52403e-07
9504       6.734e-07 
9512       6.72851e-07
9520       6.8005e-07
9528       7.18979e-07
9536       7.43999e-07
9544       7.38905e-07
9552       7.16294e-07
9560       7.23723e-07
9568       7.45144e-07
9576       7.48532e-07
9584       7.58276e-07
9592       7.31893e-07
9600       7.05431e-07
9608       7.33423e-07
9616       7.50961e-07
9624       7.50622e-07
9632       7.53317e-07
9640       7.55391e-07
9648       7.80759e-07
9656       7.73953e-07
9664       7.17839e-07
9672       6.61941e-07
9680       6.43132e-07
9688       6.41783e-07
9696       6.28337e-07
9704       6.33111e-07
9712       6.21633e-07
9720       6.0905e-07
9728       6.22947e-07
9736       6.06086e-07
9744       5.97647e-07
9752       6.15445e-07
9760       6.26191e-07
9768       6.42463e-07
9776       6.82919e-07
9784       7.17257e-07
9792       7.19926e-07
9800       7.20222e-07
9808       7.3765e-07
9816       7.44807e-07
9824       7.19259e-07
9832       6.63985e-07
9840       5.99633e-07
9848       5.65055e-07
9856       5.66447e-07
9864       5.97301e-07
9872       6.66425e-07
9880       7.18399e-07
9888       7.02747e-07
9896       6.51255e-07
9904       6.08438e-07
9912       6.26997e-07
9920       6.53595e-07
9928       6.45103e-07
9936       6.16931e-07
9944       6.21648e-07
9952       6.64136e-07
9960       6.92573e-07
9968       7.05809e-07
9976       7.31426e-07
9984       7.19167e-07
9992       6.88525e-07
10000      6.74309e-07
10008      6.76204e-07
10016      7.11168e-07
10024      7.40791e-07
10032      7.38738e-07
10040      7.43138e-07
10048      7.25806e-07
10056      7.00499e-07
10064      7.07636e-07
10072      7.08705e-07
10080      7.26717e-07
10088      7.32952e-07
10096      6.91262e-07
10104      6.40073e-07
10112      6.20284e-07
10120      6.63131e-07
10128      7.11526e-07
10136      7.22963e-07
10144      7.14583e-07
10152      7.02224e-07
10160      7.11108e-07
10168      6.96189e-07
10176      6.74021e-07
10184      6.59115e-07
10192      6.53681e-07
10200      6.48623e-07
10208      6.16882e-07
10216      6.11872e-07
10224      6.24141e-07
10232      6.44127e-07
10240      6.62088e-07
10248      6.77641e-07
10256      6.76421e-07
10264      6.4647e-07
10272      6.00056e-07
10280      5.87645e-07
10288      5.91805e-07
10296      6.22888e-07
10304      6.7578e-07
10312      7.22957e-07
10320      7.3758e-07
10328      7.38784e-07
10336      7.37251e-07
10344      7.21922e-07
10352      6.68806e-07
10360      6.391e-07 
10368      6.53409e-07
10376      6.53241e-07
10384      6.50516e-07
10392      6.54682e-07
10400      6.65617e-07
10408      6.79914e-07
10416      6.8457e-07
10424      6.79737e-07
10432      6.94889e-07
10440      6.96915e-07
10448      6.82032e-07
10456      6.50155e-07
10464      6.62297e-07
10472      6.63152e-07
10480      6.33787e-07
10488      6.1406e-07
10496      6.22922e-07
10504      6.49078e-07
10512      6.86512e-07
10520      7.06174e-07
10528      7.05667e-07
10536      6.88419e-07
10544      6.71648e-07
10552      6.61236e-07
10560      6.47381e-07
10568      6.39214e-07
10576      6.35281e-07
10584      6.45235e-07
10592      6.58961e-07
10600      6.73119e-07
10608      6.56975e-07
10616      6.58341e-07
10624      6.8769e-07
10632      7.09261e-07
10640      6.82145e-07
10648      6.73745e-07
10656      6.82454e-07
10664      6.78029e-07
10672      6.94377e-07
10680      6.94803e-07
10688      6.71502e-07
10696      6.42893e-07
10704      6.14457e-07
10712      5.92121e-07
10720      5.96057e-07
10728      6.34331e-07
10736      6.53146e-07
10744      6.84519e-07
10752      7.12876e-07
10760      7.07072e-07
10768      6.92764e-07
10776      6.88546e-07
10784      6.77074e-07
10792      6.57419e-07
10800      6.65172e-07
10808      6.7186e-07
10816      6.81154e-07
10824      7.03167e-07
10832      7.09304e-07
10840      6.86486e-07
10848      6.73865e-07
10856      6.67371e-07
10864      6.57368e-07
10872      6.44065e-07
10880      6.74966e-07
10888      7.62821e-07
10896      8.0798e-07
10904      7.80821e-07
10912      7.42623e-07
10920      6.85127e-07
10928      6.30667e-07
10936      6.14962e-07
10944      6.48265e-07
10952      6.9087e-07
10960      7.05634e-07
10968      7.02223e-07
10976      7.04805e-07
10984      7.03135e-07
10992      6.95149e-07
11000      6.85372e-07
11008      7.22068e-07
11016      7.71227e-07
11024      7.75781e-07
11032      7.80594e-07
11040      7.91166e-07
11048      7.88122e-07
11056      7.47587e-07
11064      6.96023e-07
11072      6.61895e-07
11080      6.30646e-07
11088      6.13913e-07
11096      6.11056e-07
11104      6.29477e-07
11112      6.59717e-07
11120      6.57663e-07
11128      6.70567e-07
11136      6.79217e-07
11144      6.76554e-07
11152      6.45196e-07
11160      6.40707e-07
11168      6.42851e-07
11176      6.57841e-07
11184      6.77734e-07
11192      6.68327e-07
11200      6.62679e-07
11208      6.70486e-07
11216      6.81925e-07
11224      7.03616e-07
11232      7.28675e-07
11240      7.24001e-07
11248      6.82075e-07
11256      6.40825e-07
11264      6.2582e-07
11272      6.56246e-07
11280      6.56059e-07
11288      6.30664e-07
11296      6.30611e-07
11304      6.27456e-07
11312      5.94803e-07
11320      5.97267e-07
11328      6.3123e-07
11336      6.65275e-07
11344      7.06517e-07
11352      7.26852e-07
11360      7.29117e-07
11368      7.23935e-07
11376      7.0318e-07
11384      6.6572e-07
11392      6.31978e-07
11400      6.74327e-07
11408      7.1462e-07
11416      7.45049e-07
11424      7.69267e-07
11432      7.47729e-07
11440      7.17399e-07
11448      6.79934e-07
11456      6.46487e-07
11464      6.4297e-07
11472      6.62337e-07
11480      7.04303e-07
11488      7.47584e-07
11496      7.32481e-07
11504      6.92869e-07
11512      6.52757e-07
11520      6.49276e-07
11528      6.55951e-07
11536      6.4961e-07
11544      6.38844e-07
11552      6.39711e-07
11560      6.67684e-07
11568      6.69646e-07
11576      6.5094e-07
11584      6.55503e-07
11592      6.84972e-07
11600      7.12345e-07
11608      7.3206e-07
11616      7.08114e-07
11624      6.87672e-07
11632      7.13846e-07
11640      7.3223e-07
11648      7.12303e-07
11656      7.04535e-07
11664      7.02932e-07
11672      7.25733e-07
11680      7.29072e-07
11688      7.04199e-07
11696      6.80366e-07
11704      6.58213e-07
11712      6.46313e-07
11720      6.33001e-07
11728      6.46893e-07
11736      6.90565e-07
11744      7.09286e-07
11752      7.08238e-07
11760      6.71535e-07
11768      6.38494e-07
11776      6.59725e-07
11784      6.75855e-07
11792      6.63945e-07
11800      6.47637e-07
11808      6.14691e-07
11816      5.96337e-07
11824      6.28588e-07
11832      6.60624e-07
11840      6.62362e-07
11848      6.7655e-07
11856      6.87559e-07
11864      6.92252e-07
11872      6.80443e-07
11880      6.37089e-07
11888      6.1574e-07
11896      6.05567e-07
11904      5.96766e-07
11912      5.95971e-07
11920      6.26817e-07
11928      6.65133e-07
11936      6.75178e-07
11944      6.78769e-07
11952      6.69873e-07
11960      6.45524e-07
11968      6.22994e-07
11976      6.51878e-07
11984      6.8926e-07
11992      7.10995e-07
12000      6.78415e-07
12008      6.38003e-07
12016      6.3824e-07
12024      6.42751e-07
12032      6.31607e-07
12040      6.43158e-07
12048      6.6964e-07
12056      6.64306e-07
12064      6.62311e-07
12072      6.56059e-07
12080      6.60301e-07
12088      6.68115e-07
12096      6.74534e-07
12104      6.92468e-07
12112      6.99274e-07
12120      6.79216e-07
12128      6.65159e-07
12136      6.74599e-07
12144      6.68054e-07
12152      6.4716e-07
12160      6.49612e-07
12168      6.63341e-07
12176      6.61232e-07
12184      6.55709e-07
12192      6.58617e-07
12200      6.58803e-07
12208      6.40533e-07
12216      6.24331e-07
12224      6.28353e-07
12232      6.50728e-07
12240      7.16436e-07
12248      7.42015e-07
12256      7.4723e-07
12264      7.21793e-07
12272      6.92474e-07
12280      6.69948e-07
12288      6.4027e-07
12296      6.12822e-07
12304      5.85888e-07
12312      6.11752e-07
12320      6.78224e-07
12328      7.10221e-07
12336      7.06172e-07
12344      6.72421e-07
12352      6.34818e-07
12360      6.43743e-07
12368      6.71388e-07
12376      7.04054e-07
12384      7.21153e-07
12392      7.04467e-07
12400      6.65979e-07
12408      6.25597e-07
12416      6.14663e-07
12424      6.72413e-07
12432      7.15772e-07
12440      7.09041e-07
12448      6.91592e-07
12456      6.94031e-07
12464      6.80976e-07
12472      6.79116e-07
12480      6.97474e-07
12488      7.14554e-07
12496      7.28531e-07
12504      7.27927e-07
12512      7.26196e-07
12520      7.02354e-07
12528      6.80255e-07
12536      6.6302e-07
12544      6.61115e-07
12552      6.69638e-07
12560      6.48661e-07
12568      6.48154e-07
12576      6.78943e-07
12584      6.79282e-07
12592      6.83805e-07
12600      7.11355e-07
12608      7.31201e-07
12616      6.71228e-07
12624      5.6635e-07
12632      5.23648e-07
12640      5.78468e-07
12648      6.53402e-07
12656      7.12886e-07
12664      7.09746e-07
12672      6.76343e-07
12680      6.51988e-07
12688      6.52796e-07
12696      6.68736e-07
12704      6.59589e-07
12712      6.36406e-07
12720      6.13811e-07
12728      6.18154e-07
12736      6.27209e-07
12744      6.65617e-07
12752      6.82776e-07
12760      6.74381e-07
12768      6.42732e-07
12776      6.62575e-07
12784      7.1417e-07
12792      7.23778e-07
12800      7.28606e-07
