# Freq.    Mag.
0          2.08261e-05
1          2.12445e-05
2          2.00301e-05
3          1.88311e-05
4          1.89076e-05
5          1.83452e-05
6          1.79038e-05
7          1.79272e-05
8          1.73068e-05
9          1.67173e-05
10         1.66771e-05
11         1.585e-05 
12         1.54826e-05
13         1.67901e-05
14         1.76233e-05
15         1.7302e-05
16         1.75289e-05
17         1.72598e-05
18         1.63185e-05
19         1.61333e-05
20         1.6397e-05
21         1.65145e-05
22         1.60909e-05
23         1.57704e-05
24         1.62037e-05
25         1.58945e-05
26         1.48454e-05
27         1.36929e-05
28         1.27613e-05
29         1.29569e-05
30         1.37674e-05
31         1.47643e-05
32         1.54187e-05
33         1.53671e-05
34         1.52098e-05
35         1.42479e-05
36         1.39006e-05
37         1.87467e-05
38         2.96114e-05
39         3.31732e-05
40         3.3584e-05
41         2.91301e-05
42         1.75301e-05
43         1.3123e-05
44         1.2296e-05
45         1.17509e-05
46         1.15097e-05
47         1.10174e-05
48         1.04367e-05
49         1.02778e-05
50         1.02307e-05
51         1.04279e-05
52         1.10417e-05
53         1.09534e-05
54         1.0879e-05
55         1.10205e-05
56         1.0729e-05
57         1.00682e-05
58         1.02289e-05
59         1.08185e-05
60         1.04396e-05
61         9.75652e-06
62         8.90727e-06
63         8.23259e-06
64         8.496e-06 
65         8.85231e-06
66         8.59382e-06
67         8.13946e-06
68         7.52829e-06
69         6.94921e-06
70         6.74003e-06
71         7.44087e-06
72         8.12218e-06
73         8.48908e-06
74         8.63999e-06
75         8.13947e-06
76         7.84837e-06
77         7.43848e-06
78         6.83154e-06
79         6.61312e-06
80         6.68144e-06
81         6.96738e-06
82         7.28861e-06
83         7.2357e-06
84         7.02425e-06
85         6.50065e-06
86         5.94817e-06
87         6.2147e-06
88         6.94113e-06
89         7.33145e-06
90         7.11364e-06
91         6.96161e-06
92         6.87873e-06
93         6.9085e-06
94         7.0988e-06
95         7.17138e-06
96         7.13021e-06
97         6.81737e-06
98         6.4576e-06
99         6.37531e-06
100        6.15449e-06
101        6.2237e-06
102        6.61194e-06
103        6.87181e-06
104        6.86829e-06
105        6.53701e-06
106        6.24021e-06
107        5.92487e-06
108        5.60614e-06
109        5.23724e-06
110        5.08885e-06
111        5.1628e-06
112        5.22894e-06
113        5.35031e-06
114        5.2961e-06
115        5.26316e-06
116        7.07887e-06
117        1.01069e-05
118        1.08584e-05
119        1.09947e-05
120        9.20264e-06
121        6.02795e-06
122        5.18204e-06
123        5.14974e-06
124        5.11963e-06
125        4.9772e-06
126        4.71498e-06
127        4.6762e-06
128        4.7446e-06
129        4.7637e-06
130        4.75883e-06
131        4.72292e-06
132        4.79905e-06
133        4.93015e-06
134        4.83221e-06
135        4.67694e-06
136        4.46935e-06
137        4.2742e-06
138        4.18056e-06
139        4.27438e-06
140        4.53229e-06
141        4.70196e-06
142        4.74802e-06
143        4.65231e-06
144        4.40313e-06
145        4.29382e-06
146        4.35448e-06
147        4.24052e-06
148        4.14209e-06
149        4.08825e-06
150        4.10564e-06
151        4.46212e-06
152        4.68574e-06
153        4.57778e-06
154        4.28109e-06
155        4.02273e-06
156        4.07457e-06
157        4.07834e-06
158        4.01661e-06
159        3.99144e-06
160        3.94466e-06
161        3.91686e-06
162        3.90125e-06
163        3.80685e-06
164        3.90759e-06
165        3.96737e-06
166        3.89371e-06
167        3.93422e-06
168        3.95042e-06
169        3.8393e-06
170        3.79849e-06
171        3.62546e-06
172        3.36441e-06
173        3.18009e-06
174        3.17209e-06
175        3.22102e-06
176        3.21565e-06
177        3.44459e-06
178        3.80045e-06
179        3.91432e-06
180        3.94601e-06
181        3.87103e-06
182        3.7154e-06
183        3.60886e-06
184        3.5202e-06
185        3.40877e-06
186        3.27642e-06
187        3.31896e-06
188        3.35896e-06
189        3.34727e-06
190        3.3518e-06
191        3.34735e-06
192        3.35554e-06
193        3.15365e-06
194        2.98943e-06
195        4.18086e-06
196        5.74132e-06
197        6.04079e-06
198        5.93123e-06
199        4.78066e-06
200        3.38102e-06
201        3.1532e-06
202        3.20663e-06
203        3.2911e-06
204        3.39945e-06
205        3.43799e-06
206        3.33646e-06
207        3.22354e-06
208        3.12159e-06
209        3.10127e-06
210        3.14538e-06
211        3.10615e-06
212        2.96947e-06
213        2.91142e-06
214        3.07661e-06
215        3.1871e-06
216        3.12352e-06
217        2.83567e-06
218        2.64062e-06
219        2.87124e-06
220        3.09507e-06
221        3.11543e-06
222        3.16688e-06
223        3.19993e-06
224        3.17542e-06
225        3.21215e-06
226        3.17784e-06
227        3.21174e-06
228        3.20928e-06
229        3.06814e-06
230        2.85464e-06
231        2.70157e-06
232        2.71748e-06
233        2.74629e-06
234        2.70166e-06
235        2.67994e-06
236        2.52837e-06
237        2.43586e-06
238        2.62485e-06
239        2.97246e-06
240        3.10858e-06
241        3.02431e-06
242        2.82311e-06
243        2.70595e-06
244        2.76818e-06
245        2.84818e-06
246        2.84452e-06
247        2.7966e-06
248        2.6846e-06
249        2.54823e-06
250        2.39869e-06
251        2.43523e-06
252        2.69246e-06
253        2.84714e-06
254        2.84733e-06
255        2.81253e-06
256        2.62562e-06
257        2.50929e-06
258        2.50204e-06
259        2.62128e-06
260        2.63532e-06
261        2.45765e-06
262        2.41836e-06
263        2.49286e-06
264        2.59887e-06
265        2.69941e-06
266        2.70587e-06
267        2.67782e-06
268        2.61059e-06
269        2.52349e-06
270        2.51285e-06
271        2.53098e-06
272        2.51692e-06
273        2.64538e-06
274        3.60398e-06
275        4.39588e-06
276        4.44829e-06
277        4.328e-06 
278        3.27112e-06
279        2.46858e-06
280        2.46222e-06
281        2.51924e-06
282        2.58878e-06
283        2.65397e-06
284        2.63107e-06
285        2.55441e-06
286        2.45398e-06
287        2.31227e-06
288        2.39391e-06
289        2.46647e-06
290        2.40957e-06
291        2.37223e-06
292        2.34845e-06
293        2.32496e-06
294        2.3673e-06
295        2.48551e-06
296        2.56338e-06
297        2.62854e-06
298        2.81395e-06
299        3.06418e-06
300        3.03998e-06
301        3.01596e-06
302        2.71885e-06
303        2.33917e-06
304        2.23852e-06
305        2.21991e-06
306        2.16049e-06
307        1.95681e-06
308        1.87855e-06
309        1.9634e-06
310        2.1462e-06
311        2.31826e-06
312        2.28881e-06
313        2.27909e-06
314        2.35311e-06
315        2.39686e-06
316        2.40736e-06
317        2.42188e-06
318        2.28196e-06
319        2.07017e-06
320        2.03903e-06
321        2.15047e-06
322        2.23308e-06
323        2.21149e-06
324        2.12747e-06
325        2.06601e-06
326        2.08969e-06
327        2.07061e-06
328        1.99714e-06
329        1.94981e-06
330        2.01993e-06
331        2.24816e-06
332        2.41308e-06
333        2.37515e-06
334        2.25279e-06
335        2.17071e-06
336        2.14619e-06
337        2.05075e-06
338        2.01322e-06
339        2.01348e-06
340        1.96637e-06
341        1.96634e-06
342        1.89571e-06
343        1.81906e-06
344        1.89178e-06
345        1.98827e-06
346        2.00403e-06
347        2.02146e-06
348        2.02536e-06
349        2.01482e-06
350        2.00397e-06
351        2.02738e-06
352        2.34308e-06
353        3.39723e-06
354        4.04544e-06
355        4.06314e-06
356        3.73021e-06
357        2.50828e-06
358        2.00121e-06
359        2.34024e-06
360        2.49533e-06
361        2.52331e-06
362        2.32348e-06
363        2.02339e-06
364        1.91564e-06
365        1.89008e-06
366        1.85518e-06
367        1.777e-06 
368        1.7468e-06
369        1.79093e-06
370        1.82352e-06
371        1.81942e-06
372        1.88978e-06
373        2.0188e-06
374        2.06672e-06
375        2.02286e-06
376        1.97976e-06
377        1.88006e-06
378        1.87788e-06
379        1.8577e-06
380        1.89017e-06
381        1.9562e-06
382        1.91491e-06
383        1.88603e-06
384        1.88844e-06
385        1.8925e-06
386        1.91728e-06
387        1.95477e-06
388        1.92239e-06
389        1.88725e-06
390        1.89224e-06
391        1.90746e-06
392        1.87469e-06
393        1.88218e-06
394        1.97955e-06
395        2.05637e-06
396        2.07092e-06
397        2.02101e-06
398        1.99003e-06
399        1.92748e-06
400        1.77765e-06
401        1.6963e-06
402        1.70669e-06
403        1.71366e-06
404        1.64418e-06
405        1.56232e-06
406        1.49707e-06
407        1.43516e-06
408        1.5311e-06
409        1.68305e-06
410        1.77911e-06
411        1.80747e-06
412        1.77446e-06
413        1.74836e-06
414        1.74631e-06
415        1.75921e-06
416        1.74932e-06
417        1.72793e-06
418        1.74758e-06
419        1.84525e-06
420        1.92956e-06
421        1.95311e-06
422        1.83112e-06
423        1.71219e-06
424        1.72784e-06
425        1.73676e-06
426        1.74144e-06
427        1.74738e-06
428        1.6857e-06
429        1.66634e-06
430        1.7485e-06
431        2.07969e-06
432        2.85746e-06
433        3.13832e-06
434        3.12864e-06
435        2.91795e-06
436        2.22777e-06
437        1.958e-06 
438        1.81016e-06
439        1.62788e-06
440        1.59596e-06
441        1.73194e-06
442        1.90756e-06
443        2.00029e-06
444        1.96825e-06
445        1.88876e-06
446        1.77145e-06
447        1.71272e-06
448        1.61688e-06
449        1.56486e-06
450        1.58655e-06
451        1.62483e-06
452        1.68473e-06
453        1.67118e-06
454        1.63188e-06
455        1.64452e-06
456        1.76721e-06
457        1.93977e-06
458        2.05594e-06
459        2.01903e-06
460        1.85226e-06
461        1.72048e-06
462        1.6111e-06
463        1.56169e-06
464        1.57138e-06
465        1.5528e-06
466        1.55572e-06
467        1.55738e-06
468        1.60517e-06
469        1.61231e-06
470        1.66636e-06
471        1.8329e-06
472        1.94373e-06
473        1.87109e-06
474        1.67489e-06
475        1.56136e-06
476        1.59607e-06
477        1.70129e-06
478        1.88333e-06
479        2.07877e-06
480        2.01554e-06
481        1.8517e-06
482        1.70071e-06
483        1.64846e-06
484        1.66941e-06
485        1.6384e-06
486        1.58946e-06
487        1.5699e-06
488        1.55073e-06
489        1.53151e-06
490        1.50935e-06
491        1.51535e-06
492        1.53075e-06
493        1.57719e-06
494        1.59623e-06
495        1.60656e-06
496        1.61255e-06
497        1.61587e-06
498        1.59796e-06
499        1.66259e-06
500        1.6863e-06
501        1.60853e-06
502        1.6e-06   
503        1.65785e-06
504        1.68636e-06
505        1.65624e-06
506        1.61801e-06
507        1.60621e-06
508        1.62117e-06
509        1.65871e-06
510        1.9931e-06
511        2.63494e-06
512        2.80863e-06
513        2.76936e-06
514        2.47076e-06
515        1.93242e-06
516        1.74465e-06
517        1.58653e-06
518        1.48476e-06
519        1.46476e-06
520        1.46806e-06
521        1.55736e-06
522        1.62531e-06
523        1.60672e-06
524        1.61666e-06
525        1.54881e-06
526        1.68231e-06
527        2.08006e-06
528        2.21416e-06
529        2.27595e-06
530        1.97741e-06
531        1.57686e-06
532        1.45334e-06
533        1.45252e-06
534        1.5364e-06
535        1.62886e-06
536        1.68648e-06
537        1.68762e-06
538        1.6472e-06
539        1.63439e-06
540        1.56584e-06
541        1.60898e-06
542        1.6237e-06
543        1.55567e-06
544        1.58831e-06
545        1.61771e-06
546        1.6516e-06
547        1.55467e-06
548        1.40912e-06
549        1.32656e-06
550        1.37609e-06
551        1.53716e-06
552        1.56688e-06
553        1.50868e-06
554        1.42119e-06
555        1.431e-06 
556        1.52988e-06
557        1.59769e-06
558        1.61324e-06
559        1.6158e-06
560        1.66556e-06
561        1.68406e-06
562        1.7067e-06
563        1.66426e-06
564        1.57086e-06
565        1.56203e-06
566        1.57345e-06
567        1.54054e-06
568        1.49468e-06
569        1.49378e-06
570        1.47925e-06
571        1.43222e-06
572        1.36925e-06
573        1.39188e-06
574        1.47998e-06
575        1.49224e-06
576        1.44682e-06
577        1.43099e-06
578        1.39143e-06
579        1.43923e-06
580        1.53877e-06
581        1.51927e-06
582        1.43491e-06
583        1.41204e-06
584        1.41074e-06
585        1.37752e-06
586        1.28466e-06
587        1.25936e-06
588        1.3112e-06
589        1.54825e-06
590        1.95675e-06
591        2.06667e-06
592        2.09484e-06
593        1.89915e-06
594        1.52425e-06
595        1.39147e-06
596        1.41136e-06
597        1.42914e-06
598        1.40213e-06
599        1.43665e-06
600        1.50366e-06
601        1.51687e-06
602        1.48356e-06
603        1.45054e-06
604        1.41949e-06
605        1.43218e-06
606        1.44121e-06
607        1.42e-06  
608        1.39602e-06
609        1.34233e-06
610        1.38738e-06
611        1.49059e-06
612        1.55908e-06
613        1.50659e-06
614        1.40748e-06
615        1.4128e-06
616        1.40286e-06
617        1.38107e-06
618        1.34602e-06
619        1.26901e-06
620        1.21699e-06
621        1.23821e-06
622        1.29518e-06
623        1.3452e-06
624        1.35551e-06
625        1.36399e-06
626        1.39817e-06
627        1.41905e-06
628        1.43839e-06
629        1.49211e-06
630        1.48026e-06
631        1.43037e-06
632        1.39843e-06
633        1.34936e-06
634        1.2563e-06
635        1.18662e-06
636        1.19938e-06
637        1.29106e-06
638        1.34721e-06
639        1.38928e-06
640        1.37637e-06
641        1.28988e-06
642        1.24176e-06
643        1.25063e-06
644        1.36406e-06
645        1.45183e-06
646        1.45911e-06
647        1.43041e-06
648        1.36568e-06
649        1.27861e-06
650        1.24755e-06
651        1.32839e-06
652        1.41027e-06
653        1.44707e-06
654        1.4724e-06
655        1.46704e-06
656        1.4935e-06
657        1.49046e-06
658        1.47896e-06
659        1.47844e-06
660        1.47913e-06
661        1.46679e-06
662        1.37373e-06
663        1.23697e-06
664        1.195e-06 
665        1.26226e-06
666        1.28146e-06
667        1.26046e-06
668        1.39064e-06
669        1.74376e-06
670        1.89487e-06
671        1.91573e-06
672        1.64449e-06
673        1.41017e-06
674        1.45797e-06
675        1.46834e-06
676        1.42512e-06
677        1.40316e-06
678        1.36568e-06
679        1.3903e-06
680        1.48213e-06
681        1.53538e-06
682        1.56615e-06
683        1.62706e-06
684        1.62277e-06
685        1.57388e-06
686        1.50778e-06
687        1.41266e-06
688        1.35918e-06
689        1.39735e-06
690        1.44546e-06
691        1.43265e-06
692        1.4185e-06
693        1.40162e-06
694        1.35941e-06
695        1.3007e-06
696        1.28918e-06
697        1.31766e-06
698        1.31487e-06
699        1.28697e-06
700        1.31167e-06
701        1.29391e-06
702        1.31773e-06
703        1.36421e-06
704        1.33335e-06
705        1.28317e-06
706        1.24556e-06
707        1.2657e-06
708        1.32545e-06
709        1.32559e-06
710        1.27885e-06
711        1.27087e-06
712        1.29609e-06
713        1.30195e-06
714        1.26132e-06
715        1.20148e-06
716        1.17668e-06
717        1.22591e-06
718        1.29431e-06
719        1.31445e-06
720        1.37179e-06
721        1.46064e-06
722        1.51309e-06
723        1.49252e-06
724        1.42054e-06
725        1.33011e-06
726        1.24397e-06
727        1.24292e-06
728        1.28244e-06
729        1.26152e-06
730        1.25322e-06
731        1.26168e-06
732        1.27417e-06
733        1.29242e-06
734        1.27438e-06
735        1.25683e-06
736        1.2897e-06
737        1.33931e-06
738        1.36822e-06
739        1.35794e-06
740        1.33242e-06
741        1.30586e-06
742        1.2678e-06
743        1.28165e-06
744        1.29627e-06
745        1.32055e-06
746        1.36231e-06
747        1.50375e-06
748        1.64522e-06
749        1.66145e-06
750        1.69217e-06
751        1.56518e-06
752        1.42858e-06
753        1.39218e-06
754        1.32491e-06
755        1.28474e-06
756        1.26602e-06
757        1.27223e-06
758        1.33117e-06
759        1.3713e-06
760        1.39169e-06
761        1.42166e-06
762        1.42305e-06
763        1.39438e-06
764        1.38926e-06
765        1.42029e-06
766        1.40371e-06
767        1.32037e-06
768        1.22413e-06
769        1.2032e-06
770        1.24806e-06
771        1.28623e-06
772        1.3466e-06
773        1.37158e-06
774        1.34527e-06
775        1.31176e-06
776        1.26868e-06
777        1.26527e-06
778        1.3147e-06
779        1.38524e-06
780        1.42575e-06
781        1.37146e-06
782        1.25541e-06
783        1.14163e-06
784        1.15454e-06
785        1.21238e-06
786        1.27772e-06
787        1.36676e-06
788        1.4108e-06
789        1.44149e-06
790        1.42348e-06
791        1.34514e-06
792        1.2728e-06
793        1.31535e-06
794        1.40896e-06
795        1.46245e-06
796        1.51435e-06
797        1.53355e-06
798        1.52274e-06
799        1.4895e-06
800        1.45515e-06
801        1.40065e-06
802        1.33694e-06
803        1.25823e-06
804        1.18041e-06
805        1.15415e-06
806        1.17608e-06
807        1.22467e-06
808        1.32768e-06
809        1.38913e-06
810        1.37593e-06
811        1.32722e-06
812        1.22377e-06
813        1.16011e-06
814        1.16619e-06
815        1.22709e-06
816        1.29232e-06
817        1.31462e-06
818        1.30472e-06
819        1.21793e-06
820        1.2071e-06
821        1.226e-06 
822        1.20734e-06
823        1.24593e-06
824        1.28279e-06
825        1.31543e-06
826        1.47083e-06
827        1.57067e-06
828        1.54225e-06
829        1.46765e-06
830        1.31285e-06
831        1.27796e-06
832        1.2891e-06
833        1.34907e-06
834        1.38066e-06
835        1.37451e-06
836        1.32211e-06
837        1.27146e-06
838        1.23553e-06
839        1.23262e-06
840        1.29431e-06
841        1.35762e-06
842        1.3427e-06
843        1.32291e-06
844        1.29872e-06
845        1.20827e-06
846        1.11794e-06
847        1.08611e-06
848        1.08472e-06
849        1.07965e-06
850        1.1296e-06
851        1.19377e-06
852        1.24531e-06
853        1.25171e-06
854        1.28598e-06
855        1.35699e-06
856        1.36102e-06
857        1.36351e-06
858        1.31721e-06
859        1.2611e-06
860        1.22275e-06
861        1.18875e-06
862        1.23119e-06
863        1.31499e-06
864        1.35704e-06
865        1.39118e-06
866        1.41772e-06
867        1.32784e-06
868        1.20681e-06
869        1.11526e-06
870        1.11097e-06
871        1.16421e-06
872        1.21127e-06
873        1.23711e-06
874        1.20001e-06
875        1.19502e-06
876        1.21382e-06
877        1.20499e-06
878        1.20503e-06
879        1.22458e-06
880        1.22395e-06
881        1.22309e-06
882        1.22009e-06
883        1.25243e-06
884        1.23833e-06
885        1.20853e-06
886        1.19506e-06
887        1.1954e-06
888        1.18456e-06
889        1.21633e-06
890        1.29648e-06
891        1.29436e-06
892        1.28761e-06
893        1.33753e-06
894        1.3658e-06
895        1.33148e-06
896        1.29635e-06
897        1.3224e-06
898        1.38512e-06
899        1.3544e-06
900        1.28994e-06
901        1.22578e-06
902        1.15671e-06
903        1.22641e-06
904        1.43196e-06
905        1.61674e-06
906        1.63149e-06
907        1.53028e-06
908        1.4235e-06
909        1.35496e-06
910        1.31198e-06
911        1.28992e-06
912        1.28793e-06
913        1.24721e-06
914        1.21133e-06
915        1.24231e-06
916        1.26639e-06
917        1.28219e-06
918        1.25051e-06
919        1.19267e-06
920        1.17362e-06
921        1.19251e-06
922        1.23889e-06
923        1.28545e-06
924        1.28794e-06
925        1.2167e-06
926        1.21637e-06
927        1.22628e-06
928        1.23005e-06
929        1.23506e-06
930        1.16775e-06
931        1.11904e-06
932        1.1484e-06
933        1.17399e-06
934        1.20138e-06
935        1.19415e-06
936        1.17493e-06
937        1.17152e-06
938        1.18501e-06
939        1.25482e-06
940        1.29574e-06
941        1.28125e-06
942        1.24631e-06
943        1.22502e-06
944        1.30814e-06
945        1.42719e-06
946        1.48588e-06
947        1.4457e-06
948        1.30704e-06
949        1.19107e-06
950        1.18207e-06
951        1.16013e-06
952        1.12346e-06
953        1.1289e-06
954        1.13982e-06
955        1.11925e-06
956        1.13949e-06
957        1.18943e-06
958        1.20079e-06
959        1.28875e-06
960        1.37785e-06
961        1.45635e-06
962        1.49306e-06
963        1.34731e-06
964        1.22167e-06
965        1.17803e-06
966        1.18528e-06
967        1.25319e-06
968        1.31131e-06
969        1.31742e-06
970        1.2936e-06
971        1.22552e-06
972        1.20448e-06
973        1.20736e-06
974        1.19819e-06
975        1.18033e-06
976        1.1751e-06
977        1.18908e-06
978        1.21692e-06
979        1.21989e-06
980        1.20584e-06
981        1.20062e-06
982        1.1483e-06
983        1.17851e-06
984        1.34897e-06
985        1.40516e-06
986        1.40087e-06
987        1.35363e-06
988        1.26811e-06
989        1.2331e-06
990        1.24112e-06
991        1.25165e-06
992        1.25646e-06
993        1.23253e-06
994        1.16184e-06
995        1.10097e-06
996        1.09407e-06
997        1.38168e-06
998        2.93781e-06
999        4.18138e-06
1000       4.27011e-06
1001       4.16906e-06
1002       2.9285e-06
1003       1.39098e-06
1004       1.14229e-06
1005       1.15919e-06
1006       1.20387e-06
1007       1.23021e-06
1008       1.24996e-06
1009       1.22634e-06
1010       1.22638e-06
1011       1.28013e-06
1012       1.31908e-06
1013       1.27414e-06
1014       1.22091e-06
1015       1.16265e-06
1016       1.13273e-06
1017       1.12961e-06
1018       1.15633e-06
1019       1.2009e-06
1020       1.22063e-06
1021       1.23161e-06
1022       1.25342e-06
1023       1.27238e-06
1024       1.25003e-06
1025       1.22161e-06
1026       1.20647e-06
1027       1.19876e-06
1028       1.14851e-06
1029       1.105e-06 
1030       1.12166e-06
1031       1.12722e-06
1032       1.11979e-06
1033       1.03054e-06
1034       9.54795e-07
1035       1.04092e-06
1036       1.12137e-06
1037       1.13134e-06
1038       1.23058e-06
1039       1.29235e-06
1040       1.2936e-06
1041       1.24836e-06
1042       1.1632e-06
1043       1.15937e-06
1044       1.20788e-06
1045       1.21669e-06
1046       1.22808e-06
1047       1.28573e-06
1048       1.32263e-06
1049       1.313e-06 
1050       1.256e-06 
1051       1.20248e-06
1052       1.15949e-06
1053       1.13585e-06
1054       1.14673e-06
1055       1.13505e-06
1056       1.12608e-06
1057       1.08346e-06
1058       1.06572e-06
1059       1.06795e-06
1060       1.04645e-06
1061       1.04013e-06
1062       1.12145e-06
1063       1.29602e-06
1064       1.32932e-06
1065       1.30274e-06
1066       1.22892e-06
1067       1.06083e-06
1068       9.87468e-07
1069       1.00676e-06
1070       1.05279e-06
1071       1.08369e-06
1072       1.1043e-06
1073       1.12408e-06
1074       1.13688e-06
1075       1.15676e-06
1076       1.1743e-06
1077       1.17591e-06
1078       1.16826e-06
1079       1.20031e-06
1080       1.18298e-06
1081       1.16818e-06
1082       1.13442e-06
1083       1.12328e-06
1084       1.13895e-06
1085       1.13649e-06
1086       1.18896e-06
1087       1.20269e-06
1088       1.21403e-06
1089       1.23353e-06
1090       1.21904e-06
1091       1.20711e-06
1092       1.17076e-06
1093       1.15203e-06
1094       1.15413e-06
1095       1.12408e-06
1096       1.09003e-06
1097       1.09854e-06
1098       1.14713e-06
1099       1.24441e-06
1100       1.26975e-06
1101       1.25383e-06
1102       1.30357e-06
1103       1.31114e-06
1104       1.32249e-06
1105       1.3213e-06
1106       1.22749e-06
1107       1.15467e-06
1108       1.07323e-06
1109       1.07331e-06
1110       1.17075e-06
1111       1.24422e-06
1112       1.25544e-06
1113       1.19787e-06
1114       1.15519e-06
1115       1.15302e-06
1116       1.15305e-06
1117       1.15481e-06
1118       1.14005e-06
1119       1.15819e-06
1120       1.19633e-06
1121       1.19805e-06
1122       1.22906e-06
1123       1.31905e-06
1124       1.37212e-06
1125       1.35738e-06
1126       1.35058e-06
1127       1.32754e-06
1128       1.28637e-06
1129       1.23734e-06
1130       1.23913e-06
1131       1.30539e-06
1132       1.26181e-06
1133       1.18707e-06
1134       1.09624e-06
1135       1.04777e-06
1136       1.1142e-06
1137       1.14951e-06
1138       1.1449e-06
1139       1.18027e-06
1140       1.21097e-06
1141       1.28237e-06
1142       1.37215e-06
1143       1.42346e-06
1144       1.42833e-06
1145       1.28284e-06
1146       1.13643e-06
1147       1.06927e-06
1148       1.03885e-06
1149       1.00303e-06
1150       1.02688e-06
1151       1.11692e-06
1152       1.15698e-06
1153       1.12903e-06
1154       1.11906e-06
1155       1.14213e-06
1156       1.15805e-06
1157       1.15172e-06
1158       1.15554e-06
1159       1.17922e-06
1160       1.21166e-06
1161       1.23476e-06
1162       1.2567e-06
1163       1.22173e-06
1164       1.18979e-06
1165       1.11735e-06
1166       1.08577e-06
1167       1.09792e-06
1168       1.08208e-06
1169       1.09745e-06
1170       1.15316e-06
1171       1.165e-06 
1172       1.14772e-06
1173       1.13655e-06
1174       1.15014e-06
1175       1.15149e-06
1176       1.14916e-06
1177       1.15017e-06
1178       1.14044e-06
1179       1.10337e-06
1180       1.05985e-06
1181       1.07311e-06
1182       1.1279e-06
1183       1.15047e-06
1184       1.14779e-06
1185       1.15534e-06
1186       1.19184e-06
1187       1.21041e-06
1188       1.16949e-06
1189       1.08726e-06
1190       1.03023e-06
1191       9.88508e-07
1192       9.54464e-07
1193       9.2785e-07
1194       9.44549e-07
1195       1.00251e-06
1196       1.07822e-06
1197       1.16931e-06
1198       1.27711e-06
1199       1.35123e-06
1200       1.33162e-06
1201       1.28133e-06
1202       1.19711e-06
1203       1.11317e-06
1204       1.11776e-06
1205       1.11745e-06
1206       1.09412e-06
1207       1.11554e-06
1208       1.17682e-06
1209       1.18407e-06
1210       1.13576e-06
1211       1.1194e-06
1212       1.13937e-06
1213       1.12675e-06
1214       1.11518e-06
1215       1.09097e-06
1216       1.06166e-06
1217       1.05476e-06
1218       1.06178e-06
1219       1.1156e-06
1220       1.28836e-06
1221       1.39247e-06
1222       1.37374e-06
1223       1.3527e-06
1224       1.22713e-06
1225       1.10573e-06
1226       1.12959e-06
1227       1.17624e-06
1228       1.14736e-06
1229       1.08108e-06
1230       1.07384e-06
1231       1.11606e-06
1232       1.16803e-06
1233       1.17992e-06
1234       1.17049e-06
1235       1.16953e-06
1236       1.14232e-06
1237       1.08752e-06
1238       1.10843e-06
1239       1.21114e-06
1240       1.30779e-06
1241       1.35073e-06
1242       1.29676e-06
1243       1.21519e-06
1244       1.17396e-06
1245       1.15259e-06
1246       1.08005e-06
1247       9.74954e-07
1248       1.00614e-06
1249       1.11741e-06
1250       1.17415e-06
1251       1.19493e-06
1252       1.16927e-06
1253       1.1205e-06
1254       1.12087e-06
1255       1.12573e-06
1256       1.13561e-06
1257       1.18339e-06
1258       1.24503e-06
1259       1.27573e-06
1260       1.27086e-06
1261       1.22751e-06
1262       1.17884e-06
1263       1.10034e-06
1264       1.03456e-06
1265       1.0119e-06
1266       1.03393e-06
1267       1.03109e-06
1268       1.01105e-06
1269       1.03494e-06
1270       1.09833e-06
1271       1.12776e-06
1272       1.14234e-06
1273       1.1432e-06
1274       1.10278e-06
1275       1.05594e-06
1276       1.06578e-06
1277       1.09596e-06
1278       1.12961e-06
1279       1.16485e-06
1280       1.16754e-06
1281       1.11086e-06
1282       1.06539e-06
1283       1.06013e-06
1284       1.09701e-06
1285       1.10634e-06
1286       1.05199e-06
1287       1.06393e-06
1288       1.12136e-06
1289       1.18142e-06
1290       1.20855e-06
1291       1.1931e-06
1292       1.16456e-06
1293       1.14861e-06
1294       1.12724e-06
1295       1.0847e-06
1296       1.10657e-06
1297       1.14816e-06
1298       1.19888e-06
1299       1.25925e-06
1300       1.27087e-06
1301       1.25089e-06
1302       1.22656e-06
1303       1.19973e-06
1304       1.26573e-06
1305       1.25268e-06
1306       1.17233e-06
1307       1.09584e-06
1308       1.05642e-06
1309       1.05038e-06
1310       1.00998e-06
1311       1.01103e-06
1312       1.03819e-06
1313       1.08477e-06
1314       1.11843e-06
1315       1.12764e-06
1316       1.08912e-06
1317       1.0243e-06
1318       9.94086e-07
1319       1.06191e-06
1320       1.14857e-06
1321       1.18795e-06
1322       1.11208e-06
1323       1.08564e-06
1324       1.1139e-06
1325       1.11501e-06
1326       1.11813e-06
1327       1.09995e-06
1328       1.13427e-06
1329       1.13932e-06
1330       1.0933e-06
1331       1.09176e-06
1332       1.08381e-06
1333       1.11008e-06
1334       1.14255e-06
1335       1.10286e-06
1336       1.0654e-06
1337       1.08622e-06
1338       1.14534e-06
1339       1.13187e-06
1340       1.08077e-06
1341       1.04327e-06
1342       1.03696e-06
1343       1.06131e-06
1344       1.05359e-06
1345       9.93636e-07
1346       9.32812e-07
1347       9.88582e-07
1348       1.05522e-06
1349       1.02373e-06
1350       9.6679e-07
1351       9.57767e-07
1352       9.68083e-07
1353       9.81577e-07
1354       1.00969e-06
1355       1.04199e-06
1356       1.10048e-06
1357       1.16671e-06
1358       1.16498e-06
1359       1.13038e-06
1360       1.11003e-06
1361       1.08878e-06
1362       1.05397e-06
1363       1.04751e-06
1364       1.0115e-06
1365       9.85368e-07
1366       1.01862e-06
1367       1.04478e-06
1368       1.04944e-06
1369       1.09682e-06
1370       1.10933e-06
1371       1.08009e-06
1372       1.03882e-06
1373       1.04736e-06
1374       1.0944e-06
1375       1.10918e-06
1376       1.08291e-06
1377       1.07199e-06
1378       1.16683e-06
1379       1.26217e-06
1380       1.30148e-06
1381       1.29925e-06
1382       1.24572e-06
1383       1.18115e-06
1384       1.09162e-06
1385       1.01122e-06
1386       9.91295e-07
1387       1.05707e-06
1388       1.13385e-06
1389       1.11863e-06
1390       1.09028e-06
1391       1.03477e-06
1392       1.02038e-06
1393       1.01499e-06
1394       9.48269e-07
1395       8.62282e-07
1396       8.75781e-07
1397       9.93839e-07
1398       1.10711e-06
1399       1.17828e-06
1400       1.21903e-06
1401       1.18885e-06
1402       1.12523e-06
1403       1.08749e-06
1404       1.05891e-06
1405       1.03047e-06
1406       9.45437e-07
1407       9.19124e-07
1408       9.8088e-07
1409       1.02525e-06
1410       1.02902e-06
1411       1.06005e-06
1412       1.10193e-06
1413       1.11944e-06
1414       1.13945e-06
1415       1.15854e-06
1416       1.18654e-06
1417       1.18264e-06
1418       1.10434e-06
1419       1.02718e-06
1420       1.00291e-06
1421       9.85777e-07
1422       1.00501e-06
1423       1.04333e-06
1424       1.04296e-06
1425       1.0574e-06
1426       1.06917e-06
1427       1.07377e-06
1428       1.07569e-06
1429       1.05654e-06
1430       1.02604e-06
1431       1.0318e-06
1432       1.04485e-06
1433       1.07583e-06
1434       1.14424e-06
1435       1.17138e-06
1436       1.14614e-06
1437       1.13252e-06
1438       1.10537e-06
1439       1.11862e-06
1440       1.12568e-06
1441       1.11454e-06
1442       1.12795e-06
1443       1.06632e-06
1444       9.41356e-07
1445       8.71222e-07
1446       8.39638e-07
1447       8.5325e-07
1448       9.14803e-07
1449       9.56981e-07
1450       9.23131e-07
1451       9.01781e-07
1452       8.99711e-07
1453       9.22245e-07
1454       9.94694e-07
1455       1.04013e-06
1456       1.05002e-06
1457       1.09744e-06
1458       1.11571e-06
1459       1.11739e-06
1460       1.10251e-06
1461       1.04058e-06
1462       1.06265e-06
1463       1.12406e-06
1464       1.11402e-06
1465       1.07554e-06
1466       1.0589e-06
1467       1.03622e-06
1468       1.00069e-06
1469       1.00657e-06
1470       1.0422e-06
1471       1.04532e-06
1472       9.92186e-07
1473       9.42627e-07
1474       9.53993e-07
1475       9.64727e-07
1476       9.87712e-07
1477       1.0369e-06
1478       1.04331e-06
1479       1.00296e-06
1480       1.00746e-06
1481       1.01407e-06
1482       9.55908e-07
1483       9.37803e-07
1484       9.57064e-07
1485       9.98251e-07
1486       1.01586e-06
1487       1.01291e-06
1488       1.0453e-06
1489       1.08234e-06
1490       1.07719e-06
1491       1.01954e-06
1492       9.78468e-07
1493       1.03753e-06
1494       1.10278e-06
1495       1.12301e-06
1496       1.09318e-06
1497       1.03276e-06
1498       1.00715e-06
1499       1.07611e-06
1500       1.11358e-06
1501       1.09862e-06
1502       1.05116e-06
1503       9.93356e-07
1504       9.95545e-07
1505       9.72103e-07
1506       9.32621e-07
1507       9.40679e-07
1508       9.07347e-07
1509       8.83029e-07
1510       9.56686e-07
1511       1.05505e-06
1512       1.07323e-06
1513       1.06721e-06
1514       1.0766e-06
1515       1.06683e-06
1516       1.04965e-06
1517       9.76373e-07
1518       9.35548e-07
1519       1.01378e-06
1520       1.03948e-06
1521       1.0046e-06
1522       9.51582e-07
1523       9.87174e-07
1524       1.03804e-06
1525       1.0325e-06
1526       1.0386e-06
1527       1.02561e-06
1528       9.72967e-07
1529       9.2725e-07
1530       9.05297e-07
1531       9.05575e-07
1532       8.73312e-07
1533       8.83281e-07
1534       9.48627e-07
1535       1.06775e-06
1536       1.15609e-06
1537       1.19136e-06
1538       1.23549e-06
1539       1.18493e-06
1540       1.1281e-06
1541       1.0914e-06
1542       1.02553e-06
1543       9.85697e-07
1544       9.53471e-07
1545       9.25224e-07
1546       9.34404e-07
1547       9.43201e-07
1548       9.99595e-07
1549       1.08609e-06
1550       1.08013e-06
1551       1.04564e-06
1552       1.0207e-06
1553       1.0129e-06
1554       1.00945e-06
1555       1.03008e-06
1556       1.02578e-06
1557       9.7201e-07
1558       9.39395e-07
1559       9.64627e-07
1560       9.89446e-07
1561       1.02669e-06
1562       1.02523e-06
1563       1.00399e-06
1564       1.035e-06 
1565       1.0587e-06
1566       1.01551e-06
1567       9.4577e-07
1568       9.25779e-07
1569       9.65993e-07
1570       1.01186e-06
1571       1.08141e-06
1572       1.09679e-06
1573       1.04804e-06
1574       1.0265e-06
1575       1.09669e-06
1576       1.15522e-06
1577       1.18941e-06
1578       1.20101e-06
1579       1.14658e-06
1580       1.11189e-06
1581       1.08039e-06
1582       1.08188e-06
1583       1.08696e-06
1584       1.05269e-06
1585       9.75857e-07
1586       9.76895e-07
1587       9.7029e-07
1588       9.50331e-07
1589       9.39329e-07
1590       9.39069e-07
1591       9.22662e-07
1592       9.20547e-07
1593       9.58638e-07
1594       9.75245e-07
1595       9.56531e-07
1596       9.42258e-07
1597       9.27246e-07
1598       9.28031e-07
1599       9.70111e-07
1600       1.01064e-06
