# Freq.    Mag.
0          9.30592e-06
1          9.09284e-06
2          6.17926e-06
3          2.48983e-06
4          1.9114e-06
5          1.62736e-06
6          1.27979e-06
7          1.09728e-06
8          1.05032e-06
9          1.0997e-06
10         1.1885e-06
11         1.22107e-06
12         1.17167e-06
13         1.11552e-06
14         1.0656e-06
15         1.15128e-06
16         1.20449e-06
17         1.13401e-06
18         1.06369e-06
19         1.13394e-06
20         1.19946e-06
21         1.19176e-06
22         1.1441e-06
23         1.10051e-06
24         9.98932e-07
25         8.94686e-07
26         9.53072e-07
27         1.03094e-06
28         1.04933e-06
29         1.00511e-06
30         9.75082e-07
31         9.95138e-07
32         9.9725e-07
33         1.0115e-06
34         9.48719e-07
35         8.56805e-07
36         4.12749e-06
37         2.0631e-05
38         4.0575e-05
39         4.58945e-05
40         4.58037e-05
41         3.80588e-05
42         1.68993e-05
43         2.72303e-06
44         9.37625e-07
45         9.55618e-07
46         9.78801e-07
47         1.19269e-06
48         1.70808e-06
49         1.88906e-06
50         1.93716e-06
51         1.71113e-06
52         1.11194e-06
53         8.77755e-07
54         8.78042e-07
55         9.12079e-07
56         9.08334e-07
57         1.10126e-06
58         2.28721e-06
59         3.23232e-06
60         3.3429e-06
61         3.27754e-06
62         2.34115e-06
63         1.23333e-06
64         1.05545e-06
65         1.05314e-06
66         1.01145e-06
67         9.41348e-07
68         8.23667e-07
69         7.43325e-07
70         7.51534e-07
71         7.76946e-07
72         7.9722e-07
73         7.91039e-07
74         7.8759e-07
75         7.38888e-07
76         7.78314e-07
77         1.08369e-06
78         1.32372e-06
79         1.3543e-06
80         1.29298e-06
81         1.02115e-06
82         8.61333e-07
83         8.69175e-07
84         8.87225e-07
85         8.92641e-07
86         8.89011e-07
87         8.23048e-07
88         7.71604e-07
89         8.40554e-07
90         9.51848e-07
91         1.041e-06 
92         1.06564e-06
93         1.03124e-06
94         9.69056e-07
95         9.30629e-07
96         9.43897e-07
97         9.47521e-07
98         9.65179e-07
99         1.00492e-06
100        1.00515e-06
101        9.49876e-07
102        8.37509e-07
103        7.85506e-07
104        7.54088e-07
105        7.28157e-07
106        7.51801e-07
107        7.80382e-07
108        8.1742e-07
109        8.10348e-07
110        7.80962e-07
111        7.46038e-07
112        7.75027e-07
113        8.31893e-07
114        9.0123e-07
115        1.95888e-06
116        7.48951e-06
117        1.31143e-05
118        1.45147e-05
119        1.48128e-05
120        1.1854e-05
121        6.2384e-06
122        3.07866e-06
123        1.13894e-06
124        8.37507e-07
125        8.4284e-07
126        8.73333e-07
127        8.97198e-07
128        8.75133e-07
129        8.79739e-07
130        8.72193e-07
131        8.59822e-07
132        8.57362e-07
133        8.49804e-07
134        8.64853e-07
135        8.85854e-07
136        8.78537e-07
137        8.65055e-07
138        8.0877e-07
139        7.59164e-07
140        7.61545e-07
141        7.9897e-07
142        8.435e-07 
143        8.57966e-07
144        8.38339e-07
145        8.64769e-07
146        8.69189e-07
147        8.55637e-07
148        8.98627e-07
149        9.29042e-07
150        9.02187e-07
151        9.22043e-07
152        9.16261e-07
153        9.20107e-07
154        9.25077e-07
155        8.97961e-07
156        9.00777e-07
157        9.16203e-07
158        9.34183e-07
159        9.5131e-07
160        9.18343e-07
161        8.90098e-07
162        8.39367e-07
163        8.15957e-07
164        8.02445e-07
165        7.71546e-07
166        7.63513e-07
167        7.81794e-07
168        8.17324e-07
169        8.1691e-07
170        7.801e-07 
171        7.56608e-07
172        7.61699e-07
173        8.11516e-07
174        8.44757e-07
175        8.48839e-07
176        8.01411e-07
177        1.40748e-06
178        3.90542e-06
179        5.6366e-06
180        5.83451e-06
181        5.67304e-06
182        3.78445e-06
183        1.36e-06  
184        7.68404e-07
185        8.15034e-07
186        8.80463e-07
187        9.05873e-07
188        9.07571e-07
189        9.20605e-07
190        9.3461e-07
191        9.31155e-07
192        9.06297e-07
193        8.78545e-07
194        1.66633e-06
195        4.94209e-06
196        7.62222e-06
197        7.96532e-06
198        7.8157e-06
199        5.60115e-06
200        2.19971e-06
201        1.1631e-06
202        1.00831e-06
203        8.75159e-07
204        8.42223e-07
205        8.26624e-07
206        8.05871e-07
207        8.18201e-07
208        8.2798e-07
209        8.02606e-07
210        7.82834e-07
211        8.20751e-07
212        8.47571e-07
213        8.20108e-07
214        7.79171e-07
215        7.63568e-07
216        7.77399e-07
217        8.18994e-07
218        8.63228e-07
219        8.50806e-07
220        8.311e-07 
221        7.96313e-07
222        7.82542e-07
223        8.41916e-07
224        8.66781e-07
225        8.17991e-07
226        7.67222e-07
227        7.47147e-07
228        7.23738e-07
229        7.24526e-07
230        7.82039e-07
231        8.42101e-07
232        8.71936e-07
233        8.84974e-07
234        8.76795e-07
235        8.87472e-07
236        8.97474e-07
237        1.19729e-06
238        2.6346e-06
239        3.68441e-06
240        3.76394e-06
241        3.63098e-06
242        2.44647e-06
243        1.0765e-06
244        8.24318e-07
245        7.83343e-07
246        7.91237e-07
247        8.30047e-07
248        9.36459e-07
249        1.01362e-06
250        9.5722e-07
251        8.79892e-07
252        8.31259e-07
253        8.24694e-07
254        8.45175e-07
255        8.60905e-07
256        8.47938e-07
257        8.58948e-07
258        8.59955e-07
259        8.51917e-07
260        8.37323e-07
261        8.35827e-07
262        8.00945e-07
263        7.40219e-07
264        7.55002e-07
265        8.16537e-07
266        8.41314e-07
267        8.17102e-07
268        7.70371e-07
269        7.3145e-07
270        7.52578e-07
271        7.88485e-07
272        8.21032e-07
273        1.54378e-06
274        4.04823e-06
275        5.7121e-06
276        5.85148e-06
277        5.61249e-06
278        3.65932e-06
279        1.28104e-06
280        7.59264e-07
281        7.63387e-07
282        7.71809e-07
283        7.73867e-07
284        7.42395e-07
285        7.29731e-07
286        7.36264e-07
287        7.86375e-07
288        8.55567e-07
289        9.00398e-07
290        9.14212e-07
291        8.87529e-07
292        8.52553e-07
293        8.06866e-07
294        8.12537e-07
295        8.44379e-07
296        8.78866e-07
297        1.17921e-06
298        2.44098e-06
299        3.31602e-06
300        3.33749e-06
301        3.18639e-06
302        2.13659e-06
303        9.56725e-07
304        7.2961e-07
305        7.44665e-07
306        7.56512e-07
307        7.64907e-07
308        7.97718e-07
309        8.11541e-07
310        7.75014e-07
311        7.08757e-07
312        6.84585e-07
313        6.9687e-07
314        7.49972e-07
315        7.69705e-07
316        7.75681e-07
317        7.89147e-07
318        8.29377e-07
319        8.92285e-07
320        9.09254e-07
321        8.99366e-07
322        8.69795e-07
323        8.26177e-07
324        8.4871e-07
325        9.15836e-07
326        9.11134e-07
327        8.43897e-07
328        7.34286e-07
329        6.54555e-07
330        6.64894e-07
331        7.00987e-07
332        7.28037e-07
333        7.73818e-07
334        8.08325e-07
335        8.1837e-07
336        8.22003e-07
337        8.18404e-07
338        8.19931e-07
339        7.84405e-07
340        7.73756e-07
341        7.91837e-07
342        8.113e-07 
343        8.15103e-07
344        8.1e-07   
345        8.23257e-07
346        8.50026e-07
347        8.64369e-07
348        8.92061e-07
349        9.38409e-07
350        9.26212e-07
351        9.14371e-07
352        1.60318e-06
353        3.74528e-06
354        4.85313e-06
355        4.94316e-06
356        4.64848e-06
357        2.96218e-06
358        2.95824e-06
359        3.96482e-06
360        4.06311e-06
361        3.9271e-06
362        2.63411e-06
363        1.13732e-06
364        8.16731e-07
365        7.91665e-07
366        7.96855e-07
367        8.1551e-07
368        8.24063e-07
369        7.84417e-07
370        7.46474e-07
371        7.54091e-07
372        7.74729e-07
373        8.14884e-07
374        8.63822e-07
375        9.29486e-07
376        1.19617e-06
377        1.43378e-06
378        1.43089e-06
379        1.39733e-06
380        1.12473e-06
381        8.49198e-07
382        7.80433e-07
383        8.0945e-07
384        8.82059e-07
385        8.89403e-07
386        8.84427e-07
387        8.70907e-07
388        8.75009e-07
389        9.07307e-07
390        9.23841e-07
391        9.05913e-07
392        8.95836e-07
393        9.82528e-07
394        9.96277e-07
395        9.78722e-07
396        9.04425e-07
397        8.22058e-07
398        8.50869e-07
399        8.96666e-07
400        9.09517e-07
401        9.02515e-07
402        8.64072e-07
403        8.40742e-07
404        7.9943e-07
405        7.46132e-07
406        7.30139e-07
407        7.28318e-07
408        7.53715e-07
409        7.96213e-07
410        7.82856e-07
411        7.4906e-07
412        7.49238e-07
413        7.79637e-07
414        7.98169e-07
415        8.14795e-07
416        8.62424e-07
417        1.3113e-06
418        2.77763e-06
419        3.69617e-06
420        3.73736e-06
421        3.55687e-06
422        2.28876e-06
423        9.4773e-07
424        8.10613e-07
425        8.15386e-07
426        7.85856e-07
427        7.33811e-07
428        6.90557e-07
429        7.04085e-07
430        7.82712e-07
431        1.69602e-06
432        3.53211e-06
433        4.25992e-06
434        4.2705e-06
435        3.74889e-06
436        1.96313e-06
437        7.97318e-07
438        8.03008e-07
439        8.40264e-07
440        8.70674e-07
441        8.73127e-07
442        8.50768e-07
443        8.54426e-07
444        8.56117e-07
445        8.55689e-07
446        8.63896e-07
447        8.75515e-07
448        9.0582e-07
449        9.36231e-07
450        9.10531e-07
451        8.69393e-07
452        8.71716e-07
453        8.5727e-07
454        8.35227e-07
455        8.40039e-07
456        8.40164e-07
457        7.88322e-07
458        7.32131e-07
459        7.18353e-07
460        7.20044e-07
461        7.61982e-07
462        7.86208e-07
463        7.84292e-07
464        7.56942e-07
465        7.23905e-07
466        7.46103e-07
467        8.04192e-07
468        8.57475e-07
469        8.57938e-07
470        8.37218e-07
471        9.19941e-07
472        1.03613e-06
473        1.05386e-06
474        1.05635e-06
475        9.5578e-07
476        8.80264e-07
477        1.17606e-06
478        2.34302e-06
479        3.09995e-06
480        3.10912e-06
481        2.93531e-06
482        1.92673e-06
483        9.30437e-07
484        8.02048e-07
485        8.10653e-07
486        8.12336e-07
487        7.98546e-07
488        8.11376e-07
489        8.41886e-07
490        8.59075e-07
491        8.88309e-07
492        8.83939e-07
493        8.83337e-07
494        8.67497e-07
495        8.35921e-07
496        8.27986e-07
497        8.43861e-07
498        9.01106e-07
499        9.56738e-07
500        9.38684e-07
501        9.14535e-07
502        8.71644e-07
503        8.18439e-07
504        7.6769e-07
505        7.46204e-07
506        7.616e-07 
507        7.79242e-07
508        8.41586e-07
509        9.27324e-07
510        1.70969e-06
511        3.01986e-06
512        3.38768e-06
513        3.38187e-06
514        2.8678e-06
515        1.53951e-06
516        9.20228e-07
517        8.61532e-07
518        8.37031e-07
519        7.93923e-07
520        7.82017e-07
521        7.89251e-07
522        7.70729e-07
523        7.85561e-07
524        1.27416e-06
525        2.61341e-06
526        3.23895e-06
527        3.28479e-06
528        3.04041e-06
529        1.80121e-06
530        8.46537e-07
531        7.29942e-07
532        7.46084e-07
533        8.10274e-07
534        8.46227e-07
535        8.62916e-07
536        8.62552e-07
537        1.1412e-06
538        2.19379e-06
539        2.82081e-06
540        2.81791e-06
541        2.63724e-06
542        1.65035e-06
543        7.96727e-07
544        7.69462e-07
545        7.50901e-07
546        7.0215e-07
547        7.21148e-07
548        7.88614e-07
549        8.67247e-07
550        1.02878e-06
551        1.17021e-06
552        1.16595e-06
553        1.10222e-06
554        9.05935e-07
555        7.6728e-07
556        7.79121e-07
557        7.70918e-07
558        7.30324e-07
559        7.03235e-07
560        7.22646e-07
561        7.70816e-07
562        8.03897e-07
563        8.36879e-07
564        8.48555e-07
565        8.68122e-07
566        8.34401e-07
567        7.81568e-07
568        7.77129e-07
569        7.72662e-07
570        7.91676e-07
571        8.2981e-07
572        8.35668e-07
573        8.27804e-07
574        8.29859e-07
575        8.5306e-07
576        8.85957e-07
577        8.79027e-07
578        8.51983e-07
579        8.21363e-07
580        8.14164e-07
581        8.2994e-07
582        8.16057e-07
583        7.70794e-07
584        7.36967e-07
585        7.35902e-07
586        7.73605e-07
587        8.17203e-07
588        8.76678e-07
589        1.45771e-06
590        2.29431e-06
591        2.48502e-06
592        2.52229e-06
593        2.05189e-06
594        1.10934e-06
595        7.97017e-07
596        8.27628e-07
597        9.90307e-07
598        1.6606e-06
599        2.15628e-06
600        2.22481e-06
601        2.14117e-06
602        1.51784e-06
603        9.31232e-07
604        8.5879e-07
605        8.72647e-07
606        8.55654e-07
607        8.03194e-07
608        7.43499e-07
609        6.99311e-07
610        6.44441e-07
611        6.68673e-07
612        7.28963e-07
613        7.78943e-07
614        8.176e-07 
615        8.50061e-07
616        8.73964e-07
617        9.00167e-07
618        9.08809e-07
619        8.6978e-07
620        7.94784e-07
621        7.60507e-07
622        7.84571e-07
623        8.18237e-07
624        8.35315e-07
625        8.44103e-07
626        8.36539e-07
627        8.32511e-07
628        8.55269e-07
629        9.93949e-07
630        1.12887e-06
631        1.19883e-06
632        1.2043e-06
633        1.05869e-06
634        9.66625e-07
635        9.40456e-07
636        8.88563e-07
637        8.33096e-07
638        8.15983e-07
639        8.38309e-07
640        8.55769e-07
641        8.54919e-07
642        8.41774e-07
643        8.2398e-07
644        7.9029e-07
645        7.50862e-07
646        7.42478e-07
647        7.49809e-07
648        7.60712e-07
649        8.15764e-07
650        8.557e-07 
651        8.56361e-07
652        8.64256e-07
653        8.84917e-07
654        8.71854e-07
655        8.22086e-07
656        7.72137e-07
657        9.29736e-07
658        1.6186e-06
659        2.02784e-06
660        1.99303e-06
661        1.86097e-06
662        1.24322e-06
663        7.84655e-07
664        8.09225e-07
665        8.26833e-07
666        8.2541e-07
667        8.61328e-07
668        1.38466e-06
669        1.94075e-06
670        1.987e-06 
671        1.96705e-06
672        1.50899e-06
673        9.19814e-07
674        8.07876e-07
675        7.81566e-07
676        7.82546e-07
677        8.02434e-07
678        7.6818e-07
679        7.12717e-07
680        7.27176e-07
681        7.81096e-07
682        8.14082e-07
683        8.18759e-07
684        7.37191e-07
685        6.77777e-07
686        7.34895e-07
687        8.26633e-07
688        8.63101e-07
689        8.45761e-07
690        8.34846e-07
691        8.51452e-07
692        8.34652e-07
693        7.85911e-07
694        8.04627e-07
695        8.44632e-07
696        8.41701e-07
697        8.19557e-07
698        7.86268e-07
699        7.7971e-07
700        7.50997e-07
701        7.00516e-07
702        6.64764e-07
703        6.9924e-07
704        7.53295e-07
705        7.80958e-07
706        8.28493e-07
707        9.23157e-07
708        1.01624e-06
709        9.89289e-07
710        9.31161e-07
711        8.71953e-07
712        7.97999e-07
713        8.06139e-07
714        8.04477e-07
715        7.96038e-07
716        8.28856e-07
717        9.33163e-07
718        1.38983e-06
719        1.65307e-06
720        1.59896e-06
721        1.49573e-06
722        1.08099e-06
723        8.21793e-07
724        8.17754e-07
725        8.19622e-07
726        8.40863e-07
727        8.53308e-07
728        8.79483e-07
729        8.98027e-07
730        8.97618e-07
731        8.95924e-07
732        8.58605e-07
733        7.85383e-07
734        8.06012e-07
735        8.86197e-07
736        9.33469e-07
737        9.46405e-07
738        8.83465e-07
739        8.01038e-07
740        7.87646e-07
741        8.36289e-07
742        8.74799e-07
743        8.71037e-07
744        8.59834e-07
745        8.45112e-07
746        9.24746e-07
747        1.39673e-06
748        1.79372e-06
749        1.82262e-06
750        1.73051e-06
751        1.27189e-06
752        9.34989e-07
753        8.95735e-07
754        8.65021e-07
755        8.46768e-07
756        8.4353e-07
757        8.3899e-07
758        8.49204e-07
759        8.38702e-07
760        8.02305e-07
761        7.83757e-07
762        8.15756e-07
763        8.40602e-07
764        8.04356e-07
765        7.71361e-07
766        7.60669e-07
767        7.55032e-07
768        7.76438e-07
769        7.83266e-07
770        8.04453e-07
771        8.36778e-07
772        8.3872e-07
773        8.04792e-07
774        7.7999e-07
775        7.70743e-07
776        7.73403e-07
777        8.04404e-07
778        1.1496e-06
779        1.43451e-06
780        1.48064e-06
781        1.45596e-06
782        1.08754e-06
783        7.90607e-07
784        7.26166e-07
785        7.44942e-07
786        8.48325e-07
787        9.87878e-07
788        1.02741e-06
789        9.75278e-07
790        8.89247e-07
791        8.17909e-07
792        7.96918e-07
793        7.86343e-07
794        7.81375e-07
795        7.93385e-07
796        8.09572e-07
797        8.1874e-07
798        8.55117e-07
799        8.92094e-07
800        8.86676e-07
801        8.73934e-07
802        8.6068e-07
803        8.52105e-07
804        8.65292e-07
805        8.50425e-07
806        8.14676e-07
807        8.01122e-07
808        8.16181e-07
809        8.17449e-07
810        8.02572e-07
811        7.79358e-07
812        7.08761e-07
813        6.88059e-07
814        7.43693e-07
815        8.22706e-07
816        8.60165e-07
817        8.44465e-07
818        8.11766e-07
819        7.71203e-07
820        7.48265e-07
821        7.37364e-07
822        7.59231e-07
823        7.89305e-07
824        8.00633e-07
825        9.61756e-07
826        1.42936e-06
827        1.68901e-06
828        1.67356e-06
829        1.54811e-06
830        1.09629e-06
831        8.28698e-07
832        7.61938e-07
833        7.34905e-07
834        7.36782e-07
835        7.46428e-07
836        7.36009e-07
837        7.5254e-07
838        9.30044e-07
839        1.08538e-06
840        1.14139e-06
841        1.15454e-06
842        9.50436e-07
843        7.85695e-07
844        7.42432e-07
845        7.35669e-07
846        7.40917e-07
847        7.52883e-07
848        8.0927e-07
849        8.924e-07 
850        9.64402e-07
851        9.81093e-07
852        9.63059e-07
853        9.14237e-07
854        8.56189e-07
855        8.04961e-07
856        7.61254e-07
857        7.48593e-07
858        7.79909e-07
859        8.01541e-07
860        7.72921e-07
861        7.4356e-07
862        7.45372e-07
863        7.56928e-07
864        8.04658e-07
865        8.98274e-07
866        9.8584e-07
867        1.00721e-06
868        9.94813e-07
869        9.09929e-07
870        8.19647e-07
871        8.1677e-07
872        8.12109e-07
873        8.20775e-07
874        8.46923e-07
875        8.64436e-07
876        8.89149e-07
877        8.8654e-07
878        8.45621e-07
879        7.83683e-07
880        7.59758e-07
881        7.75781e-07
882        7.83524e-07
883        7.79612e-07
884        7.58797e-07
885        7.03246e-07
886        6.83258e-07
887        6.659e-07 
888        6.93676e-07
889        7.73161e-07
890        8.5327e-07
891        8.90948e-07
892        8.58696e-07
893        7.94488e-07
894        7.52097e-07
895        7.39784e-07
896        7.04521e-07
897        7.5459e-07
898        8.89029e-07
899        9.39829e-07
900        9.23542e-07
901        9.05867e-07
902        8.65328e-07
903        1.15563e-06
904        1.45585e-06
905        1.7974e-06
906        1.89582e-06
907        1.6802e-06
908        1.47767e-06
909        1.11191e-06
910        1.01406e-06
911        1.0006e-06
912        9.34145e-07
913        8.73595e-07
914        8.36659e-07
915        8.15828e-07
916        7.78417e-07
917        7.2541e-07
918        7.07652e-07
919        7.30244e-07
920        7.53611e-07
921        7.75171e-07
922        7.722e-07 
923        7.54601e-07
924        7.78987e-07
925        8.1787e-07
926        8.34322e-07
927        8.01796e-07
928        7.8856e-07
929        7.8493e-07
930        7.94364e-07
931        7.90949e-07
932        7.83193e-07
933        7.84533e-07
934        7.87703e-07
935        7.83608e-07
936        7.51917e-07
937        7.5694e-07
938        7.86055e-07
939        8.04503e-07
940        7.95405e-07
941        7.94926e-07
942        8.08642e-07
943        8.4789e-07
944        9.03053e-07
945        9.65912e-07
946        9.61068e-07
947        9.53193e-07
948        8.85078e-07
949        8.26963e-07
950        8.24257e-07
951        8.15322e-07
952        8.1418e-07
953        8.01113e-07
954        7.74551e-07
955        7.67233e-07
956        7.7648e-07
957        7.74143e-07
958        8.31403e-07
959        9.19815e-07
960        9.65559e-07
961        9.05628e-07
962        7.69668e-07
963        7.33756e-07
964        7.96149e-07
965        8.5637e-07
966        8.38741e-07
967        7.82827e-07
968        7.66494e-07
969        8.05742e-07
970        8.53791e-07
971        8.60149e-07
972        8.47531e-07
973        8.4675e-07
974        8.30947e-07
975        7.89009e-07
976        7.66258e-07
977        7.98639e-07
978        8.1003e-07
979        7.70166e-07
980        7.37076e-07
981        7.54339e-07
982        7.87772e-07
983        9.52162e-07
984        1.35253e-06
985        1.45339e-06
986        1.42704e-06
987        1.24192e-06
988        8.29197e-07
989        7.10783e-07
990        7.09511e-07
991        7.47389e-07
992        7.63892e-07
993        7.30823e-07
994        6.95267e-07
995        6.87973e-07
996        7.34138e-07
997        8.07767e-07
998        9.7904e-07
999        1.13087e-06
1000       1.11563e-06
1001       1.07102e-06
1002       8.78329e-07
1003       7.32665e-07
1004       6.94942e-07
1005       6.70383e-07
1006       7.03565e-07
1007       7.87621e-07
1008       8.30164e-07
1009       8.28595e-07
1010       8.28401e-07
1011       8.42303e-07
1012       8.39407e-07
1013       8.04087e-07
1014       7.88374e-07
1015       8.25013e-07
1016       8.8154e-07
1017       9.28426e-07
1018       9.63703e-07
1019       9.29249e-07
1020       8.88829e-07
1021       8.64754e-07
1022       7.91354e-07
1023       7.82133e-07
1024       8.29315e-07
1025       8.5443e-07
1026       8.54046e-07
1027       8.11566e-07
1028       7.92794e-07
1029       7.8975e-07
1030       7.84047e-07
1031       7.7234e-07
1032       7.78284e-07
1033       7.91485e-07
1034       8.1023e-07
1035       8.55276e-07
1036       8.95203e-07
1037       9.30437e-07
1038       9.44619e-07
1039       9.05829e-07
1040       8.00892e-07
1041       7.03623e-07
1042       7.02169e-07
1043       7.33145e-07
1044       7.24055e-07
1045       7.35415e-07
1046       8.14395e-07
1047       8.76394e-07
1048       8.69797e-07
1049       8.67255e-07
1050       8.32623e-07
1051       7.72336e-07
1052       7.60781e-07
1053       7.79599e-07
1054       8.0438e-07
1055       7.93154e-07
1056       7.735e-07 
1057       7.55008e-07
1058       7.17177e-07
1059       6.96249e-07
1060       7.46453e-07
1061       8.23166e-07
1062       1.16027e-06
1063       1.56968e-06
1064       1.58938e-06
1065       1.55642e-06
1066       1.30557e-06
1067       8.92799e-07
1068       8.17048e-07
1069       7.92617e-07
1070       7.55327e-07
1071       7.53668e-07
1072       7.55317e-07
1073       8.22055e-07
1074       8.98471e-07
1075       9.31252e-07
1076       9.34783e-07
1077       9.08912e-07
1078       1.01234e-06
1079       1.11458e-06
1080       1.15357e-06
1081       1.17304e-06
1082       1.03396e-06
1083       9.17691e-07
1084       8.83597e-07
1085       8.54125e-07
1086       8.05965e-07
1087       7.9821e-07
1088       7.87204e-07
1089       7.77125e-07
1090       7.70046e-07
1091       7.64615e-07
1092       8.26411e-07
1093       8.41519e-07
1094       8.23239e-07
1095       8.16049e-07
1096       8.02283e-07
1097       8.18807e-07
1098       8.68152e-07
1099       9.11666e-07
1100       8.99841e-07
1101       8.63778e-07
1102       8.673e-07 
1103       8.79609e-07
1104       8.78951e-07
1105       8.71169e-07
1106       8.44953e-07
1107       8.81312e-07
1108       8.73106e-07
1109       8.47158e-07
1110       8.17209e-07
1111       7.86569e-07
1112       7.86166e-07
1113       7.69614e-07
1114       7.7342e-07
1115       8.1356e-07
1116       8.10245e-07
1117       7.79414e-07
1118       7.70059e-07
1119       7.58914e-07
1120       7.41853e-07
1121       7.44e-07  
1122       7.60357e-07
1123       7.97431e-07
1124       8.0353e-07
1125       8.16002e-07
1126       8.33749e-07
1127       8.16325e-07
1128       7.74789e-07
1129       7.69284e-07
1130       7.86891e-07
1131       8.50302e-07
1132       9.49601e-07
1133       9.97682e-07
1134       9.70226e-07
1135       9.58365e-07
1136       8.87739e-07
1137       8.93827e-07
1138       1.05133e-06
1139       1.14696e-06
1140       1.19565e-06
1141       1.49237e-06
1142       1.78295e-06
1143       1.75326e-06
1144       1.68896e-06
1145       1.32963e-06
1146       8.99508e-07
1147       7.98499e-07
1148       8.05145e-07
1149       8.26509e-07
1150       8.09477e-07
1151       7.78965e-07
1152       7.1334e-07
1153       7.06848e-07
1154       7.54149e-07
1155       7.99544e-07
1156       8.26736e-07
1157       8.20814e-07
1158       8.25759e-07
1159       8.60251e-07
1160       8.34129e-07
1161       7.98941e-07
1162       7.71018e-07
1163       7.41348e-07
1164       7.24733e-07
1165       7.48744e-07
1166       8.02276e-07
1167       8.4412e-07
1168       8.53511e-07
1169       8.42603e-07
1170       8.17421e-07
1171       8.20092e-07
1172       8.03472e-07
1173       7.63372e-07
1174       7.0776e-07
1175       6.55182e-07
1176       6.51041e-07
1177       6.68425e-07
1178       7.22239e-07
1179       7.71153e-07
1180       8.1235e-07
1181       9.34957e-07
1182       1.01749e-06
1183       1.03166e-06
1184       9.72214e-07
1185       8.46283e-07
1186       7.55378e-07
1187       7.37251e-07
1188       7.31541e-07
1189       7.60923e-07
1190       7.98481e-07
1191       7.67544e-07
1192       7.69058e-07
1193       8.10949e-07
1194       8.32739e-07
1195       7.8814e-07
1196       7.16304e-07
1197       7.50709e-07
1198       1.09252e-06
1199       1.32474e-06
1200       1.38037e-06
1201       1.3195e-06
1202       1.0349e-06
1203       8.79613e-07
1204       8.60096e-07
1205       8.21355e-07
1206       8.16009e-07
1207       7.76064e-07
1208       7.35643e-07
1209       7.41621e-07
1210       7.408e-07 
1211       7.68425e-07
1212       8.12426e-07
1213       8.401e-07 
1214       8.40403e-07
1215       8.33678e-07
1216       8.03123e-07
1217       7.59047e-07
1218       7.48307e-07
1219       8.48938e-07
1220       1.38608e-06
1221       1.8236e-06
1222       1.88373e-06
1223       1.81921e-06
1224       1.37249e-06
1225       9.8519e-07
1226       9.30669e-07
1227       9.12003e-07
1228       8.64849e-07
1229       8.06004e-07
1230       7.80014e-07
1231       7.87868e-07
1232       7.99788e-07
1233       7.83516e-07
1234       7.82525e-07
1235       8.13563e-07
1236       8.44124e-07
1237       8.55504e-07
1238       8.74491e-07
1239       8.94216e-07
1240       9.18734e-07
1241       9.01934e-07
1242       8.27685e-07
1243       7.7818e-07
1244       7.77787e-07
1245       7.92642e-07
1246       7.8818e-07
1247       7.42541e-07
1248       6.93764e-07
1249       7.07126e-07
1250       7.30917e-07
1251       7.45034e-07
1252       7.50157e-07
1253       7.97466e-07
1254       8.59301e-07
1255       8.97043e-07
1256       9.00732e-07
1257       9.41738e-07
1258       1.19399e-06
1259       1.37008e-06
1260       1.44536e-06
1261       1.38963e-06
1262       1.13143e-06
1263       9.44632e-07
1264       8.30682e-07
1265       7.79657e-07
1266       7.65406e-07
1267       7.85534e-07
1268       8.13827e-07
1269       8.39161e-07
1270       8.49159e-07
1271       8.61056e-07
1272       8.59618e-07
1273       8.43393e-07
1274       8.37705e-07
1275       8.60385e-07
1276       8.56209e-07
1277       8.2866e-07
1278       7.89215e-07
1279       7.69566e-07
1280       8.2309e-07
1281       8.90681e-07
1282       9.13066e-07
1283       8.69148e-07
1284       8.06105e-07
1285       7.68093e-07
1286       7.61893e-07
1287       8.29258e-07
1288       8.46748e-07
1289       8.05113e-07
1290       7.67753e-07
1291       7.44383e-07
1292       7.57528e-07
1293       8.16329e-07
1294       8.55368e-07
1295       8.39408e-07
1296       8.0735e-07
1297       7.96137e-07
1298       8.72594e-07
1299       1.25495e-06
1300       1.49401e-06
1301       1.5084e-06
1302       1.43903e-06
1303       1.0599e-06
1304       8.49027e-07
1305       8.26561e-07
1306       7.86905e-07
1307       8.00553e-07
1308       8.15358e-07
1309       8.15402e-07
1310       7.99277e-07
1311       7.99568e-07
1312       8.03266e-07
1313       8.25684e-07
1314       8.72185e-07
1315       9.07371e-07
1316       9.10233e-07
1317       8.99109e-07
1318       1.06054e-06
1319       1.19856e-06
1320       1.24237e-06
1321       1.21409e-06
1322       9.71535e-07
1323       8.1329e-07
1324       7.84295e-07
1325       7.7349e-07
1326       7.87806e-07
1327       7.82749e-07
1328       8.10452e-07
1329       8.0955e-07
1330       8.06872e-07
1331       7.86616e-07
1332       7.33135e-07
1333       7.46771e-07
1334       7.912e-07 
1335       8.01653e-07
1336       7.66422e-07
1337       7.37254e-07
1338       8.30613e-07
1339       1.0259e-06
1340       1.06294e-06
1341       1.00506e-06
1342       8.86479e-07
1343       8.58411e-07
1344       8.77747e-07
1345       8.58766e-07
1346       7.82919e-07
1347       7.30736e-07
1348       7.46199e-07
1349       7.90354e-07
1350       8.25637e-07
1351       8.39818e-07
1352       8.11293e-07
1353       7.82985e-07
1354       7.87513e-07
1355       7.94814e-07
1356       7.94842e-07
1357       7.49431e-07
1358       7.38938e-07
1359       7.53504e-07
1360       7.45087e-07
1361       7.58808e-07
1362       7.79519e-07
1363       7.66737e-07
1364       7.4065e-07
1365       7.50696e-07
1366       8.30344e-07
1367       8.89434e-07
1368       8.73857e-07
1369       8.30512e-07
1370       7.83192e-07
1371       7.63258e-07
1372       7.50578e-07
1373       7.31465e-07
1374       7.70635e-07
1375       8.31835e-07
1376       8.93182e-07
1377       1.10947e-06
1378       1.5516e-06
1379       1.71195e-06
1380       1.71072e-06
1381       1.55536e-06
1382       1.01071e-06
1383       6.99322e-07
1384       6.65019e-07
1385       6.81869e-07
1386       7.33741e-07
1387       7.80816e-07
1388       8.29012e-07
1389       8.57564e-07
1390       8.48862e-07
1391       8.30938e-07
1392       8.02607e-07
1393       8.18371e-07
1394       8.28926e-07
1395       8.17235e-07
1396       7.93864e-07
1397       7.90885e-07
1398       7.99859e-07
1399       7.88999e-07
1400       7.89649e-07
1401       8.00524e-07
1402       7.70842e-07
1403       7.73676e-07
1404       7.95611e-07
1405       7.84439e-07
1406       7.71794e-07
1407       7.66298e-07
1408       7.74965e-07
1409       8.01066e-07
1410       7.87734e-07
1411       7.65108e-07
1412       7.64107e-07
1413       7.88512e-07
1414       8.35981e-07
1415       8.71614e-07
1416       8.87169e-07
1417       9.63935e-07
1418       1.04295e-06
1419       1.00918e-06
1420       9.66298e-07
1421       8.62461e-07
1422       8.06756e-07
1423       8.07112e-07
1424       7.97432e-07
1425       7.98603e-07
1426       7.9899e-07
1427       7.77972e-07
1428       7.72064e-07
1429       7.63055e-07
1430       7.67751e-07
1431       7.77592e-07
1432       7.67148e-07
1433       7.71324e-07
1434       7.72974e-07
1435       7.89317e-07
1436       8.10744e-07
1437       8.77332e-07
1438       1.15157e-06
1439       1.30024e-06
1440       1.29515e-06
1441       1.23262e-06
1442       9.63877e-07
1443       7.95861e-07
1444       7.70609e-07
1445       7.64518e-07
1446       7.54246e-07
1447       7.54861e-07
1448       7.73379e-07
1449       8.07358e-07
1450       8.20854e-07
1451       8.20113e-07
1452       8.10369e-07
1453       8.44855e-07
1454       8.52175e-07
1455       8.2132e-07
1456       7.83319e-07
1457       7.84127e-07
1458       8.24793e-07
1459       8.51024e-07
1460       8.25246e-07
1461       7.5377e-07
1462       7.31985e-07
1463       7.77632e-07
1464       8.11702e-07
1465       7.86972e-07
1466       7.77456e-07
1467       7.60644e-07
1468       7.30615e-07
1469       7.36161e-07
1470       7.82616e-07
1471       8.27324e-07
1472       8.30683e-07
1473       8.05961e-07
1474       7.8562e-07
1475       7.85146e-07
1476       7.80493e-07
1477       7.63154e-07
1478       7.42435e-07
1479       7.36272e-07
1480       7.34582e-07
1481       7.90997e-07
1482       8.51094e-07
1483       8.85101e-07
1484       8.68915e-07
1485       8.49393e-07
1486       8.14186e-07
1487       7.749e-07 
1488       7.92458e-07
1489       8.09662e-07
1490       8.25638e-07
1491       8.39329e-07
1492       8.4068e-07
1493       8.17128e-07
1494       8.01987e-07
1495       8.17937e-07
1496       9.13655e-07
1497       1.13121e-06
1498       1.49409e-06
1499       1.65578e-06
1500       1.58479e-06
1501       1.44159e-06
1502       1.0724e-06
1503       8.45815e-07
1504       7.88278e-07
1505       7.52913e-07
1506       7.76542e-07
1507       8.33393e-07
1508       8.52847e-07
1509       8.27829e-07
1510       7.96959e-07
1511       7.80701e-07
1512       7.92534e-07
1513       8.19345e-07
1514       8.26018e-07
1515       7.97051e-07
1516       7.89843e-07
1517       7.84978e-07
1518       7.41302e-07
1519       7.16443e-07
1520       7.27841e-07
1521       7.26915e-07
1522       7.35584e-07
1523       7.53475e-07
1524       8.06695e-07
1525       8.38387e-07
1526       8.41325e-07
1527       8.23529e-07
1528       8.11016e-07
1529       8.15917e-07
1530       7.98773e-07
1531       7.69087e-07
1532       7.72297e-07
1533       8.1658e-07
1534       8.7802e-07
1535       9.03974e-07
1536       8.78623e-07
1537       8.27165e-07
1538       7.98876e-07
1539       7.70778e-07
1540       7.57423e-07
1541       7.69811e-07
1542       7.6756e-07
1543       7.93361e-07
1544       8.29918e-07
1545       8.30773e-07
1546       7.86841e-07
1547       7.35738e-07
1548       7.71315e-07
1549       8.16194e-07
1550       8.25767e-07
1551       8.43534e-07
1552       8.15633e-07
1553       7.70266e-07
1554       7.37341e-07
1555       7.27326e-07
1556       7.5478e-07
1557       8.39558e-07
1558       1.1186e-06
1559       1.27649e-06
1560       1.32699e-06
1561       1.2712e-06
1562       9.73259e-07
1563       8.17555e-07
1564       7.68383e-07
1565       7.42828e-07
1566       7.49248e-07
1567       7.68276e-07
1568       7.90913e-07
1569       8.23424e-07
1570       8.61564e-07
1571       8.40187e-07
1572       7.44172e-07
1573       7.19123e-07
1574       7.69725e-07
1575       8.67214e-07
1576       9.43185e-07
1577       9.41431e-07
1578       9.245e-07 
1579       8.1871e-07
1580       7.58187e-07
1581       7.38439e-07
1582       7.305e-07 
1583       7.76336e-07
1584       8.00185e-07
1585       7.84824e-07
1586       7.75062e-07
1587       8.06193e-07
1588       8.17044e-07
1589       7.84426e-07
1590       7.55939e-07
1591       7.42116e-07
1592       7.59288e-07
1593       7.97406e-07
1594       8.09224e-07
1595       8.0034e-07
1596       7.95423e-07
1597       8.075e-07 
1598       8.10367e-07
1599       7.814e-07 
1600       7.65528e-07
