# Freq.    Mag.
0          4.94864e-06
8          4.95166e-06
16         5.17617e-06
24         1.12786e-05
32         1.58713e-05
40         1.62008e-05
48         1.55681e-05
56         1.00636e-05
64         3.06137e-06
72         1.09702e-06
80         1.04524e-06
88         1.04682e-06
96         1.82009e-06
104        4.02341e-06
112        5.16899e-06
120        5.18445e-06
128        4.82286e-06
136        2.89011e-06
144        1.09407e-06
152        8.85557e-07
160        9.80554e-07
168        1.29439e-06
176        1.6815e-06
184        2.67001e-06
192        3.08702e-06
200        2.95533e-06
208        2.63924e-06
216        1.55443e-06
224        9.86723e-07
232        1.1167e-06
240        1.15755e-06
248        1.15556e-06
256        1.2542e-06
264        1.89785e-06
272        2.17766e-06
280        2.2075e-06
288        1.96562e-06
296        1.2141e-06
304        9.17164e-07
312        9.01939e-07
320        8.42963e-07
328        8.33935e-07
336        1.20052e-06
344        1.86027e-06
352        2.05015e-06
360        2.01287e-06
368        1.73856e-06
376        1.10112e-06
384        9.1254e-07
392        9.24669e-07
400        9.23502e-07
408        9.8235e-07
416        1.14288e-06
424        1.50279e-06
432        1.62339e-06
440        1.65358e-06
448        1.38551e-06
456        9.28962e-07
464        9.0356e-07
472        1.02205e-06
480        1.0446e-06
488        1.03781e-06
496        1.17747e-06
504        1.46151e-06
512        1.67521e-06
520        1.8381e-06
528        1.71268e-06
536        1.48876e-06
544        1.19236e-06
552        1.01289e-06
560        9.1925e-07
568        8.58071e-07
576        9.74961e-07
584        1.11729e-06
592        1.14707e-06
600        1.15304e-06
608        1.01938e-06
616        9.14587e-07
624        9.03852e-07
632        9.23255e-07
640        9.38536e-07
648        9.52082e-07
656        1.04473e-06
664        1.09045e-06
672        1.04972e-06
680        9.907e-07 
688        8.58021e-07
696        8.09354e-07
704        8.27161e-07
712        8.11354e-07
720        7.51576e-07
728        7.39627e-07
736        8.72913e-07
744        9.89045e-07
752        1.01317e-06
760        1.01625e-06
768        9.71967e-07
776        9.66868e-07
784        9.30707e-07
792        8.51708e-07
800        7.70877e-07
808        8.02759e-07
816        9.44746e-07
824        1.00936e-06
832        1.00357e-06
840        9.2755e-07
848        8.02412e-07
856        7.51602e-07
864        7.51408e-07
872        7.86199e-07
880        8.43969e-07
888        9.19054e-07
896        1.02946e-06
904        1.05014e-06
912        1.02034e-06
920        8.87422e-07
928        7.40567e-07
936        6.97326e-07
944        7.1593e-07
952        7.85827e-07
960        8.49794e-07
968        9.01869e-07
976        9.48973e-07
984        9.72396e-07
992        9.80648e-07
1000       9.12749e-07
1008       8.6856e-07
1016       8.13572e-07
1024       7.58509e-07
1032       7.69375e-07
1040       8.20829e-07
1048       9.57706e-07
1056       1.04922e-06
1064       1.04288e-06
1072       1.023e-06 
1080       9.32978e-07
1088       8.48464e-07
1096       7.95746e-07
1104       7.47545e-07
1112       7.14902e-07
1120       7.28136e-07
1128       8.05753e-07
1136       8.56731e-07
1144       8.59518e-07
1152       8.43519e-07
1160       7.84475e-07
1168       7.79951e-07
1176       7.95142e-07
1184       7.99773e-07
1192       8.01507e-07
1200       8.12881e-07
1208       8.67121e-07
1216       8.78712e-07
1224       8.66133e-07
1232       8.50771e-07
1240       7.37316e-07
1248       6.53402e-07
1256       6.69847e-07
1264       7.24203e-07
1272       7.72028e-07
1280       7.72207e-07
1288       8.05851e-07
1296       8.24089e-07
1304       8.17666e-07
1312       7.78706e-07
1320       7.43773e-07
1328       8.00645e-07
1336       8.3685e-07
1344       8.3823e-07
1352       8.39218e-07
1360       8.56964e-07
1368       8.84886e-07
1376       8.84398e-07
1384       8.84029e-07
1392       8.44382e-07
1400       8.33364e-07
1408       8.5476e-07
1416       8.13039e-07
1424       8.10018e-07
1432       8.32527e-07
1440       8.35655e-07
1448       8.30075e-07
1456       7.94425e-07
1464       7.73977e-07
1472       7.97901e-07
1480       8.49825e-07
1488       8.87547e-07
1496       8.67403e-07
1504       8.25702e-07
1512       7.77475e-07
1520       7.52606e-07
1528       7.4077e-07
1536       7.10551e-07
1544       7.46151e-07
1552       7.93094e-07
1560       7.9643e-07
1568       7.7704e-07
1576       7.49673e-07
1584       7.38497e-07
1592       7.70314e-07
1600       8.0182e-07
1608       8.06806e-07
1616       7.83124e-07
1624       7.60663e-07
1632       7.42883e-07
1640       7.77765e-07
1648       8.09498e-07
1656       7.95252e-07
1664       7.51795e-07
1672       7.1561e-07
1680       7.49203e-07
1688       8.10072e-07
1696       8.263e-07 
1704       8.03882e-07
1712       7.71339e-07
1720       7.72462e-07
1728       8.23985e-07
1736       8.32408e-07
1744       8.31834e-07
1752       8.07492e-07
1760       7.90804e-07
1768       7.6526e-07
1776       7.44372e-07
1784       7.49105e-07
1792       7.65977e-07
1800       8.33283e-07
1808       8.86512e-07
1816       9.07125e-07
1824       8.58931e-07
1832       7.83017e-07
1840       7.8625e-07
1848       7.77358e-07
1856       7.66383e-07
1864       7.5405e-07
1872       7.50518e-07
1880       7.70096e-07
1888       7.80794e-07
1896       7.88837e-07
1904       8.14425e-07
1912       8.41912e-07
1920       8.46172e-07
1928       8.32804e-07
1936       8.27997e-07
1944       8.44786e-07
1952       8.2789e-07
1960       7.996e-07 
1968       7.36216e-07
1976       6.7997e-07
1984       6.85153e-07
1992       7.48589e-07
2000       8.37605e-07
2008       8.94329e-07
2016       8.55521e-07
2024       8.09391e-07
2032       8.29289e-07
2040       8.57521e-07
2048       8.36601e-07
2056       7.8451e-07
2064       7.28716e-07
2072       7.36457e-07
2080       7.58937e-07
2088       7.53913e-07
2096       7.62003e-07
2104       8.05115e-07
2112       8.44244e-07
2120       8.34763e-07
2128       8.17384e-07
2136       8.07871e-07
2144       8.13495e-07
2152       8.18823e-07
2160       8.21172e-07
2168       8.22438e-07
2176       8.41194e-07
2184       8.28912e-07
2192       8.04078e-07
2200       7.84055e-07
2208       7.58761e-07
2216       7.55577e-07
2224       7.99332e-07
2232       8.59393e-07
2240       8.89964e-07
2248       8.88376e-07
2256       8.49812e-07
2264       7.9052e-07
2272       7.8882e-07
2280       7.99803e-07
2288       8.05789e-07
2296       8.29689e-07
2304       8.39611e-07
2312       8.5947e-07
2320       8.6453e-07
2328       8.41199e-07
2336       8.00102e-07
2344       7.55796e-07
2352       7.79694e-07
2360       8.45842e-07
2368       8.79107e-07
2376       8.43229e-07
2384       7.5789e-07
2392       7.41059e-07
2400       8.00335e-07
2408       8.56755e-07
2416       8.71028e-07
2424       8.38647e-07
2432       8.00716e-07
2440       7.7434e-07
2448       7.43666e-07
2456       7.44126e-07
2464       7.99075e-07
2472       8.41228e-07
2480       8.30068e-07
2488       8.262e-07 
2496       8.06456e-07
2504       7.84838e-07
2512       7.691e-07 
2520       7.61736e-07
2528       7.963e-07 
2536       8.24907e-07
2544       7.91773e-07
2552       7.02908e-07
2560       6.55442e-07
2568       6.7585e-07
2576       7.11428e-07
2584       7.62457e-07
2592       7.96379e-07
2600       7.87479e-07
2608       7.80107e-07
2616       7.38332e-07
2624       7.0634e-07
2632       7.56165e-07
2640       8.15663e-07
2648       8.33407e-07
2656       8.18583e-07
2664       7.78457e-07
2672       7.57105e-07
2680       7.31937e-07
2688       7.58764e-07
2696       8.00787e-07
2704       8.32937e-07
2712       8.39521e-07
2720       7.97914e-07
2728       7.73658e-07
2736       7.66554e-07
2744       7.79474e-07
2752       7.82284e-07
2760       7.75486e-07
2768       7.95412e-07
2776       7.99369e-07
2784       7.81198e-07
2792       7.74643e-07
2800       7.673e-07 
2808       7.57287e-07
2816       7.13268e-07
2824       7.24122e-07
2832       7.88636e-07
2840       8.0849e-07
2848       7.82016e-07
2856       7.49915e-07
2864       7.42125e-07
2872       7.66083e-07
2880       8.06084e-07
2888       8.15096e-07
2896       8.57658e-07
2904       9.24037e-07
2912       9.2849e-07
2920       8.61288e-07
2928       8.01144e-07
2936       7.60231e-07
2944       7.24688e-07
2952       7.41607e-07
2960       7.85482e-07
2968       8.11883e-07
2976       8.01482e-07
2984       7.90012e-07
2992       7.92181e-07
3000       8.39042e-07
3008       8.63193e-07
3016       8.84086e-07
3024       8.82087e-07
3032       8.47136e-07
3040       8.11239e-07
3048       7.98779e-07
3056       8.11375e-07
3064       8.39775e-07
3072       8.50795e-07
3080       8.24685e-07
3088       8.03181e-07
3096       8.36865e-07
3104       9.05752e-07
3112       9.32232e-07
3120       8.93613e-07
3128       8.4797e-07
3136       8.36411e-07
3144       8.5305e-07
3152       8.28682e-07
3160       8.13475e-07
3168       8.00694e-07
3176       7.61511e-07
3184       7.62754e-07
3192       8.05113e-07
3200       8.53131e-07
3208       8.64505e-07
3216       8.60356e-07
3224       8.60158e-07
3232       8.37289e-07
3240       8.06575e-07
3248       7.59214e-07
3256       7.29886e-07
3264       7.26489e-07
3272       7.5359e-07
3280       7.73681e-07
3288       7.35747e-07
3296       7.28931e-07
3304       7.64925e-07
3312       7.92249e-07
3320       7.92101e-07
3328       7.62745e-07
3336       7.55358e-07
3344       7.9454e-07
3352       8.18956e-07
3360       8.15667e-07
3368       8.07835e-07
3376       8.27868e-07
3384       8.57478e-07
3392       8.78678e-07
3400       8.95188e-07
3408       8.52231e-07
3416       7.93763e-07
3424       7.84074e-07
3432       8.30859e-07
3440       8.63925e-07
3448       8.49808e-07
3456       8.33789e-07
3464       7.97357e-07
3472       7.67514e-07
3480       7.69501e-07
3488       7.69007e-07
3496       7.68299e-07
3504       7.42645e-07
3512       7.3385e-07
3520       7.61152e-07
3528       8.08887e-07
3536       8.26791e-07
3544       8.04067e-07
3552       7.79952e-07
3560       7.69254e-07
3568       7.81078e-07
3576       7.81423e-07
3584       7.75355e-07
3592       7.71025e-07
3600       7.37929e-07
3608       7.74331e-07
3616       8.58362e-07
3624       9.13645e-07
3632       9.41429e-07
3640       9.02373e-07
3648       8.53492e-07
3656       8.26231e-07
3664       8.07565e-07
3672       7.79637e-07
3680       7.22837e-07
3688       7.00942e-07
3696       7.66168e-07
3704       8.22023e-07
3712       8.28725e-07
3720       8.184e-07 
3728       8.11322e-07
3736       8.3003e-07
3744       8.52429e-07
3752       8.45691e-07
3760       8.1124e-07
3768       7.87681e-07
3776       8.21422e-07
3784       8.57664e-07
3792       8.31794e-07
3800       7.77266e-07
3808       7.81664e-07
3816       8.29249e-07
3824       8.54798e-07
3832       8.24257e-07
3840       7.73546e-07
3848       7.42003e-07
3856       7.45028e-07
3864       7.5507e-07
3872       7.77984e-07
3880       7.79817e-07
3888       7.78693e-07
3896       7.95723e-07
3904       8.22792e-07
3912       8.20582e-07
3920       8.02441e-07
3928       8.17357e-07
3936       8.47686e-07
3944       8.54515e-07
3952       8.73544e-07
3960       8.77705e-07
3968       8.71077e-07
3976       8.53553e-07
3984       8.43336e-07
3992       8.56846e-07
4000       8.55445e-07
4008       8.72487e-07
4016       8.52909e-07
4024       7.97492e-07
4032       7.89588e-07
4040       7.78378e-07
4048       7.79425e-07
4056       8.00326e-07
4064       8.13886e-07
4072       8.177e-07 
4080       7.83699e-07
4088       7.55019e-07
4096       7.3499e-07
4104       7.37334e-07
4112       7.5758e-07
4120       7.60342e-07
4128       7.58529e-07
4136       7.27568e-07
4144       7.12799e-07
4152       7.38104e-07
4160       7.56746e-07
4168       7.77236e-07
4176       7.81388e-07
4184       7.59771e-07
4192       7.44316e-07
4200       7.47557e-07
4208       7.34004e-07
4216       7.19397e-07
4224       7.66798e-07
4232       7.84711e-07
4240       8.00265e-07
4248       8.02526e-07
4256       7.85432e-07
4264       8.02324e-07
4272       8.10377e-07
4280       8.17928e-07
4288       8.12234e-07
4296       8.23825e-07
4304       8.0745e-07
4312       7.62384e-07
4320       7.41881e-07
4328       7.57246e-07
4336       7.89235e-07
4344       8.14653e-07
4352       8.26718e-07
4360       8.27257e-07
4368       8.04425e-07
4376       7.68778e-07
4384       7.68595e-07
4392       7.70371e-07
4400       8.12728e-07
4408       8.48976e-07
4416       8.58183e-07
4424       8.46402e-07
4432       8.01952e-07
4440       8.31188e-07
4448       8.34559e-07
4456       7.84062e-07
4464       7.42635e-07
4472       7.35087e-07
4480       7.69048e-07
4488       8.02916e-07
4496       8.02952e-07
4504       7.66732e-07
4512       7.42944e-07
4520       7.70945e-07
4528       7.78199e-07
4536       7.6879e-07
4544       7.64608e-07
4552       7.57e-07  
4560       7.48279e-07
4568       7.31538e-07
4576       7.18631e-07
4584       7.43881e-07
4592       8.01028e-07
4600       8.14554e-07
4608       7.52319e-07
4616       7.27068e-07
4624       7.77638e-07
4632       8.022e-07 
4640       8.40508e-07
4648       8.68782e-07
4656       8.40738e-07
4664       8.08765e-07
4672       8.45452e-07
4680       8.92097e-07
4688       8.73647e-07
4696       8.28484e-07
4704       7.81127e-07
4712       7.65212e-07
4720       7.6517e-07
4728       7.02115e-07
4736       6.44174e-07
4744       6.83392e-07
4752       7.42301e-07
4760       7.75376e-07
4768       7.75201e-07
4776       7.48715e-07
4784       7.23356e-07
4792       7.37769e-07
4800       7.67961e-07
4808       7.87762e-07
4816       7.83426e-07
4824       7.95591e-07
4832       8.26025e-07
4840       8.47659e-07
4848       8.41401e-07
4856       7.87997e-07
4864       7.57984e-07
4872       7.81554e-07
4880       8.0083e-07
4888       7.94145e-07
4896       7.7568e-07
4904       7.55373e-07
4912       7.60488e-07
4920       7.59293e-07
4928       7.6673e-07
4936       8.18404e-07
4944       8.19923e-07
4952       7.88163e-07
4960       7.71324e-07
4968       7.7909e-07
4976       7.92565e-07
4984       8.06144e-07
4992       8.29729e-07
5000       8.10435e-07
5008       7.82784e-07
5016       7.84479e-07
5024       7.80032e-07
5032       7.6103e-07
5040       7.32396e-07
5048       7.2885e-07
5056       7.65719e-07
5064       8.1496e-07
5072       8.28053e-07
5080       8.25083e-07
5088       8.14936e-07
5096       8.0624e-07
5104       7.93399e-07
5112       7.68013e-07
5120       7.11618e-07
5128       6.80457e-07
5136       7.51463e-07
5144       8.09292e-07
5152       8.13535e-07
5160       7.73347e-07
5168       7.28971e-07
5176       7.5266e-07
5184       7.73646e-07
5192       7.69173e-07
5200       7.88051e-07
5208       7.79741e-07
5216       7.37294e-07
5224       7.25873e-07
5232       7.69693e-07
5240       7.9426e-07
5248       7.69273e-07
5256       7.42739e-07
5264       7.44868e-07
5272       7.32295e-07
5280       7.17324e-07
5288       7.22554e-07
5296       7.5585e-07
5304       7.94919e-07
5312       8.497e-07 
5320       8.77983e-07
5328       8.7751e-07
5336       8.32858e-07
5344       7.64421e-07
5352       7.08982e-07
5360       6.97042e-07
5368       7.18163e-07
5376       7.22278e-07
5384       7.16468e-07
5392       6.9887e-07
5400       7.15571e-07
5408       7.78811e-07
5416       8.07153e-07
5424       7.88562e-07
5432       7.63978e-07
5440       7.7208e-07
5448       7.70774e-07
5456       7.62982e-07
5464       7.98619e-07
5472       8.21333e-07
5480       7.98555e-07
5488       7.51863e-07
5496       7.01722e-07
5504       6.83943e-07
5512       7.04991e-07
5520       7.24084e-07
5528       6.77928e-07
5536       6.93067e-07
5544       8.11703e-07
5552       8.59341e-07
5560       8.61508e-07
5568       8.22385e-07
5576       8.17267e-07
5584       9.96298e-07
5592       1.03041e-06
5600       1.02584e-06
5608       9.13885e-07
5616       7.23532e-07
5624       7.31011e-07
5632       7.76739e-07
5640       8.21518e-07
5648       8.06346e-07
5656       8.03035e-07
5664       8.61812e-07
5672       8.93564e-07
5680       8.7322e-07
5688       8.09426e-07
5696       7.76546e-07
5704       7.81533e-07
5712       7.86879e-07
5720       8.01258e-07
5728       8.10524e-07
5736       7.8405e-07
5744       7.56353e-07
5752       7.81295e-07
5760       8.20716e-07
5768       8.2528e-07
5776       8.03604e-07
5784       8.24479e-07
5792       8.37573e-07
5800       8.17836e-07
5808       7.51407e-07
5816       7.06015e-07
5824       7.19862e-07
5832       7.76008e-07
5840       8.11991e-07
5848       8.18408e-07
5856       8.00643e-07
5864       7.7639e-07
5872       7.58886e-07
5880       7.66779e-07
5888       7.75953e-07
5896       7.8455e-07
5904       7.87532e-07
5912       7.74693e-07
5920       7.48377e-07
5928       7.18297e-07
5936       7.14646e-07
5944       7.36122e-07
5952       7.64276e-07
5960       7.54287e-07
5968       7.1993e-07
5976       7.176e-07 
5984       7.20933e-07
5992       7.26555e-07
6000       7.37551e-07
6008       7.36596e-07
6016       7.44775e-07
6024       7.49872e-07
6032       7.28232e-07
6040       7.26383e-07
6048       7.57763e-07
6056       8.13432e-07
6064       8.45358e-07
6072       8.32903e-07
6080       7.86214e-07
6088       7.4851e-07
6096       7.46877e-07
6104       7.54888e-07
6112       7.51348e-07
6120       7.4557e-07
6128       7.84297e-07
6136       8.23222e-07
6144       8.10567e-07
6152       7.70324e-07
6160       7.58862e-07
6168       7.93527e-07
6176       8.29034e-07
6184       8.05971e-07
6192       7.72802e-07
6200       7.43887e-07
6208       7.37338e-07
6216       7.46167e-07
6224       7.28783e-07
6232       7.44223e-07
6240       7.60304e-07
6248       7.65318e-07
6256       7.62398e-07
6264       7.43718e-07
6272       7.39168e-07
6280       7.39266e-07
6288       7.29544e-07
6296       7.1174e-07
6304       7.28699e-07
6312       7.37459e-07
6320       7.59313e-07
6328       7.66014e-07
6336       7.29556e-07
6344       7.24218e-07
6352       7.79475e-07
6360       7.82269e-07
6368       7.24154e-07
6376       7.03901e-07
6384       7.20977e-07
6392       7.5531e-07
6400       7.87609e-07
6408       8.1088e-07
6416       7.84609e-07
6424       7.61372e-07
6432       7.76259e-07
6440       7.71786e-07
6448       7.27781e-07
6456       7.4601e-07
6464       7.79022e-07
6472       7.71166e-07
6480       7.37398e-07
6488       7.21295e-07
6496       7.3656e-07
6504       7.49692e-07
6512       7.31009e-07
6520       7.2273e-07
6528       7.71929e-07
6536       7.96026e-07
6544       7.49157e-07
6552       6.92601e-07
6560       6.6828e-07
6568       6.93078e-07
6576       7.50671e-07
6584       7.96775e-07
6592       8.25434e-07
6600       8.6071e-07
6608       8.31598e-07
6616       7.45994e-07
6624       6.83618e-07
6632       6.65786e-07
6640       6.51693e-07
6648       6.92485e-07
6656       7.50024e-07
6664       8.13956e-07
6672       8.56767e-07
6680       8.64612e-07
6688       8.85293e-07
6696       8.62137e-07
6704       8.1298e-07
6712       8.4292e-07
6720       8.69036e-07
6728       9.06313e-07
6736       8.95559e-07
6744       8.00792e-07
6752       7.41896e-07
6760       7.37493e-07
6768       7.58484e-07
6776       7.57483e-07
6784       7.42157e-07
6792       7.33091e-07
6800       7.33217e-07
6808       7.59109e-07
6816       7.72465e-07
6824       7.84028e-07
6832       8.02475e-07
6840       8.07953e-07
6848       7.93777e-07
6856       7.60261e-07
6864       7.55439e-07
6872       7.5893e-07
6880       7.6012e-07
6888       7.60184e-07
6896       8.00399e-07
6904       8.218e-07 
6912       8.07068e-07
6920       7.48611e-07
6928       6.9978e-07
6936       6.97728e-07
6944       7.50151e-07
6952       8.07958e-07
6960       8.01331e-07
6968       7.82508e-07
6976       7.52947e-07
6984       7.17656e-07
6992       7.1158e-07
7000       7.2766e-07
7008       7.49847e-07
7016       7.46603e-07
7024       7.46265e-07
7032       7.54783e-07
7040       7.38922e-07
7048       7.11231e-07
7056       7.03356e-07
7064       7.08055e-07
7072       7.20203e-07
7080       7.29343e-07
7088       7.33989e-07
7096       7.44561e-07
7104       7.44187e-07
7112       7.59893e-07
7120       7.64746e-07
7128       7.55574e-07
7136       7.49346e-07
7144       7.50836e-07
7152       7.54275e-07
7160       7.96421e-07
7168       8.75461e-07
7176       9.2944e-07
7184       9.29141e-07
7192       8.9476e-07
7200       8.4689e-07
7208       8.24672e-07
7216       8.16421e-07
7224       7.85692e-07
7232       7.64871e-07
7240       7.69351e-07
7248       7.62035e-07
7256       7.43711e-07
7264       7.22388e-07
7272       7.13137e-07
7280       6.96964e-07
7288       6.88868e-07
7296       6.81428e-07
7304       6.81878e-07
7312       7.21377e-07
7320       7.81057e-07
7328       8.34798e-07
7336       8.79298e-07
7344       8.93937e-07
7352       8.57296e-07
7360       8.35869e-07
7368       8.34702e-07
7376       8.08975e-07
7384       8.02043e-07
7392       8.17857e-07
7400       8.37607e-07
7408       8.42854e-07
7416       8.11416e-07
7424       7.83834e-07
7432       7.79227e-07
7440       7.778e-07 
7448       7.70201e-07
7456       7.72348e-07
7464       7.83648e-07
7472       7.79418e-07
7480       7.85307e-07
7488       7.97956e-07
7496       8.06193e-07
7504       8.07979e-07
7512       8.11547e-07
7520       8.03319e-07
7528       7.6921e-07
7536       7.44078e-07
7544       7.25403e-07
7552       7.158e-07 
7560       7.23143e-07
7568       7.8101e-07
7576       8.46431e-07
7584       8.66383e-07
7592       8.32115e-07
7600       7.49879e-07
7608       7.49445e-07
7616       8.0105e-07
7624       7.81657e-07
7632       7.40051e-07
7640       7.56001e-07
7648       7.87589e-07
7656       7.77558e-07
7664       7.25103e-07
7672       7.0761e-07
7680       7.5207e-07
7688       7.84833e-07
7696       7.94094e-07
7704       7.76208e-07
7712       7.58778e-07
7720       7.49402e-07
7728       7.27391e-07
7736       7.39696e-07
7744       7.94949e-07
7752       8.35118e-07
7760       8.51715e-07
7768       8.30285e-07
7776       7.77301e-07
7784       7.61074e-07
7792       7.51122e-07
7800       7.12604e-07
7808       6.84373e-07
7816       7.2746e-07
7824       7.51387e-07
7832       7.63059e-07
7840       7.65149e-07
7848       7.25725e-07
7856       7.4362e-07
7864       7.77687e-07
7872       8.00227e-07
7880       8.02913e-07
7888       7.78107e-07
7896       7.42442e-07
7904       7.31849e-07
7912       7.49804e-07
7920       7.61156e-07
7928       7.76735e-07
7936       7.82084e-07
7944       7.82331e-07
7952       7.91165e-07
7960       7.59478e-07
7968       7.68166e-07
7976       7.60364e-07
7984       7.03914e-07
7992       7.04396e-07
8000       7.14894e-07
8008       7.31797e-07
8016       7.4667e-07
8024       7.46952e-07
8032       7.58457e-07
8040       7.30991e-07
8048       7.10587e-07
8056       7.27228e-07
8064       7.69362e-07
8072       8.34588e-07
8080       8.58169e-07
8088       8.52245e-07
8096       8.1299e-07
8104       7.75043e-07
8112       7.34465e-07
8120       6.99141e-07
8128       7.07079e-07
8136       7.37271e-07
8144       7.60507e-07
8152       7.72231e-07
8160       7.92151e-07
8168       7.7629e-07
8176       7.53794e-07
8184       7.27598e-07
8192       7.04588e-07
8200       7.14682e-07
8208       7.30424e-07
8216       7.70154e-07
8224       8.06436e-07
8232       8.00227e-07
8240       7.77666e-07
8248       7.34242e-07
8256       6.91102e-07
8264       6.89355e-07
8272       7.33578e-07
8280       7.75359e-07
8288       7.99815e-07
8296       8.02787e-07
8304       8.03008e-07
8312       8.13677e-07
8320       8.35905e-07
8328       8.29249e-07
8336       7.84366e-07
8344       7.56653e-07
8352       7.35825e-07
8360       7.16457e-07
8368       7.29072e-07
8376       7.71306e-07
8384       8.24826e-07
8392       8.49433e-07
8400       8.23107e-07
8408       7.9991e-07
8416       7.56883e-07
8424       7.5574e-07
8432       7.72039e-07
8440       7.82767e-07
8448       8.05973e-07
8456       8.01579e-07
8464       7.65471e-07
8472       7.55368e-07
8480       7.62091e-07
8488       7.72589e-07
8496       7.67525e-07
8504       7.68777e-07
8512       7.95037e-07
8520       8.2385e-07
8528       8.23967e-07
8536       8.14501e-07
8544       7.89246e-07
8552       7.47212e-07
8560       7.3359e-07
8568       7.13439e-07
8576       6.93453e-07
8584       7.18458e-07
8592       7.71274e-07
8600       8.12888e-07
8608       8.15553e-07
8616       8.17777e-07
8624       8.32218e-07
8632       8.19784e-07
8640       8.07217e-07
8648       7.73855e-07
8656       7.41319e-07
8664       6.9936e-07
8672       6.52819e-07
8680       6.71415e-07
8688       6.85124e-07
8696       6.98963e-07
8704       7.22425e-07
8712       7.42244e-07
8720       7.42601e-07
8728       7.61775e-07
8736       7.83791e-07
8744       7.78679e-07
8752       7.70543e-07
8760       7.73558e-07
8768       7.88031e-07
8776       8.2368e-07
8784       8.30323e-07
8792       8.02571e-07
8800       7.81836e-07
8808       7.73424e-07
8816       7.84063e-07
8824       7.79687e-07
8832       7.48912e-07
8840       7.38158e-07
8848       7.59454e-07
8856       7.84978e-07
8864       8.01961e-07
8872       7.98954e-07
8880       7.96034e-07
8888       7.96439e-07
8896       7.72449e-07
8904       7.51275e-07
8912       7.12977e-07
8920       7.0869e-07
8928       7.40982e-07
8936       7.66654e-07
8944       7.7899e-07
8952       7.72374e-07
8960       7.4139e-07
8968       7.24575e-07
8976       7.24916e-07
8984       7.51781e-07
8992       7.85011e-07
9000       7.50488e-07
9008       7.06356e-07
9016       7.04685e-07
9024       7.86728e-07
9032       8.53272e-07
9040       8.35321e-07
9048       7.97458e-07
9056       7.94792e-07
9064       8.01362e-07
9072       8.0761e-07
9080       7.98501e-07
9088       7.41789e-07
9096       7.14156e-07
9104       7.47807e-07
9112       7.79441e-07
9120       7.83353e-07
9128       7.66027e-07
9136       7.45489e-07
9144       7.39037e-07
9152       7.21837e-07
9160       6.82969e-07
9168       7.10018e-07
9176       7.5692e-07
9184       7.86192e-07
9192       7.81502e-07
9200       7.37005e-07
9208       7.43954e-07
9216       7.53737e-07
9224       7.79401e-07
9232       8.01044e-07
9240       7.87326e-07
9248       7.74313e-07
9256       7.90392e-07
9264       8.2008e-07
9272       8.21204e-07
9280       8.15181e-07
9288       7.92779e-07
9296       7.82227e-07
9304       7.95625e-07
9312       7.96863e-07
9320       7.91708e-07
9328       7.78885e-07
9336       7.48087e-07
9344       7.14162e-07
9352       6.73391e-07
9360       6.61396e-07
9368       7.3937e-07
9376       8.26488e-07
9384       8.79351e-07
9392       8.96768e-07
9400       8.41944e-07
9408       7.78495e-07
9416       7.56776e-07
9424       7.9323e-07
9432       8.33968e-07
9440       7.98252e-07
9448       7.42098e-07
9456       7.01246e-07
9464       7.13968e-07
9472       7.46453e-07
9480       7.70608e-07
9488       7.926e-07 
9496       7.71641e-07
9504       7.70165e-07
9512       7.9689e-07
9520       8.02373e-07
9528       7.98819e-07
9536       8.00336e-07
9544       7.91111e-07
9552       7.59274e-07
9560       7.43052e-07
9568       7.60058e-07
9576       7.81668e-07
9584       8.156e-07 
9592       8.20651e-07
9600       8.11326e-07
9608       7.94181e-07
9616       7.53476e-07
9624       7.68596e-07
9632       7.77564e-07
9640       7.49676e-07
9648       7.487e-07 
9656       7.40781e-07
9664       7.71241e-07
9672       8.01673e-07
9680       8.06168e-07
9688       7.94722e-07
9696       7.97425e-07
9704       8.05179e-07
9712       8.05768e-07
9720       8.42088e-07
9728       8.65919e-07
9736       8.37449e-07
9744       7.67755e-07
9752       6.84214e-07
9760       7.27035e-07
9768       8.19917e-07
9776       8.43688e-07
9784       8.36427e-07
9792       8.40282e-07
9800       8.73183e-07
9808       9.02691e-07
9816       8.80496e-07
9824       8.39572e-07
9832       7.86269e-07
9840       7.5082e-07
9848       7.55405e-07
9856       7.47769e-07
9864       7.22699e-07
9872       6.99711e-07
9880       7.15566e-07
9888       7.26403e-07
9896       7.32456e-07
9904       7.50229e-07
9912       7.74103e-07
9920       7.80737e-07
9928       7.55822e-07
9936       7.3943e-07
9944       7.70249e-07
9952       8.03368e-07
9960       8.05577e-07
9968       7.7461e-07
9976       7.31126e-07
9984       7.49158e-07
9992       8.01298e-07
10000      8.13267e-07
10008      8.4394e-07
10016      8.40606e-07
10024      7.96519e-07
10032      7.64362e-07
10040      7.29026e-07
10048      7.10594e-07
10056      7.00741e-07
10064      7.00583e-07
10072      7.22699e-07
10080      7.4752e-07
10088      7.77932e-07
10096      7.93775e-07
10104      7.61462e-07
10112      7.23727e-07
10120      6.94065e-07
10128      6.76615e-07
10136      6.90391e-07
10144      7.00282e-07
10152      6.81322e-07
10160      6.70098e-07
10168      6.86671e-07
10176      7.37464e-07
10184      7.6221e-07
10192      7.80989e-07
10200      8.08698e-07
10208      8.33638e-07
10216      8.62931e-07
10224      8.60941e-07
10232      8.14923e-07
10240      7.41233e-07
10248      6.82408e-07
10256      6.77773e-07
10264      7.27341e-07
10272      7.95272e-07
10280      8.39831e-07
10288      8.2289e-07
10296      8.08873e-07
10304      8.28484e-07
10312      8.40902e-07
10320      8.02e-07  
10328      7.13341e-07
10336      6.85408e-07
10344      7.20557e-07
10352      7.81532e-07
10360      8.4189e-07
10368      8.67544e-07
10376      8.44454e-07
10384      8.19141e-07
10392      7.91515e-07
10400      7.67259e-07
10408      7.7399e-07
10416      7.83958e-07
10424      7.68639e-07
10432      7.74777e-07
10440      8.06843e-07
10448      8.51465e-07
10456      8.81632e-07
10464      8.46711e-07
10472      8.34967e-07
10480      8.76733e-07
10488      8.83897e-07
10496      8.2488e-07
10504      7.50453e-07
10512      7.51824e-07
10520      7.66909e-07
10528      7.51164e-07
10536      7.34496e-07
10544      7.22756e-07
10552      7.11978e-07
10560      7.30606e-07
10568      7.45736e-07
10576      7.34042e-07
10584      7.50019e-07
10592      7.85193e-07
10600      7.8521e-07
10608      7.65626e-07
10616      7.06606e-07
10624      6.71514e-07
10632      6.95139e-07
10640      7.38005e-07
10648      7.52973e-07
10656      7.38414e-07
10664      7.61326e-07
10672      7.96969e-07
10680      7.96073e-07
10688      7.97476e-07
10696      7.6913e-07
10704      7.79986e-07
10712      8.13873e-07
10720      8.31488e-07
10728      8.11703e-07
10736      8.01689e-07
10744      8.1839e-07
10752      8.39248e-07
10760      8.19783e-07
10768      7.60258e-07
10776      7.19521e-07
10784      7.36993e-07
10792      7.49932e-07
10800      7.3016e-07
10808      6.98021e-07
10816      6.768e-07 
10824      7.03486e-07
10832      7.62742e-07
10840      7.81281e-07
10848      7.63676e-07
10856      7.54978e-07
10864      7.53385e-07
10872      7.7756e-07
10880      7.93685e-07
10888      7.92595e-07
10896      7.84188e-07
10904      7.73885e-07
10912      7.4601e-07
10920      7.36475e-07
10928      7.76972e-07
10936      7.9318e-07
10944      8.14846e-07
10952      8.23378e-07
10960      7.87289e-07
10968      7.3569e-07
10976      7.31182e-07
10984      7.86648e-07
10992      8.34875e-07
11000      8.54208e-07
11008      8.08865e-07
11016      7.26944e-07
11024      6.87424e-07
11032      6.86993e-07
11040      7.19052e-07
11048      7.74763e-07
11056      7.8445e-07
11064      8.06111e-07
11072      8.11455e-07
11080      7.76453e-07
11088      7.30349e-07
11096      7.25573e-07
11104      7.63631e-07
11112      7.63995e-07
11120      7.52072e-07
11128      7.42865e-07
11136      7.47333e-07
11144      7.66642e-07
11152      7.80536e-07
11160      7.67904e-07
11168      7.3959e-07
11176      7.46546e-07
11184      7.80465e-07
11192      7.42801e-07
11200      6.71482e-07
11208      6.78191e-07
11216      7.29633e-07
11224      7.82567e-07
11232      7.90601e-07
11240      7.6868e-07
11248      7.40975e-07
11256      7.14556e-07
11264      7.04421e-07
11272      7.19753e-07
11280      6.88835e-07
11288      6.75409e-07
11296      7.06292e-07
11304      7.30572e-07
11312      7.52384e-07
11320      7.61675e-07
11328      7.72869e-07
11336      7.92575e-07
11344      7.86705e-07
11352      7.78789e-07
11360      7.72532e-07
11368      7.72509e-07
11376      7.83431e-07
11384      8.10943e-07
11392      8.33802e-07
11400      7.97827e-07
11408      7.4068e-07
11416      7.3837e-07
11424      7.68301e-07
11432      8.06771e-07
11440      8.27802e-07
11448      8.13414e-07
11456      8.25979e-07
11464      8.45809e-07
11472      8.63028e-07
11480      8.85476e-07
11488      8.88711e-07
11496      8.8054e-07
11504      8.40611e-07
11512      7.66562e-07
11520      7.28616e-07
11528      7.5208e-07
11536      7.93899e-07
11544      8.04336e-07
11552      8.33881e-07
11560      8.79978e-07
11568      8.59068e-07
11576      8.21397e-07
11584      7.97716e-07
11592      7.82288e-07
11600      8.10268e-07
11608      8.33189e-07
11616      8.10544e-07
11624      7.76221e-07
11632      7.69803e-07
11640      7.75892e-07
11648      7.50211e-07
11656      7.68662e-07
11664      8.09726e-07
11672      7.94176e-07
11680      7.68039e-07
11688      7.23398e-07
11696      7.26822e-07
11704      7.58426e-07
11712      7.71603e-07
11720      7.68345e-07
11728      7.41124e-07
11736      7.66821e-07
11744      8.0425e-07
11752      8.05046e-07
11760      7.80013e-07
11768      7.69539e-07
11776      8.00872e-07
11784      8.44099e-07
11792      8.45377e-07
11800      7.66457e-07
11808      6.91465e-07
11816      6.81243e-07
11824      7.10981e-07
11832      7.36006e-07
11840      7.52291e-07
11848      7.44553e-07
11856      7.37121e-07
11864      7.28284e-07
11872      7.05793e-07
11880      6.97121e-07
11888      7.39458e-07
11896      8.0071e-07
11904      8.47284e-07
11912      8.63292e-07
11920      8.51137e-07
11928      8.25039e-07
11936      8.04699e-07
11944      8.08812e-07
11952      7.97258e-07
11960      7.43722e-07
11968      7.19007e-07
11976      7.44377e-07
11984      8.02418e-07
11992      8.2949e-07
12000      7.92286e-07
12008      7.54463e-07
12016      7.30148e-07
12024      7.42891e-07
12032      7.8146e-07
12040      7.73442e-07
12048      7.53439e-07
12056      7.73147e-07
12064      7.81838e-07
12072      7.63513e-07
12080      7.03647e-07
12088      6.58512e-07
12096      6.84182e-07
12104      7.09262e-07
12112      7.27365e-07
12120      7.8098e-07
12128      8.31379e-07
12136      8.49359e-07
12144      8.1278e-07
12152      7.52997e-07
12160      7.19549e-07
12168      7.34615e-07
12176      7.33648e-07
12184      7.15338e-07
12192      7.23871e-07
12200      7.46918e-07
12208      7.70135e-07
12216      7.63361e-07
12224      7.57895e-07
12232      7.55132e-07
12240      7.83947e-07
12248      8.06205e-07
12256      8.18282e-07
12264      8.53422e-07
12272      8.93248e-07
12280      9.01209e-07
12288      8.82691e-07
12296      8.30616e-07
12304      7.51288e-07
12312      7.2863e-07
12320      7.4374e-07
12328      7.49284e-07
12336      7.46473e-07
12344      7.65996e-07
12352      7.98161e-07
12360      8.16956e-07
12368      8.16209e-07
12376      8.08457e-07
12384      8.44622e-07
12392      8.77714e-07
12400      8.61259e-07
12408      8.32421e-07
12416      8.1103e-07
12424      7.89838e-07
12432      7.90918e-07
12440      7.76726e-07
12448      7.43287e-07
12456      7.3488e-07
12464      7.69898e-07
12472      7.62226e-07
12480      7.33808e-07
12488      7.18563e-07
12496      7.29198e-07
12504      7.59162e-07
12512      7.60358e-07
12520      7.11681e-07
12528      6.74721e-07
12536      6.99658e-07
12544      7.57532e-07
12552      7.88059e-07
12560      7.807e-07 
12568      7.58548e-07
12576      7.33981e-07
12584      7.45577e-07
12592      7.49925e-07
12600      7.37448e-07
12608      7.72618e-07
12616      8.35201e-07
12624      8.61913e-07
12632      8.35366e-07
12640      7.82803e-07
12648      7.29679e-07
12656      7.33531e-07
12664      7.60236e-07
12672      7.90355e-07
12680      8.38248e-07
12688      8.5218e-07
12696      8.23738e-07
12704      7.73972e-07
12712      7.43755e-07
12720      7.27128e-07
12728      7.41597e-07
12736      7.57204e-07
12744      7.80877e-07
12752      8.09211e-07
12760      8.0881e-07
12768      8.26638e-07
12776      7.98733e-07
12784      7.22438e-07
12792      6.88945e-07
12800      7.13677e-07
