# Freq.    Mag.
0          2.64996e-05
1          2.61272e-05
2          2.14752e-05
3          1.82639e-05
4          1.86944e-05
5          1.88178e-05
6          1.88145e-05
7          1.89588e-05
8          1.8957e-05
9          1.89421e-05
10         1.90544e-05
11         1.8954e-05
12         1.89603e-05
13         1.91237e-05
14         1.92392e-05
15         1.91348e-05
16         1.87932e-05
17         1.86419e-05
18         1.86442e-05
19         1.87875e-05
20         1.91149e-05
21         1.91921e-05
22         1.87862e-05
23         1.82145e-05
24         1.80548e-05
25         1.81817e-05
26         1.83842e-05
27         1.83983e-05
28         1.81174e-05
29         1.78268e-05
30         1.76755e-05
31         1.78602e-05
32         1.8086e-05
33         1.79414e-05
34         1.75907e-05
35         1.72528e-05
36         1.7103e-05
37         2.02273e-05
38         2.7252e-05
39         2.90759e-05
40         2.8723e-05
41         2.54733e-05
42         1.83351e-05
43         1.59339e-05
44         1.56404e-05
45         1.54704e-05
46         1.54754e-05
47         1.56519e-05
48         1.56817e-05
49         1.56741e-05
50         1.53937e-05
51         1.50356e-05
52         1.47978e-05
53         1.47385e-05
54         1.48439e-05
55         1.4655e-05
56         1.42989e-05
57         1.38898e-05
58         1.35908e-05
59         1.3541e-05
60         1.3079e-05
61         1.25813e-05
62         1.20964e-05
63         1.17004e-05
64         1.15813e-05
65         1.12502e-05
66         1.08623e-05
67         1.09339e-05
68         1.11712e-05
69         1.12083e-05
70         1.09718e-05
71         1.07816e-05
72         1.07473e-05
73         1.05797e-05
74         1.04118e-05
75         1.01787e-05
76         9.95589e-06
77         9.85958e-06
78         9.84243e-06
79         9.72543e-06
80         9.59105e-06
81         9.41379e-06
82         9.2732e-06
83         9.1256e-06
84         9.04284e-06
85         9.07151e-06
86         8.87762e-06
87         8.57308e-06
88         8.3674e-06
89         8.37585e-06
90         8.51299e-06
91         8.72226e-06
92         8.7372e-06
93         8.399e-06 
94         8.27213e-06
95         8.71695e-06
96         9.06003e-06
97         8.96858e-06
98         8.58815e-06
99         8.37909e-06
100        8.39523e-06
101        8.3343e-06
102        8.53151e-06
103        8.55119e-06
104        8.26897e-06
105        8.14065e-06
106        8.31293e-06
107        8.57643e-06
108        8.65449e-06
109        8.71678e-06
110        8.68561e-06
111        8.76753e-06
112        8.91561e-06
113        8.88328e-06
114        9.01314e-06
115        9.23594e-06
116        1.08545e-05
117        1.32725e-05
118        1.36702e-05
119        1.40045e-05
120        1.30095e-05
121        1.11825e-05
122        9.91203e-06
123        8.95089e-06
124        9.01824e-06
125        9.35078e-06
126        9.26422e-06
127        9.09572e-06
128        9.13116e-06
129        9.28154e-06
130        9.39204e-06
131        9.37563e-06
132        9.21253e-06
133        9.28164e-06
134        9.38758e-06
135        9.50843e-06
136        9.58043e-06
137        9.47443e-06
138        9.23145e-06
139        9.04369e-06
140        8.87894e-06
141        8.80409e-06
142        8.86955e-06
143        8.64238e-06
144        8.5658e-06
145        8.96443e-06
146        9.57647e-06
147        9.90938e-06
148        1.00255e-05
149        1.00327e-05
150        1.00009e-05
151        9.97141e-06
152        9.77105e-06
153        9.52364e-06
154        9.40158e-06
155        9.35187e-06
156        9.27945e-06
157        9.18116e-06
158        9.11229e-06
159        9.12644e-06
160        8.99512e-06
161        8.68309e-06
162        8.46653e-06
163        8.50556e-06
164        8.7713e-06
165        9.01998e-06
166        8.9987e-06
167        9.24238e-06
168        9.4379e-06
169        9.30003e-06
170        9.27268e-06
171        9.24636e-06
172        9.17962e-06
173        9.17485e-06
174        9.24877e-06
175        8.96775e-06
176        8.44829e-06
177        8.10362e-06
178        8.64485e-06
179        9.75112e-06
180        1.02567e-05
181        1.03476e-05
182        9.33783e-06
183        8.24092e-06
184        8.07867e-06
185        7.93084e-06
186        7.82611e-06
187        8.09994e-06
188        8.32999e-06
189        8.61062e-06
190        8.80402e-06
191        8.64333e-06
192        8.50179e-06
193        8.66691e-06
194        9.0051e-06
195        9.72507e-06
196        1.037e-05 
197        1.02383e-05
198        1.01359e-05
199        9.14305e-06
200        8.24298e-06
201        8.4137e-06
202        9.03539e-06
203        9.2406e-06
204        8.93683e-06
205        8.37816e-06
206        8.16177e-06
207        8.26441e-06
208        8.27904e-06
209        8.23996e-06
210        8.20154e-06
211        8.29183e-06
212        8.51158e-06
213        8.40452e-06
214        8.17477e-06
215        8.04303e-06
216        7.99869e-06
217        8.27719e-06
218        8.38195e-06
219        8.47033e-06
220        8.60684e-06
221        8.6371e-06
222        8.95439e-06
223        9.06612e-06
224        8.93731e-06
225        8.70802e-06
226        8.65768e-06
227        8.60108e-06
228        8.50347e-06
229        8.65687e-06
230        8.97024e-06
231        9.0078e-06
232        8.7268e-06
233        8.55452e-06
234        8.43094e-06
235        8.31246e-06
236        8.50268e-06
237        8.87438e-06
238        9.66085e-06
239        1.01312e-05
240        9.74175e-06
241        9.31113e-06
242        8.75666e-06
243        8.85593e-06
244        9.37503e-06
245        9.37562e-06
246        9.08435e-06
247        8.89024e-06
248        8.88833e-06
249        9.03103e-06
250        9.20389e-06
251        8.96446e-06
252        8.36168e-06
253        7.96437e-06
254        8.30971e-06
255        8.79631e-06
256        8.86065e-06
257        8.73048e-06
258        8.41363e-06
259        8.22731e-06
260        8.27715e-06
261        8.24376e-06
262        8.16331e-06
263        8.22718e-06
264        8.3636e-06
265        8.59429e-06
266        8.55337e-06
267        8.36043e-06
268        8.31653e-06
269        8.35912e-06
270        8.43713e-06
271        8.41901e-06
272        8.49525e-06
273        8.94998e-06
274        9.81693e-06
275        1.02839e-05
276        1.02765e-05
277        1.01253e-05
278        9.15456e-06
279        8.39253e-06
280        7.8891e-06
281        7.7553e-06
282        7.89145e-06
283        8.05725e-06
284        8.13328e-06
285        7.84196e-06
286        7.77092e-06
287        7.80732e-06
288        7.63645e-06
289        7.45499e-06
290        7.60566e-06
291        7.95429e-06
292        7.96784e-06
293        7.95033e-06
294        7.99317e-06
295        8.00165e-06
296        8.06797e-06
297        7.95145e-06
298        8.09563e-06
299        8.85546e-06
300        9.33586e-06
301        9.57211e-06
302        8.96202e-06
303        8.25004e-06
304        7.97574e-06
305        7.75854e-06
306        7.64172e-06
307        7.5795e-06
308        7.77663e-06
309        7.97902e-06
310        8.02219e-06
311        8.09799e-06
312        8.05281e-06
313        7.81883e-06
314        7.477e-06 
315        7.48726e-06
316        7.88174e-06
317        8.22621e-06
318        8.36375e-06
319        8.19671e-06
320        7.90832e-06
321        7.91461e-06
322        8.0512e-06
323        8.16955e-06
324        8.02438e-06
325        7.85277e-06
326        8.04002e-06
327        8.31994e-06
328        8.32273e-06
329        8.13657e-06
330        7.86793e-06
331        7.83943e-06
332        8.04704e-06
333        8.37023e-06
334        8.4458e-06
335        8.00668e-06
336        7.79351e-06
337        7.88903e-06
338        7.91365e-06
339        7.75772e-06
340        7.58833e-06
341        7.60972e-06
342        8.02151e-06
343        8.15095e-06
344        8.02346e-06
345        7.99758e-06
346        8.02466e-06
347        8.07799e-06
348        8.13551e-06
349        8.31665e-06
350        8.63423e-06
351        8.79812e-06
352        8.72726e-06
353        8.96372e-06
354        9.20231e-06
355        9.03569e-06
356        8.91181e-06
357        8.52163e-06
358        8.58974e-06
359        9.055e-06 
360        9.18125e-06
361        9.34728e-06
362        8.78827e-06
363        8.27806e-06
364        8.32803e-06
365        8.42423e-06
366        8.11616e-06
367        7.78786e-06
368        7.73521e-06
369        7.80146e-06
370        7.71556e-06
371        7.52959e-06
372        7.69824e-06
373        8.00273e-06
374        8.02024e-06
375        7.87674e-06
376        7.59276e-06
377        7.30575e-06
378        7.27985e-06
379        7.50737e-06
380        7.84731e-06
381        8.02154e-06
382        8.01875e-06
383        7.9977e-06
384        8.04753e-06
385        7.96911e-06
386        7.60652e-06
387        7.45253e-06
388        7.51762e-06
389        7.54874e-06
390        7.58879e-06
391        7.79866e-06
392        8.05065e-06
393        8.07501e-06
394        7.8777e-06
395        7.7742e-06
396        7.85028e-06
397        8.08593e-06
398        8.5162e-06
399        8.75535e-06
400        8.79487e-06
401        8.53662e-06
402        8.23317e-06
403        8.14373e-06
404        8.15437e-06
405        8.40109e-06
406        8.69074e-06
407        8.60155e-06
408        8.56908e-06
409        8.5552e-06
410        8.30947e-06
411        8.26638e-06
412        8.27277e-06
413        8.2128e-06
414        7.94736e-06
415        7.69186e-06
416        7.50297e-06
417        7.31471e-06
418        7.67864e-06
419        8.45579e-06
420        8.78339e-06
421        9.06275e-06
422        8.80161e-06
423        8.31283e-06
424        7.93196e-06
425        7.6923e-06
426        7.62778e-06
427        7.69979e-06
428        7.81857e-06
429        7.60894e-06
430        7.38816e-06
431        7.44329e-06
432        7.9311e-06
433        8.38629e-06
434        8.74166e-06
435        8.90188e-06
436        8.73155e-06
437        8.72223e-06
438        8.60755e-06
439        8.41544e-06
440        8.21022e-06
441        8.12792e-06
442        8.12128e-06
443        8.08812e-06
444        8.3185e-06
445        8.36629e-06
446        8.37715e-06
447        8.38014e-06
448        8.25589e-06
449        8.16231e-06
450        7.97348e-06
451        7.41188e-06
452        6.91312e-06
453        6.98159e-06
454        7.20248e-06
455        7.34719e-06
456        7.26649e-06
457        7.47751e-06
458        7.69139e-06
459        7.57861e-06
460        7.46587e-06
461        7.47152e-06
462        7.43792e-06
463        7.38026e-06
464        7.47267e-06
465        7.53308e-06
466        7.6597e-06
467        7.61752e-06
468        7.62273e-06
469        7.72975e-06
470        7.55612e-06
471        7.22404e-06
472        6.96562e-06
473        7.16625e-06
474        7.61818e-06
475        7.96461e-06
476        8.03135e-06
477        7.98678e-06
478        8.39144e-06
479        8.71755e-06
480        8.43246e-06
481        8.13368e-06
482        7.62588e-06
483        7.3489e-06
484        7.39793e-06
485        7.55513e-06
486        7.84998e-06
487        7.94123e-06
488        7.74531e-06
489        7.55557e-06
490        7.44886e-06
491        7.29075e-06
492        7.3933e-06
493        7.53045e-06
494        7.56327e-06
495        7.43357e-06
496        7.32616e-06
497        7.31688e-06
498        7.47876e-06
499        7.58899e-06
500        7.60807e-06
501        7.59668e-06
502        7.60767e-06
503        7.74989e-06
504        7.81618e-06
505        7.78375e-06
506        7.80335e-06
507        7.68857e-06
508        7.68029e-06
509        7.9054e-06
510        7.90892e-06
511        8.03428e-06
512        8.22208e-06
513        8.02031e-06
514        7.44948e-06
515        7.0927e-06
516        7.15866e-06
517        7.65052e-06
518        8.25113e-06
519        8.25124e-06
520        7.99064e-06
521        7.78771e-06
522        7.62575e-06
523        7.56932e-06
524        7.8806e-06
525        8.15852e-06
526        8.12412e-06
527        8.22891e-06
528        8.24583e-06
529        7.9295e-06
530        7.55061e-06
531        7.40436e-06
532        7.48309e-06
533        7.45674e-06
534        7.40025e-06
535        7.56815e-06
536        7.9299e-06
537        8.11587e-06
538        8.37666e-06
539        8.61851e-06
540        8.33748e-06
541        8.10974e-06
542        7.71833e-06
543        7.61092e-06
544        7.78147e-06
545        7.82935e-06
546        7.81496e-06
547        7.52604e-06
548        7.33566e-06
549        7.48604e-06
550        7.57079e-06
551        7.6092e-06
552        7.61423e-06
553        7.56609e-06
554        7.65475e-06
555        7.7281e-06
556        7.58356e-06
557        7.66766e-06
558        7.92501e-06
559        8.06887e-06
560        8.11514e-06
561        7.75267e-06
562        7.28975e-06
563        7.16029e-06
564        7.00956e-06
565        6.93549e-06
566        7.17939e-06
567        7.39476e-06
568        7.45152e-06
569        7.44986e-06
570        7.25948e-06
571        7.04163e-06
572        7.13952e-06
573        7.26421e-06
574        7.24516e-06
575        7.13592e-06
576        6.98745e-06
577        6.99435e-06
578        7.1831e-06
579        7.10619e-06
580        6.91889e-06
581        7.18976e-06
582        7.25419e-06
583        7.0849e-06
584        7.02843e-06
585        7.00923e-06
586        7.28507e-06
587        7.51434e-06
588        7.32662e-06
589        7.13047e-06
590        7.29083e-06
591        7.624e-06 
592        7.74673e-06
593        7.66297e-06
594        7.55974e-06
595        7.4897e-06
596        7.4823e-06
597        7.56307e-06
598        7.48948e-06
599        7.39401e-06
600        7.46406e-06
601        7.52181e-06
602        7.23e-06  
603        7.25083e-06
604        7.50727e-06
605        7.60857e-06
606        7.72689e-06
607        7.97102e-06
608        8.14678e-06
609        7.9951e-06
610        7.62396e-06
611        7.11064e-06
612        6.93181e-06
613        7.19594e-06
614        7.51613e-06
615        7.68079e-06
616        7.65361e-06
617        7.36521e-06
618        7.02894e-06
619        6.71464e-06
620        6.5587e-06
621        6.72521e-06
622        7.02934e-06
623        7.19702e-06
624        7.28741e-06
625        7.33071e-06
626        7.43871e-06
627        7.45439e-06
628        7.29654e-06
629        7.18966e-06
630        7.2158e-06
631        7.33487e-06
632        7.27372e-06
633        7.19496e-06
634        7.00227e-06
635        6.98119e-06
636        7.24596e-06
637        7.59878e-06
638        7.59484e-06
639        7.1715e-06
640        6.92851e-06
641        7.01688e-06
642        7.44897e-06
643        7.70266e-06
644        7.59406e-06
645        7.33878e-06
646        7.22986e-06
647        7.37269e-06
648        7.49145e-06
649        7.81972e-06
650        7.94599e-06
651        7.76236e-06
652        7.55757e-06
653        7.5019e-06
654        7.40615e-06
655        7.0113e-06
656        6.64901e-06
657        6.60866e-06
658        6.74545e-06
659        7.02671e-06
660        7.18129e-06
661        7.22518e-06
662        7.33212e-06
663        7.42284e-06
664        7.49894e-06
665        7.40728e-06
666        7.0303e-06
667        6.80095e-06
668        7.01604e-06
669        7.35963e-06
670        7.32396e-06
671        7.08013e-06
672        6.82078e-06
673        6.86982e-06
674        7.32394e-06
675        7.38703e-06
676        7.14006e-06
677        7.00012e-06
678        7.00782e-06
679        7.22243e-06
680        7.18242e-06
681        7.15654e-06
682        7.17371e-06
683        7.1244e-06
684        7.08623e-06
685        6.9779e-06
686        7.06598e-06
687        7.10162e-06
688        6.95595e-06
689        6.99041e-06
690        7.12218e-06
691        7.00131e-06
692        6.95519e-06
693        6.93451e-06
694        6.90077e-06
695        6.76675e-06
696        6.67326e-06
697        6.799e-06 
698        7.00112e-06
699        7.28076e-06
700        7.32486e-06
701        7.31858e-06
702        7.24189e-06
703        7.14814e-06
704        7.20576e-06
705        7.31063e-06
706        7.25124e-06
707        6.99768e-06
708        6.91747e-06
709        7.16707e-06
710        7.38912e-06
711        7.61951e-06
712        7.57686e-06
713        7.21476e-06
714        6.92064e-06
715        6.9523e-06
716        7.09341e-06
717        7.07538e-06
718        7.08226e-06
719        7.22325e-06
720        7.08072e-06
721        6.79613e-06
722        6.57594e-06
723        6.65996e-06
724        6.93387e-06
725        7.11271e-06
726        7.1275e-06
727        6.85609e-06
728        6.81617e-06
729        7.01307e-06
730        7.13427e-06
731        7.02565e-06
732        6.78092e-06
733        6.78735e-06
734        6.98106e-06
735        7.2203e-06
736        7.26002e-06
737        7.16577e-06
738        7.12428e-06
739        7.05742e-06
740        7.08682e-06
741        7.23718e-06
742        7.28563e-06
743        7.34902e-06
744        7.24134e-06
745        6.96045e-06
746        6.93736e-06
747        7.07945e-06
748        7.10433e-06
749        7.05341e-06
750        6.98142e-06
751        6.99965e-06
752        6.91617e-06
753        6.87216e-06
754        7.10394e-06
755        7.17367e-06
756        7.14148e-06
757        7.01814e-06
758        6.84371e-06
759        6.88694e-06
760        7.02238e-06
761        7.16082e-06
762        7.20379e-06
763        7.18146e-06
764        7.22076e-06
765        7.35288e-06
766        7.32649e-06
767        7.15809e-06
768        6.95613e-06
769        6.73174e-06
770        6.7585e-06
771        7.04244e-06
772        7.07231e-06
773        7.05109e-06
774        7.3016e-06
775        7.46281e-06
776        7.49055e-06
777        7.54645e-06
778        7.5868e-06
779        7.67711e-06
780        7.58654e-06
781        7.61927e-06
782        7.48406e-06
783        7.28107e-06
784        7.21275e-06
785        7.22985e-06
786        7.26762e-06
787        7.32819e-06
788        7.49902e-06
789        7.55164e-06
790        7.26503e-06
791        7.0716e-06
792        7.05921e-06
793        7.02906e-06
794        7.11771e-06
795        6.95784e-06
796        6.85646e-06
797        7.09566e-06
798        7.06618e-06
799        7.12141e-06
800        7.21836e-06
801        7.21515e-06
802        7.12683e-06
803        6.89527e-06
804        6.82432e-06
805        6.93412e-06
806        6.98347e-06
807        7.25021e-06
808        7.36331e-06
809        7.14743e-06
810        6.8696e-06
811        6.70912e-06
812        6.87072e-06
813        7.03298e-06
814        7.05955e-06
815        6.79353e-06
816        6.54384e-06
817        6.64009e-06
818        6.60467e-06
819        6.38727e-06
820        6.19149e-06
821        6.09321e-06
822        6.11189e-06
823        6.21292e-06
824        6.41735e-06
825        6.69535e-06
826        6.8999e-06
827        6.94871e-06
828        6.97168e-06
829        6.83491e-06
830        6.59427e-06
831        6.2916e-06
832        6.26996e-06
833        6.35952e-06
834        6.49891e-06
835        6.75389e-06
836        6.95481e-06
837        7.14123e-06
838        7.21833e-06
839        7.35849e-06
840        7.09333e-06
841        6.92396e-06
842        6.86325e-06
843        6.97457e-06
844        7.15043e-06
845        7.02313e-06
846        6.85686e-06
847        6.85544e-06
848        7.0525e-06
849        7.19046e-06
850        7.07972e-06
851        6.80327e-06
852        6.57494e-06
853        6.61571e-06
854        6.73703e-06
855        6.86515e-06
856        6.93251e-06
857        6.8352e-06
858        6.77157e-06
859        6.71864e-06
860        6.74985e-06
861        6.79307e-06
862        6.81087e-06
863        6.91148e-06
864        7.09654e-06
865        7.09791e-06
866        6.95966e-06
867        6.85316e-06
868        6.67118e-06
869        6.5622e-06
870        6.5468e-06
871        6.38587e-06
872        6.40027e-06
873        6.50088e-06
874        6.64758e-06
875        6.84382e-06
876        6.97195e-06
877        6.96492e-06
878        6.87619e-06
879        6.89338e-06
880        7.02069e-06
881        6.92336e-06
882        6.67556e-06
883        6.64792e-06
884        6.62274e-06
885        6.57136e-06
886        6.546e-06 
887        6.52143e-06
888        6.43823e-06
889        6.50406e-06
890        6.73457e-06
891        6.93705e-06
892        6.946e-06 
893        6.78779e-06
894        6.69774e-06
895        6.67616e-06
896        6.70702e-06
897        6.62025e-06
898        6.64414e-06
899        6.88663e-06
900        6.99648e-06
901        6.88418e-06
902        6.71937e-06
903        6.64964e-06
904        6.85426e-06
905        7.15253e-06
906        7.14491e-06
907        6.92033e-06
908        6.71709e-06
909        6.63547e-06
910        6.70124e-06
911        6.73785e-06
912        6.83874e-06
913        6.96727e-06
914        7.02354e-06
915        6.91876e-06
916        6.77081e-06
917        6.69234e-06
918        6.73084e-06
919        6.95863e-06
920        7.09032e-06
921        6.94957e-06
922        6.91682e-06
923        6.96803e-06
924        6.92766e-06
925        7.03834e-06
926        6.95631e-06
927        6.75302e-06
928        6.51748e-06
929        6.19184e-06
930        6.15443e-06
931        6.27054e-06
932        6.45868e-06
933        6.58223e-06
934        6.64736e-06
935        6.61373e-06
936        6.59737e-06
937        6.6174e-06
938        6.51296e-06
939        6.22803e-06
940        6.05786e-06
941        6.30762e-06
942        6.64848e-06
943        6.68583e-06
944        6.50214e-06
945        6.45268e-06
946        6.42341e-06
947        6.63797e-06
948        6.90451e-06
949        6.99847e-06
950        7.02271e-06
951        6.90025e-06
952        6.72982e-06
953        6.65596e-06
954        6.55596e-06
955        6.34044e-06
956        6.1614e-06
957        6.29975e-06
958        6.59204e-06
959        6.92062e-06
960        7.00113e-06
961        6.57305e-06
962        6.40142e-06
963        6.65929e-06
964        6.65661e-06
965        6.59586e-06
966        6.4539e-06
967        6.27281e-06
968        6.30737e-06
969        6.47246e-06
970        6.70652e-06
971        6.82972e-06
972        6.81238e-06
973        6.74886e-06
974        6.69855e-06
975        6.68914e-06
976        6.40415e-06
977        6.11678e-06
978        6.05296e-06
979        6.29902e-06
980        6.69337e-06
981        6.83586e-06
982        6.7393e-06
983        6.56082e-06
984        6.54777e-06
985        6.61484e-06
986        6.43606e-06
987        6.20148e-06
988        6.06445e-06
989        5.92935e-06
990        5.93785e-06
991        6.06247e-06
992        6.31328e-06
993        6.47267e-06
994        6.46478e-06
995        6.34269e-06
996        6.12367e-06
997        6.04851e-06
998        6.36021e-06
999        6.7266e-06
1000       6.8506e-06
1001       6.78442e-06
1002       6.37893e-06
1003       6.00839e-06
1004       6.06892e-06
1005       6.36393e-06
1006       6.40372e-06
1007       6.53955e-06
1008       6.6144e-06
1009       6.60152e-06
1010       6.78139e-06
1011       6.72037e-06
1012       6.60304e-06
1013       6.70956e-06
1014       6.67808e-06
1015       6.33465e-06
1016       6.18697e-06
1017       6.14956e-06
1018       6.18392e-06
1019       6.1963e-06
1020       6.26261e-06
1021       6.41818e-06
1022       6.58084e-06
1023       6.65769e-06
1024       6.71533e-06
1025       6.74807e-06
1026       6.75278e-06
1027       6.72202e-06
1028       6.54619e-06
1029       6.25129e-06
1030       6.00914e-06
1031       5.82623e-06
1032       5.818e-06 
1033       6.0439e-06
1034       6.47604e-06
1035       6.57159e-06
1036       6.44308e-06
1037       6.40768e-06
1038       6.43639e-06
1039       6.4063e-06
1040       6.25753e-06
1041       6.17738e-06
1042       6.20051e-06
1043       6.21836e-06
1044       6.26679e-06
1045       6.18819e-06
1046       6.18143e-06
1047       6.12464e-06
1048       6.02631e-06
1049       5.91818e-06
1050       5.80599e-06
1051       5.7259e-06
1052       5.79771e-06
1053       6.02109e-06
1054       6.19225e-06
1055       6.25097e-06
1056       6.33032e-06
1057       6.27535e-06
1058       6.17074e-06
1059       6.27516e-06
1060       6.42785e-06
1061       6.55527e-06
1062       6.60976e-06
1063       6.65145e-06
1064       6.59505e-06
1065       6.36467e-06
1066       6.27053e-06
1067       6.17777e-06
1068       6.06708e-06
1069       6.08018e-06
1070       6.18812e-06
1071       6.24424e-06
1072       6.24569e-06
1073       6.13273e-06
1074       6.07121e-06
1075       6.07822e-06
1076       6.02799e-06
1077       6.09233e-06
1078       6.07502e-06
1079       6.2383e-06
1080       6.42623e-06
1081       6.42108e-06
1082       6.43726e-06
1083       6.48568e-06
1084       6.38053e-06
1085       6.24484e-06
1086       6.27407e-06
1087       6.29811e-06
1088       6.31345e-06
1089       6.38964e-06
1090       6.51e-06  
1091       6.47872e-06
1092       6.26794e-06
1093       5.93519e-06
1094       5.63963e-06
1095       5.47556e-06
1096       5.39398e-06
1097       5.39632e-06
1098       5.60556e-06
1099       6.01453e-06
1100       6.13082e-06
1101       6.03905e-06
1102       6.10861e-06
1103       6.3204e-06
1104       6.53976e-06
1105       6.43011e-06
1106       6.02945e-06
1107       5.83493e-06
1108       6.02214e-06
1109       6.3149e-06
1110       6.46991e-06
1111       6.51696e-06
1112       6.32694e-06
1113       6.19888e-06
1114       6.20332e-06
1115       5.92609e-06
1116       5.66346e-06
1117       5.81839e-06
1118       6.10572e-06
1119       6.26278e-06
1120       6.36965e-06
1121       6.24808e-06
1122       6.07406e-06
1123       6.06994e-06
1124       5.92082e-06
1125       5.78832e-06
1126       5.71663e-06
1127       5.49112e-06
1128       5.46848e-06
1129       5.66304e-06
1130       5.62566e-06
1131       5.60892e-06
1132       5.67697e-06
1133       5.76142e-06
1134       5.72446e-06
1135       5.45326e-06
1136       5.34532e-06
1137       5.60288e-06
1138       5.96831e-06
1139       6.18781e-06
1140       6.47522e-06
1141       6.56662e-06
1142       6.40084e-06
1143       6.13492e-06
1144       5.96283e-06
1145       6.03783e-06
1146       6.28345e-06
1147       6.3461e-06
1148       6.03826e-06
1149       5.84188e-06
1150       5.97327e-06
1151       6.16898e-06
1152       6.35535e-06
1153       6.26711e-06
1154       6.08498e-06
1155       6.00923e-06
1156       6.00549e-06
1157       5.94666e-06
1158       5.86832e-06
1159       5.77821e-06
1160       5.75598e-06
1161       5.7426e-06
1162       5.76112e-06
1163       5.84662e-06
1164       5.93154e-06
1165       5.71544e-06
1166       5.40121e-06
1167       5.36001e-06
1168       5.59159e-06
1169       5.89374e-06
1170       6.11769e-06
1171       6.09676e-06
1172       6.02281e-06
1173       5.95511e-06
1174       6.04004e-06
1175       6.05466e-06
1176       5.66412e-06
1177       5.23661e-06
1178       5.09908e-06
1179       5.30052e-06
1180       5.54882e-06
1181       5.6577e-06
1182       5.72871e-06
1183       5.81701e-06
1184       5.83171e-06
1185       5.82068e-06
1186       5.7296e-06
1187       5.71824e-06
1188       5.74654e-06
1189       5.5317e-06
1190       5.40675e-06
1191       5.33458e-06
1192       5.35691e-06
1193       5.43479e-06
1194       5.63197e-06
1195       5.74904e-06
1196       5.70367e-06
1197       5.79424e-06
1198       5.97796e-06
1199       6.14675e-06
1200       5.87709e-06
1201       5.39509e-06
1202       5.38078e-06
1203       5.71924e-06
1204       6.03856e-06
1205       6.26229e-06
1206       6.29414e-06
1207       6.18791e-06
1208       5.89775e-06
1209       5.73093e-06
1210       5.64122e-06
1211       5.54176e-06
1212       5.49894e-06
1213       5.50065e-06
1214       5.74754e-06
1215       5.95861e-06
1216       5.99822e-06
1217       5.89286e-06
1218       5.65051e-06
1219       5.43696e-06
1220       5.41754e-06
1221       5.39622e-06
1222       5.36931e-06
1223       5.47525e-06
1224       5.51099e-06
1225       5.4686e-06
1226       5.40962e-06
1227       5.60462e-06
1228       5.9872e-06
1229       6.20888e-06
1230       6.15005e-06
1231       6.16472e-06
1232       6.17027e-06
1233       6.0297e-06
1234       5.94222e-06
1235       5.99851e-06
1236       5.92072e-06
1237       5.80678e-06
1238       5.79829e-06
1239       5.77146e-06
1240       5.72542e-06
1241       5.65848e-06
1242       5.68045e-06
1243       5.80083e-06
1244       5.88992e-06
1245       5.82752e-06
1246       5.59883e-06
1247       5.4598e-06
1248       5.59551e-06
1249       5.67274e-06
1250       5.56044e-06
1251       5.46575e-06
1252       5.34959e-06
1253       5.36169e-06
1254       5.51284e-06
1255       5.67183e-06
1256       5.65627e-06
1257       5.52301e-06
1258       5.52114e-06
1259       5.60649e-06
1260       5.4874e-06
1261       5.32317e-06
1262       5.35324e-06
1263       5.64145e-06
1264       5.75541e-06
1265       5.58326e-06
1266       5.19624e-06
1267       5.10235e-06
1268       5.39651e-06
1269       5.67926e-06
1270       5.80939e-06
1271       5.97028e-06
1272       6.11763e-06
1273       6.18261e-06
1274       6.17065e-06
1275       6.03704e-06
1276       6.00089e-06
1277       5.96968e-06
1278       5.8319e-06
1279       5.67289e-06
1280       5.62495e-06
1281       5.7773e-06
1282       5.99209e-06
1283       6.18736e-06
1284       6.20386e-06
1285       6.26001e-06
1286       5.9384e-06
1287       5.47822e-06
1288       5.32092e-06
1289       5.36832e-06
1290       5.79573e-06
1291       6.1043e-06
1292       6.08705e-06
1293       5.87122e-06
1294       5.64019e-06
1295       5.76263e-06
1296       5.84556e-06
1297       5.68224e-06
1298       5.56006e-06
1299       5.65072e-06
1300       5.64056e-06
1301       5.46676e-06
1302       5.42429e-06
1303       5.55196e-06
1304       5.72641e-06
1305       5.75608e-06
1306       5.57842e-06
1307       5.59869e-06
1308       5.69205e-06
1309       5.71277e-06
1310       5.78226e-06
1311       5.60925e-06
1312       5.53687e-06
1313       5.54914e-06
1314       5.46932e-06
1315       5.31433e-06
1316       5.51778e-06
1317       5.80721e-06
1318       5.82226e-06
1319       5.64457e-06
1320       5.47592e-06
1321       5.4809e-06
1322       5.48317e-06
1323       5.46787e-06
1324       5.61687e-06
1325       5.65037e-06
1326       5.48176e-06
1327       5.36128e-06
1328       5.44072e-06
1329       5.60704e-06
1330       5.70622e-06
1331       5.68106e-06
1332       5.64095e-06
1333       5.43588e-06
1334       5.31576e-06
1335       5.2378e-06
1336       5.11979e-06
1337       5.28946e-06
1338       5.50465e-06
1339       5.58349e-06
1340       5.55086e-06
1341       5.61293e-06
1342       5.7407e-06
1343       5.64411e-06
1344       5.55002e-06
1345       5.51165e-06
1346       5.40316e-06
1347       5.28619e-06
1348       5.23021e-06
1349       5.25651e-06
1350       5.15981e-06
1351       5.14535e-06
1352       5.36861e-06
1353       5.715e-06 
1354       5.83388e-06
1355       5.51111e-06
1356       5.21701e-06
1357       5.15771e-06
1358       5.37039e-06
1359       5.5026e-06
1360       5.39103e-06
1361       5.21473e-06
1362       5.23539e-06
1363       5.3554e-06
1364       5.52319e-06
1365       5.67659e-06
1366       5.78323e-06
1367       5.73861e-06
1368       5.52371e-06
1369       5.27422e-06
1370       5.20011e-06
1371       5.17173e-06
1372       5.09001e-06
1373       5.11485e-06
1374       5.28736e-06
1375       5.62174e-06
1376       5.82055e-06
1377       6.00041e-06
1378       6.14977e-06
1379       6.07551e-06
1380       5.86567e-06
1381       5.62336e-06
1382       5.2501e-06
1383       5.02711e-06
1384       5.04441e-06
1385       5.05086e-06
1386       5.07338e-06
1387       5.15844e-06
1388       5.37061e-06
1389       5.57822e-06
1390       5.65265e-06
1391       5.59566e-06
1392       5.4414e-06
1393       5.16998e-06
1394       4.94255e-06
1395       4.77715e-06
1396       4.7496e-06
1397       4.94192e-06
1398       5.24414e-06
1399       5.40368e-06
1400       5.26295e-06
1401       5.26629e-06
1402       5.59623e-06
1403       5.73185e-06
1404       5.66529e-06
1405       5.52012e-06
1406       5.40513e-06
1407       5.49098e-06
1408       5.52071e-06
1409       5.33897e-06
1410       5.43138e-06
1411       5.53799e-06
1412       5.47642e-06
1413       5.40114e-06
1414       5.27595e-06
1415       5.30988e-06
1416       5.3919e-06
1417       5.35742e-06
1418       5.15002e-06
1419       5.02809e-06
1420       5.0403e-06
1421       4.98102e-06
1422       4.84543e-06
1423       4.95817e-06
1424       4.85558e-06
1425       4.65374e-06
1426       4.84639e-06
1427       5.08726e-06
1428       5.23692e-06
1429       5.19627e-06
1430       5.09432e-06
1431       5.10932e-06
1432       5.13339e-06
1433       5.27722e-06
1434       5.23164e-06
1435       5.22234e-06
1436       5.30503e-06
1437       5.24304e-06
1438       5.17452e-06
1439       5.26672e-06
1440       5.38777e-06
1441       5.42069e-06
1442       5.29089e-06
1443       5.13793e-06
1444       5.13842e-06
1445       5.29007e-06
1446       5.25052e-06
1447       5.21127e-06
1448       5.14203e-06
1449       4.96363e-06
1450       4.87323e-06
1451       4.95349e-06
1452       5.2145e-06
1453       5.52378e-06
1454       5.63998e-06
1455       5.62988e-06
1456       5.49468e-06
1457       5.39056e-06
1458       5.51117e-06
1459       5.45729e-06
1460       5.26296e-06
1461       5.13884e-06
1462       5.13049e-06
1463       5.18731e-06
1464       5.21444e-06
1465       5.2173e-06
1466       5.16407e-06
1467       5.12737e-06
1468       5.14032e-06
1469       5.20034e-06
1470       5.25848e-06
1471       5.22267e-06
1472       5.21215e-06
1473       5.29804e-06
1474       5.34842e-06
1475       5.39739e-06
1476       5.41871e-06
1477       5.23348e-06
1478       5.12121e-06
1479       5.06653e-06
1480       5.00871e-06
1481       4.91392e-06
1482       4.89289e-06
1483       5.04599e-06
1484       5.20198e-06
1485       5.29477e-06
1486       5.35192e-06
1487       5.24664e-06
1488       5.07493e-06
1489       5.04961e-06
1490       5.10878e-06
1491       5.21369e-06
1492       5.30476e-06
1493       5.21844e-06
1494       5.00459e-06
1495       4.81599e-06
1496       4.94077e-06
1497       5.30153e-06
1498       5.5327e-06
1499       5.3815e-06
1500       5.34991e-06
1501       5.48432e-06
1502       5.46048e-06
1503       5.42298e-06
1504       5.25171e-06
1505       5.09525e-06
1506       5.01483e-06
1507       4.96819e-06
1508       4.92355e-06
1509       5.00466e-06
1510       5.23558e-06
1511       5.39009e-06
1512       5.27348e-06
1513       5.01363e-06
1514       5.01346e-06
1515       5.05352e-06
1516       5.07071e-06
1517       4.98039e-06
1518       5.04894e-06
1519       5.22544e-06
1520       5.31581e-06
1521       5.20739e-06
1522       5.07711e-06
1523       4.97656e-06
1524       5.05508e-06
1525       5.2174e-06
1526       5.0678e-06
1527       4.7806e-06
1528       4.72648e-06
1529       4.91504e-06
1530       5.11858e-06
1531       5.28112e-06
1532       5.46684e-06
1533       5.46133e-06
1534       5.2971e-06
1535       4.93778e-06
1536       4.50448e-06
1537       4.46297e-06
1538       4.59081e-06
1539       4.86876e-06
1540       5.34893e-06
1541       5.50414e-06
1542       5.50694e-06
1543       5.4584e-06
1544       5.25798e-06
1545       5.12611e-06
1546       5.00093e-06
1547       4.89976e-06
1548       4.81164e-06
1549       4.76263e-06
1550       4.78141e-06
1551       4.88823e-06
1552       5.04997e-06
1553       5.17153e-06
1554       5.21277e-06
1555       5.37149e-06
1556       5.449e-06 
1557       5.42812e-06
1558       5.34611e-06
1559       5.24011e-06
1560       5.20135e-06
1561       5.19394e-06
1562       5.12645e-06
1563       4.99432e-06
1564       4.81584e-06
1565       4.73195e-06
1566       4.8511e-06
1567       5.05481e-06
1568       5.05113e-06
1569       5.05794e-06
1570       4.98757e-06
1571       4.97944e-06
1572       4.96646e-06
1573       4.81759e-06
1574       4.85645e-06
1575       4.8897e-06
1576       4.86573e-06
1577       4.90528e-06
1578       4.97507e-06
1579       5.00451e-06
1580       4.94646e-06
1581       4.96896e-06
1582       5.06808e-06
1583       5.05872e-06
1584       4.96538e-06
1585       4.76739e-06
1586       4.66361e-06
1587       4.53692e-06
1588       4.50697e-06
1589       4.68635e-06
1590       4.79525e-06
1591       4.75096e-06
1592       4.69449e-06
1593       4.70295e-06
1594       4.70911e-06
1595       4.75949e-06
1596       4.79247e-06
1597       4.8919e-06
1598       5.09001e-06
1599       5.19808e-06
1600       5.1735e-06
