# Freq.    Mag.
0          3.04257e-05
1          3.02044e-05
2          2.38715e-05
3          1.74662e-05
4          1.69167e-05
5          1.6897e-05
6          1.69733e-05
7          1.66833e-05
8          1.64278e-05
9          1.6589e-05
10         1.65003e-05
11         1.73258e-05
12         1.81423e-05
13         1.75505e-05
14         1.64051e-05
15         1.57344e-05
16         1.58581e-05
17         1.56546e-05
18         1.51637e-05
19         1.53008e-05
20         1.58686e-05
21         1.60668e-05
22         1.51509e-05
23         1.41375e-05
24         1.37509e-05
25         1.36998e-05
26         1.35474e-05
27         1.29574e-05
28         1.25127e-05
29         1.30194e-05
30         1.32693e-05
31         1.28632e-05
32         1.2463e-05
33         1.20154e-05
34         1.1714e-05
35         1.17957e-05
36         1.14172e-05
37         1.16214e-05
38         1.47613e-05
39         1.6458e-05
40         1.67573e-05
41         1.5653e-05
42         1.27741e-05
43         1.10567e-05
44         1.02835e-05
45         9.98138e-06
46         9.80807e-06
47         9.97108e-06
48         9.9985e-06
49         9.56982e-06
50         9.03535e-06
51         9.06561e-06
52         9.43344e-06
53         9.65812e-06
54         9.82594e-06
55         9.55064e-06
56         8.93648e-06
57         9.04732e-06
58         9.87249e-06
59         1.0527e-05
60         1.05367e-05
61         1.00812e-05
62         8.84018e-06
63         7.94578e-06
64         7.70667e-06
65         7.70567e-06
66         7.78446e-06
67         7.66624e-06
68         7.58839e-06
69         7.49481e-06
70         7.43382e-06
71         7.50446e-06
72         7.59118e-06
73         7.3543e-06
74         6.97537e-06
75         6.73331e-06
76         6.93748e-06
77         7.36497e-06
78         7.21946e-06
79         6.56844e-06
80         6.30123e-06
81         6.45926e-06
82         6.73962e-06
83         6.88995e-06
84         6.65154e-06
85         6.53578e-06
86         6.61064e-06
87         6.39204e-06
88         6.41579e-06
89         6.56735e-06
90         6.61189e-06
91         6.54494e-06
92         6.45962e-06
93         6.56531e-06
94         6.54818e-06
95         6.33903e-06
96         6.04246e-06
97         5.71077e-06
98         5.59697e-06
99         5.43554e-06
100        5.24421e-06
101        5.2865e-06
102        5.28236e-06
103        5.36073e-06
104        5.4385e-06
105        5.2587e-06
106        5.17978e-06
107        5.28368e-06
108        5.50004e-06
109        5.64148e-06
110        5.59789e-06
111        5.74806e-06
112        5.92523e-06
113        5.6472e-06
114        5.10907e-06
115        4.85069e-06
116        5.17785e-06
117        5.79649e-06
118        6.03525e-06
119        6.07787e-06
120        5.62655e-06
121        5.26077e-06
122        5.35636e-06
123        5.24508e-06
124        5.02347e-06
125        4.81436e-06
126        4.41136e-06
127        4.35887e-06
128        4.51081e-06
129        4.50399e-06
130        4.42227e-06
131        4.35864e-06
132        4.46617e-06
133        4.51583e-06
134        4.70009e-06
135        4.84643e-06
136        4.7438e-06
137        4.32508e-06
138        3.99441e-06
139        3.95658e-06
140        4.06129e-06
141        4.14835e-06
142        4.18816e-06
143        4.0973e-06
144        4.02473e-06
145        4.08329e-06
146        4.0264e-06
147        4.12798e-06
148        4.09833e-06
149        3.71994e-06
150        3.4282e-06
151        3.32999e-06
152        3.32419e-06
153        3.54174e-06
154        3.82786e-06
155        4.13521e-06
156        4.22305e-06
157        4.13766e-06
158        4.14748e-06
159        4.0358e-06
160        3.7992e-06
161        3.7136e-06
162        3.78947e-06
163        3.86798e-06
164        3.93176e-06
165        3.92866e-06
166        3.9293e-06
167        3.94889e-06
168        3.89921e-06
169        3.81885e-06
170        3.75709e-06
171        3.75688e-06
172        3.71881e-06
173        3.56153e-06
174        3.49363e-06
175        3.42855e-06
176        3.46863e-06
177        3.58459e-06
178        3.68179e-06
179        3.74276e-06
180        3.72872e-06
181        3.61927e-06
182        3.3289e-06
183        3.15577e-06
184        3.18188e-06
185        3.25993e-06
186        3.30043e-06
187        3.20305e-06
188        2.98861e-06
189        2.78397e-06
190        2.68169e-06
191        2.72074e-06
192        2.86278e-06
193        2.94659e-06
194        3.04878e-06
195        3.38189e-06
196        3.60326e-06
197        3.63952e-06
198        3.53917e-06
199        3.24887e-06
200        3.01707e-06
201        2.95848e-06
202        2.86229e-06
203        2.79463e-06
204        2.64101e-06
205        2.54722e-06
206        2.66804e-06
207        2.72908e-06
208        2.68025e-06
209        2.71781e-06
210        2.75778e-06
211        2.70292e-06
212        2.70136e-06
213        2.77048e-06
214        2.87436e-06
215        2.9192e-06
216        2.90128e-06
217        2.90522e-06
218        3.00405e-06
219        3.06156e-06
220        3.04141e-06
221        2.96455e-06
222        2.73023e-06
223        2.47294e-06
224        2.39496e-06
225        2.44033e-06
226        2.47241e-06
227        2.57547e-06
228        2.70298e-06
229        2.75325e-06
230        2.72592e-06
231        2.70198e-06
232        2.66167e-06
233        2.63823e-06
234        2.59508e-06
235        2.50183e-06
236        2.45817e-06
237        2.48287e-06
238        2.62137e-06
239        2.74327e-06
240        2.78742e-06
241        2.83192e-06
242        2.85465e-06
243        2.85527e-06
244        2.96695e-06
245        2.93315e-06
246        2.69362e-06
247        2.38535e-06
248        2.22768e-06
249        2.2764e-06
250        2.33199e-06
251        2.35459e-06
252        2.39067e-06
253        2.45475e-06
254        2.42778e-06
255        2.35614e-06
256        2.40025e-06
257        2.53323e-06
258        2.56285e-06
259        2.50664e-06
260        2.4047e-06
261        2.34847e-06
262        2.37444e-06
263        2.30256e-06
264        2.22737e-06
265        2.27682e-06
266        2.40954e-06
267        2.43708e-06
268        2.39248e-06
269        2.34534e-06
270        2.2852e-06
271        2.28967e-06
272        2.36439e-06
273        2.38912e-06
274        2.5042e-06
275        2.64739e-06
276        2.61925e-06
277        2.50328e-06
278        2.28673e-06
279        2.24498e-06
280        2.3101e-06
281        2.29795e-06
282        2.23352e-06
283        2.26094e-06
284        2.29031e-06
285        2.28227e-06
286        2.26242e-06
287        2.12534e-06
288        2.09559e-06
289        2.12572e-06
290        2.26764e-06
291        2.41113e-06
292        2.47377e-06
293        2.44742e-06
294        2.37372e-06
295        2.34428e-06
296        2.27632e-06
297        2.17886e-06
298        2.1361e-06
299        2.15352e-06
300        2.13998e-06
301        2.19038e-06
302        2.18304e-06
303        2.15646e-06
304        2.05216e-06
305        2.00948e-06
306        1.99992e-06
307        2.02445e-06
308        2.04776e-06
309        2.1041e-06
310        2.19829e-06
311        2.14922e-06
312        2.06784e-06
313        2.00074e-06
314        1.90395e-06
315        1.81241e-06
316        1.77427e-06
317        1.90092e-06
318        1.99449e-06
319        1.9233e-06
320        1.85045e-06
321        1.83023e-06
322        1.89256e-06
323        1.89026e-06
324        1.83002e-06
325        1.86287e-06
326        1.94421e-06
327        1.94593e-06
328        1.90908e-06
329        1.90397e-06
330        1.88061e-06
331        1.85412e-06
332        1.80731e-06
333        1.81136e-06
334        1.86221e-06
335        1.9033e-06
336        1.86747e-06
337        1.82094e-06
338        1.86187e-06
339        1.99284e-06
340        2.04719e-06
341        1.99233e-06
342        1.89811e-06
343        1.84881e-06
344        1.78982e-06
345        1.79755e-06
346        1.86915e-06
347        1.8488e-06
348        1.84732e-06
349        1.83286e-06
350        1.88628e-06
351        1.86656e-06
352        1.82664e-06
353        2.02665e-06
354        2.21881e-06
355        2.25739e-06
356        2.19189e-06
357        2.00068e-06
358        1.92753e-06
359        1.93707e-06
360        1.82678e-06
361        1.8081e-06
362        1.80231e-06
363        1.7645e-06
364        1.71428e-06
365        1.60631e-06
366        1.56912e-06
367        1.62872e-06
368        1.75999e-06
369        1.92872e-06
370        1.88359e-06
371        1.73034e-06
372        1.71868e-06
373        1.77901e-06
374        1.7541e-06
375        1.71816e-06
376        1.74886e-06
377        1.85994e-06
378        1.88713e-06
379        1.81181e-06
380        1.77713e-06
381        1.77202e-06
382        1.80559e-06
383        1.94996e-06
384        1.94209e-06
385        1.76433e-06
386        1.72697e-06
387        1.75967e-06
388        1.72959e-06
389        1.6762e-06
390        1.60397e-06
391        1.49764e-06
392        1.4582e-06
393        1.50314e-06
394        1.58302e-06
395        1.63952e-06
396        1.68321e-06
397        1.71058e-06
398        1.749e-06 
399        1.75667e-06
400        1.81053e-06
401        1.82137e-06
402        1.78146e-06
403        1.74705e-06
404        1.64682e-06
405        1.60158e-06
406        1.6541e-06
407        1.75101e-06
408        1.86388e-06
409        1.88346e-06
410        1.81281e-06
411        1.72665e-06
412        1.70718e-06
413        1.7978e-06
414        1.92468e-06
415        1.85536e-06
416        1.64083e-06
417        1.54147e-06
418        1.59243e-06
419        1.64581e-06
420        1.58758e-06
421        1.49526e-06
422        1.46179e-06
423        1.50634e-06
424        1.5651e-06
425        1.59135e-06
426        1.61711e-06
427        1.62606e-06
428        1.58189e-06
429        1.54924e-06
430        1.49127e-06
431        1.47359e-06
432        1.67295e-06
433        1.82281e-06
434        1.91242e-06
435        1.88433e-06
436        1.7183e-06
437        1.7102e-06
438        1.75421e-06
439        1.71759e-06
440        1.63542e-06
441        1.50615e-06
442        1.41772e-06
443        1.45613e-06
444        1.47306e-06
445        1.49727e-06
446        1.53102e-06
447        1.57666e-06
448        1.56244e-06
449        1.46979e-06
450        1.40554e-06
451        1.37926e-06
452        1.42001e-06
453        1.50263e-06
454        1.50138e-06
455        1.47506e-06
456        1.50967e-06
457        1.52333e-06
458        1.50422e-06
459        1.48359e-06
460        1.47275e-06
461        1.49531e-06
462        1.51095e-06
463        1.53405e-06
464        1.54755e-06
465        1.53864e-06
466        1.5431e-06
467        1.4781e-06
468        1.49397e-06
469        1.54304e-06
470        1.50521e-06
471        1.48452e-06
472        1.58046e-06
473        1.65278e-06
474        1.64297e-06
475        1.57433e-06
476        1.55021e-06
477        1.53471e-06
478        1.54042e-06
479        1.54308e-06
480        1.5294e-06
481        1.54083e-06
482        1.45112e-06
483        1.29952e-06
484        1.2583e-06
485        1.2591e-06
486        1.29922e-06
487        1.36957e-06
488        1.40896e-06
489        1.41839e-06
490        1.42309e-06
491        1.42315e-06
492        1.39393e-06
493        1.42199e-06
494        1.48733e-06
495        1.43221e-06
496        1.36479e-06
497        1.33549e-06
498        1.36784e-06
499        1.37121e-06
500        1.35595e-06
501        1.3913e-06
502        1.35145e-06
503        1.29132e-06
504        1.26791e-06
505        1.25979e-06
506        1.30549e-06
507        1.3331e-06
508        1.32569e-06
509        1.3398e-06
510        1.37686e-06
511        1.52624e-06
512        1.64346e-06
513        1.74365e-06
514        1.68739e-06
515        1.47619e-06
516        1.33246e-06
517        1.23694e-06
518        1.23646e-06
519        1.24977e-06
520        1.17916e-06
521        1.12784e-06
522        1.2282e-06
523        1.32243e-06
524        1.3877e-06
525        1.43115e-06
526        1.47462e-06
527        1.58837e-06
528        1.5466e-06
529        1.39376e-06
530        1.27336e-06
531        1.23502e-06
532        1.2538e-06
533        1.29179e-06
534        1.30526e-06
535        1.34508e-06
536        1.37819e-06
537        1.37514e-06
538        1.36542e-06
539        1.38292e-06
540        1.38448e-06
541        1.37079e-06
542        1.33356e-06
543        1.29261e-06
544        1.28686e-06
545        1.2671e-06
546        1.25581e-06
547        1.2893e-06
548        1.29978e-06
549        1.26966e-06
550        1.28042e-06
551        1.28919e-06
552        1.23567e-06
553        1.24356e-06
554        1.26487e-06
555        1.32219e-06
556        1.3679e-06
557        1.35577e-06
558        1.34862e-06
559        1.334e-06 
560        1.33261e-06
561        1.28029e-06
562        1.24882e-06
563        1.23116e-06
564        1.21659e-06
565        1.20194e-06
566        1.17947e-06
567        1.17813e-06
568        1.15892e-06
569        1.1526e-06
570        1.16284e-06
571        1.22982e-06
572        1.31945e-06
573        1.35341e-06
574        1.33161e-06
575        1.29052e-06
576        1.25583e-06
577        1.21652e-06
578        1.13206e-06
579        1.08727e-06
580        1.15981e-06
581        1.2542e-06
582        1.29266e-06
583        1.2514e-06
584        1.27831e-06
585        1.32298e-06
586        1.28697e-06
587        1.24073e-06
588        1.18378e-06
589        1.19102e-06
590        1.29222e-06
591        1.372e-06 
592        1.37984e-06
593        1.28523e-06
594        1.24973e-06
595        1.37881e-06
596        1.50366e-06
597        1.55426e-06
598        1.48262e-06
599        1.38868e-06
600        1.27136e-06
601        1.22293e-06
602        1.22839e-06
603        1.18472e-06
604        1.15483e-06
605        1.15981e-06
606        1.21522e-06
607        1.27558e-06
608        1.27965e-06
609        1.24582e-06
610        1.17364e-06
611        1.10539e-06
612        1.11101e-06
613        1.19734e-06
614        1.28947e-06
615        1.3311e-06
616        1.33491e-06
617        1.29631e-06
618        1.21587e-06
619        1.16685e-06
620        1.16638e-06
621        1.16079e-06
622        1.20461e-06
623        1.29921e-06
624        1.31825e-06
625        1.27637e-06
626        1.22163e-06
627        1.21318e-06
628        1.26683e-06
629        1.32823e-06
630        1.30441e-06
631        1.25674e-06
632        1.19511e-06
633        1.09794e-06
634        1.03049e-06
635        1.00595e-06
636        1.06974e-06
637        1.12126e-06
638        1.12159e-06
639        1.16111e-06
640        1.23554e-06
641        1.30067e-06
642        1.28426e-06
643        1.2307e-06
644        1.14165e-06
645        1.12e-06  
646        1.12279e-06
647        1.09004e-06
648        1.07005e-06
649        1.10327e-06
650        1.17034e-06
651        1.1712e-06
652        1.14138e-06
653        1.1634e-06
654        1.16536e-06
655        1.16554e-06
656        1.11541e-06
657        1.07194e-06
658        1.08593e-06
659        1.08119e-06
660        1.12692e-06
661        1.2213e-06
662        1.28051e-06
663        1.22634e-06
664        1.12963e-06
665        1.02326e-06
666        9.61964e-07
667        1.03377e-06
668        1.17373e-06
669        1.30952e-06
670        1.36162e-06
671        1.3665e-06
672        1.32297e-06
673        1.25771e-06
674        1.20349e-06
675        1.17014e-06
676        1.1213e-06
677        1.09004e-06
678        1.14071e-06
679        1.16118e-06
680        1.08942e-06
681        1.01911e-06
682        9.78108e-07
683        9.68849e-07
684        1.00102e-06
685        9.53936e-07
686        9.28694e-07
687        9.20372e-07
688        9.93028e-07
689        1.07892e-06
690        1.0877e-06
691        1.08984e-06
692        1.05433e-06
693        1.02991e-06
694        1.04504e-06
695        1.14425e-06
696        1.2193e-06
697        1.20462e-06
698        1.18177e-06
699        1.2116e-06
700        1.24409e-06
701        1.20153e-06
702        1.13687e-06
703        1.08183e-06
704        1.04684e-06
705        1.04869e-06
706        1.07532e-06
707        1.0887e-06
708        1.09327e-06
709        1.09418e-06
710        1.0982e-06
711        1.0797e-06
712        1.07371e-06
713        1.04938e-06
714        9.89266e-07
715        9.62476e-07
716        9.964e-07 
717        1.02454e-06
718        1.02367e-06
719        1.00218e-06
720        1.02509e-06
721        1.039e-06 
722        1.02498e-06
723        1.06345e-06
724        1.11944e-06
725        1.10274e-06
726        1.05051e-06
727        9.95711e-07
728        9.81739e-07
729        1.01736e-06
730        1.06307e-06
731        1.08256e-06
732        1.10756e-06
733        1.10556e-06
734        1.0311e-06
735        9.91164e-07
736        1.01048e-06
737        1.00576e-06
738        9.7823e-07
739        9.72371e-07
740        1.02703e-06
741        1.11268e-06
742        1.09916e-06
743        1.09199e-06
744        1.09947e-06
745        1.07732e-06
746        1.08637e-06
747        1.14051e-06
748        1.1407e-06
749        1.13152e-06
750        1.12907e-06
751        1.03716e-06
752        9.82683e-07
753        1.01316e-06
754        1.08601e-06
755        1.15918e-06
756        1.1849e-06
757        1.17805e-06
758        1.1371e-06
759        1.08209e-06
760        1.03685e-06
761        9.93874e-07
762        9.54238e-07
763        9.77708e-07
764        1.01813e-06
765        1.03239e-06
766        1.04019e-06
767        1.06671e-06
768        1.1019e-06
769        1.07193e-06
770        1.0143e-06
771        1.0066e-06
772        1.01667e-06
773        1.00211e-06
774        9.84468e-07
775        1.00212e-06
776        1.01022e-06
777        1.0423e-06
778        1.06135e-06
779        1.04839e-06
780        1.02559e-06
781        1.00046e-06
782        1.02528e-06
783        1.07657e-06
784        1.11064e-06
785        1.08539e-06
786        9.98697e-07
787        9.67783e-07
788        1.00953e-06
789        1.03374e-06
790        1.00452e-06
791        9.70745e-07
792        9.95034e-07
793        1.04043e-06
794        1.03406e-06
795        9.70206e-07
796        9.22781e-07
797        9.01083e-07
798        9.17209e-07
799        9.59593e-07
800        9.6781e-07
801        9.28045e-07
802        8.81985e-07
803        8.6606e-07
804        9.14154e-07
805        9.82305e-07
806        1.00509e-06
807        9.92282e-07
808        9.7781e-07
809        9.32442e-07
810        9.09597e-07
811        9.31176e-07
812        9.51622e-07
813        9.55656e-07
814        9.58115e-07
815        9.4281e-07
816        9.44272e-07
817        9.76947e-07
818        1.03654e-06
819        1.07527e-06
820        1.07385e-06
821        1.03791e-06
822        1.01245e-06
823        1.04563e-06
824        1.04072e-06
825        9.88633e-07
826        9.54754e-07
827        9.60917e-07
828        9.89575e-07
829        9.50817e-07
830        9.05964e-07
831        8.9196e-07
832        8.76006e-07
833        8.97887e-07
834        9.48346e-07
835        9.71577e-07
836        1.00077e-06
837        1.00352e-06
838        9.61011e-07
839        9.04382e-07
840        8.40829e-07
841        8.23482e-07
842        8.12602e-07
843        7.94645e-07
844        8.0201e-07
845        8.42042e-07
846        9.02544e-07
847        9.3822e-07
848        9.6345e-07
849        9.85341e-07
850        9.8482e-07
851        9.81428e-07
852        9.67905e-07
853        9.38962e-07
854        9.16046e-07
855        9.39345e-07
856        9.49832e-07
857        9.60814e-07
858        9.96653e-07
859        9.65587e-07
860        9.0769e-07
861        8.92928e-07
862        9.26088e-07
863        9.71411e-07
864        1.00125e-06
865        1.04442e-06
866        1.06456e-06
867        1.02326e-06
868        9.28e-07  
869        8.41612e-07
870        8.26204e-07
871        9.27582e-07
872        1.03663e-06
873        1.07349e-06
874        1.07536e-06
875        1.05865e-06
876        9.92773e-07
877        9.19646e-07
878        8.38336e-07
879        8.65118e-07
880        9.81431e-07
881        1.03875e-06
882        1.01528e-06
883        9.52029e-07
884        9.09897e-07
885        9.22175e-07
886        9.44451e-07
887        9.46473e-07
888        9.19156e-07
889        8.8946e-07
890        8.66029e-07
891        9.23057e-07
892        9.92577e-07
893        9.97657e-07
894        1.00765e-06
895        9.93209e-07
896        9.99553e-07
897        1.03151e-06
898        1.05466e-06
899        1.0747e-06
900        1.0488e-06
901        1.03283e-06
902        1.03179e-06
903        1.01908e-06
904        9.92727e-07
905        9.37345e-07
906        8.90974e-07
907        8.8933e-07
908        9.08036e-07
909        9.09476e-07
910        9.25423e-07
911        9.47775e-07
912        9.12289e-07
913        8.90931e-07
914        9.29874e-07
915        9.74243e-07
916        9.67507e-07
917        8.94057e-07
918        8.60596e-07
919        9.25441e-07
920        1.02802e-06
921        1.03882e-06
922        9.97795e-07
923        9.73528e-07
924        9.75288e-07
925        9.88945e-07
926        9.57833e-07
927        9.05045e-07
928        8.8475e-07
929        8.7937e-07
930        8.72116e-07
931        8.97596e-07
932        9.07926e-07
933        9.21826e-07
934        9.31108e-07
935        9.20016e-07
936        9.2446e-07
937        9.53999e-07
938        9.67014e-07
939        9.54985e-07
940        9.70631e-07
941        1.0092e-06
942        1.03888e-06
943        1.04043e-06
944        1.00234e-06
945        9.32006e-07
946        8.95145e-07
947        8.62468e-07
948        8.18734e-07
949        8.13088e-07
950        8.2382e-07
951        8.52946e-07
952        8.64883e-07
953        8.8403e-07
954        8.91888e-07
955        8.9878e-07
956        8.58367e-07
957        7.78562e-07
958        7.64537e-07
959        8.19201e-07
960        8.69643e-07
961        8.88303e-07
962        8.75318e-07
963        8.49268e-07
964        8.72571e-07
965        9.47639e-07
966        9.8859e-07
967        9.76223e-07
968        9.67933e-07
969        9.64848e-07
970        9.69829e-07
971        1.01129e-06
972        1.02009e-06
973        1.01255e-06
974        9.806e-07 
975        9.23751e-07
976        8.79995e-07
977        8.21804e-07
978        8.26857e-07
979        8.61611e-07
980        8.62501e-07
981        9.16488e-07
982        1.01961e-06
983        1.09967e-06
984        1.10627e-06
985        1.05806e-06
986        1.00263e-06
987        9.51051e-07
988        9.14528e-07
989        9.32328e-07
990        9.63766e-07
991        9.61678e-07
992        9.59345e-07
993        9.24551e-07
994        8.84628e-07
995        8.66201e-07
996        8.63633e-07
997        1.38056e-06
998        3.53939e-06
999        5.14293e-06
1000       5.27585e-06
1001       5.12814e-06
1002       3.52259e-06
1003       1.36494e-06
1004       8.47079e-07
1005       8.13094e-07
1006       8.47495e-07
1007       8.79147e-07
1008       8.76968e-07
1009       8.6719e-07
1010       8.67359e-07
1011       8.59357e-07
1012       8.41114e-07
1013       8.02442e-07
1014       7.37381e-07
1015       7.53146e-07
1016       8.18159e-07
1017       8.72756e-07
1018       8.72036e-07
1019       8.54735e-07
1020       8.31834e-07
1021       8.49062e-07
1022       8.76795e-07
1023       8.8185e-07
1024       8.70381e-07
1025       8.58408e-07
1026       8.61613e-07
1027       8.50693e-07
1028       8.52224e-07
1029       9.06477e-07
1030       9.30146e-07
1031       8.87627e-07
1032       8.25448e-07
1033       8.32045e-07
1034       8.50554e-07
1035       8.81535e-07
1036       8.76629e-07
1037       8.35945e-07
1038       8.38837e-07
1039       8.65742e-07
1040       8.89602e-07
1041       9.00793e-07
1042       8.83855e-07
1043       8.65038e-07
1044       8.81733e-07
1045       9.08948e-07
1046       9.40986e-07
1047       9.8118e-07
1048       9.63795e-07
1049       9.15556e-07
1050       8.60355e-07
1051       8.35879e-07
1052       8.41589e-07
1053       8.62448e-07
1054       8.54525e-07
1055       8.19363e-07
1056       7.9543e-07
1057       7.88979e-07
1058       8.09096e-07
1059       8.66534e-07
1060       9.10514e-07
1061       9.40364e-07
1062       9.32879e-07
1063       9.53398e-07
1064       1.02521e-06
1065       1.05778e-06
1066       1.00204e-06
1067       8.91323e-07
1068       8.25741e-07
1069       8.23623e-07
1070       8.21678e-07
1071       8.61339e-07
1072       8.82144e-07
1073       8.42664e-07
1074       8.00419e-07
1075       7.87525e-07
1076       7.95124e-07
1077       8.39314e-07
1078       9.21872e-07
1079       9.52866e-07
1080       9.30415e-07
1081       8.78224e-07
1082       8.20611e-07
1083       8.16032e-07
1084       8.25522e-07
1085       8.35455e-07
1086       8.57386e-07
1087       8.67387e-07
1088       8.59659e-07
1089       8.39886e-07
1090       8.53836e-07
1091       8.67706e-07
1092       8.30291e-07
1093       7.67706e-07
1094       7.33155e-07
1095       8.01318e-07
1096       9.23082e-07
1097       9.68351e-07
1098       9.2389e-07
1099       8.16602e-07
1100       7.37679e-07
1101       7.63434e-07
1102       8.42318e-07
1103       8.92565e-07
1104       9.06374e-07
1105       8.859e-07 
1106       8.53663e-07
1107       8.32147e-07
1108       8.29481e-07
1109       8.2798e-07
1110       8.27484e-07
1111       8.31381e-07
1112       8.22855e-07
1113       8.26966e-07
1114       8.34473e-07
1115       8.12739e-07
1116       8.0312e-07
1117       8.33825e-07
1118       8.77652e-07
1119       9.22821e-07
1120       8.90772e-07
1121       8.28105e-07
1122       8.02847e-07
1123       8.07353e-07
1124       8.33196e-07
1125       8.59319e-07
1126       8.91785e-07
1127       8.60715e-07
1128       7.71882e-07
1129       7.5527e-07
1130       8.40744e-07
1131       8.79603e-07
1132       8.32002e-07
1133       7.72603e-07
1134       7.42852e-07
1135       7.49192e-07
1136       7.20035e-07
1137       7.05674e-07
1138       7.20961e-07
1139       7.30572e-07
1140       7.54476e-07
1141       8.02464e-07
1142       9.48152e-07
1143       9.91624e-07
1144       9.47068e-07
1145       8.43755e-07
1146       7.84833e-07
1147       8.38571e-07
1148       8.70537e-07
1149       8.51821e-07
1150       8.35098e-07
1151       8.29579e-07
1152       8.19727e-07
1153       8.27738e-07
1154       8.34197e-07
1155       8.302e-07 
1156       8.52394e-07
1157       8.81469e-07
1158       8.54878e-07
1159       8.30924e-07
1160       8.30623e-07
1161       8.70504e-07
1162       9.44219e-07
1163       9.57405e-07
1164       9.29623e-07
1165       8.91243e-07
1166       8.35594e-07
1167       8.33384e-07
1168       8.4277e-07
1169       8.2835e-07
1170       8.15906e-07
1171       8.11352e-07
1172       8.21401e-07
1173       8.32087e-07
1174       8.33157e-07
1175       8.18038e-07
1176       8.113e-07 
1177       7.9528e-07
1178       7.5201e-07
1179       7.49e-07  
1180       7.69487e-07
1181       7.83852e-07
1182       8.10105e-07
1183       8.28549e-07
1184       8.66562e-07
1185       9.07576e-07
1186       9.18525e-07
1187       8.82875e-07
1188       8.51383e-07
1189       8.62462e-07
1190       8.59226e-07
1191       8.0074e-07
1192       7.51533e-07
1193       8.00471e-07
1194       8.6736e-07
1195       8.90002e-07
1196       8.54539e-07
1197       8.23631e-07
1198       8.67895e-07
1199       9.07985e-07
1200       8.89167e-07
1201       8.55488e-07
1202       8.15966e-07
1203       8.06766e-07
1204       8.39328e-07
1205       8.56274e-07
1206       8.68533e-07
1207       8.62871e-07
1208       8.39172e-07
1209       8.27122e-07
1210       8.34205e-07
1211       8.40085e-07
1212       8.46807e-07
1213       8.51548e-07
1214       8.73263e-07
1215       9.18932e-07
1216       9.63656e-07
1217       9.87534e-07
1218       9.60114e-07
1219       8.89725e-07
1220       8.23489e-07
1221       8.25936e-07
1222       8.35903e-07
1223       8.56179e-07
1224       8.26123e-07
1225       7.47126e-07
1226       7.225e-07 
1227       7.48936e-07
1228       7.83152e-07
1229       7.94816e-07
1230       7.63184e-07
1231       7.24057e-07
1232       7.02257e-07
1233       7.37091e-07
1234       8.01806e-07
1235       8.59148e-07
1236       8.485e-07 
1237       8.09255e-07
1238       7.86074e-07
1239       7.97309e-07
1240       8.36505e-07
1241       8.34601e-07
1242       8.39549e-07
1243       8.44911e-07
1244       8.42254e-07
1245       8.24307e-07
1246       8.25833e-07
1247       8.28929e-07
1248       8.13305e-07
1249       7.97107e-07
1250       7.58913e-07
1251       7.38738e-07
1252       7.82069e-07
1253       8.20855e-07
1254       8.14778e-07
1255       7.8482e-07
1256       7.42054e-07
1257       7.2076e-07
1258       7.53936e-07
1259       8.25148e-07
1260       9.28134e-07
1261       9.74493e-07
1262       9.76603e-07
1263       9.39713e-07
1264       8.61684e-07
1265       7.93295e-07
1266       7.83129e-07
1267       7.6648e-07
1268       7.72021e-07
1269       8.10575e-07
1270       8.18528e-07
1271       8.09626e-07
1272       7.92551e-07
1273       7.32538e-07
1274       6.88435e-07
1275       6.86882e-07
1276       7.60241e-07
1277       8.12179e-07
1278       8.25042e-07
1279       8.41605e-07
1280       8.67721e-07
1281       8.44751e-07
1282       7.82173e-07
1283       7.63688e-07
1284       8.03488e-07
1285       8.53213e-07
1286       8.56904e-07
1287       8.19655e-07
1288       7.67142e-07
1289       7.55164e-07
1290       7.71391e-07
1291       7.68269e-07
1292       7.64024e-07
1293       7.64043e-07
1294       7.80449e-07
1295       7.6611e-07
1296       7.4549e-07
1297       7.28988e-07
1298       7.06944e-07
1299       7.74434e-07
1300       8.92327e-07
1301       9.53897e-07
1302       9.50725e-07
1303       8.84906e-07
1304       8.54283e-07
1305       8.29605e-07
1306       8.11402e-07
1307       7.94876e-07
1308       7.19451e-07
1309       7.10688e-07
1310       7.33626e-07
1311       7.67848e-07
1312       7.77523e-07
1313       7.55981e-07
1314       8.06951e-07
1315       8.60143e-07
1316       8.85122e-07
1317       8.67224e-07
1318       8.0746e-07
1319       7.77655e-07
1320       7.35556e-07
1321       7.00496e-07
1322       7.15069e-07
1323       7.60878e-07
1324       7.63007e-07
1325       7.62111e-07
1326       7.58567e-07
1327       7.54221e-07
1328       7.3875e-07
1329       7.22423e-07
1330       7.42177e-07
1331       7.65762e-07
1332       8.05132e-07
1333       8.52604e-07
1334       8.71556e-07
1335       8.69672e-07
1336       8.77045e-07
1337       8.52231e-07
1338       8.18659e-07
1339       8.35874e-07
1340       8.26226e-07
1341       8.11938e-07
1342       7.98319e-07
1343       7.91815e-07
1344       8.00504e-07
1345       7.9778e-07
1346       7.5602e-07
1347       7.54156e-07
1348       7.8602e-07
1349       8.26403e-07
1350       8.79145e-07
1351       8.54858e-07
1352       7.70254e-07
1353       7.20782e-07
1354       7.39398e-07
1355       7.86115e-07
1356       8.03287e-07
1357       7.95595e-07
1358       7.66101e-07
1359       7.77135e-07
1360       8.26727e-07
1361       8.3687e-07
1362       8.30189e-07
1363       8.20445e-07
1364       7.95016e-07
1365       8.35269e-07
1366       9.15464e-07
1367       9.36197e-07
1368       9.13038e-07
1369       8.98497e-07
1370       8.65515e-07
1371       8.28141e-07
1372       7.85204e-07
1373       7.38706e-07
1374       6.95744e-07
1375       7.09206e-07
1376       7.87566e-07
1377       8.3618e-07
1378       8.42276e-07
1379       8.16848e-07
1380       7.9577e-07
1381       7.97232e-07
1382       7.51233e-07
1383       7.17534e-07
1384       7.48749e-07
1385       7.93917e-07
1386       8.44166e-07
1387       8.84931e-07
1388       8.93696e-07
1389       8.99392e-07
1390       8.85559e-07
1391       8.73095e-07
1392       8.74629e-07
1393       8.49503e-07
1394       8.07337e-07
1395       7.7234e-07
1396       7.96271e-07
1397       8.556e-07 
1398       8.49526e-07
1399       7.72166e-07
1400       6.94393e-07
1401       6.89437e-07
1402       7.16662e-07
1403       7.61358e-07
1404       7.77141e-07
1405       7.76583e-07
1406       7.75849e-07
1407       7.54637e-07
1408       7.6908e-07
1409       8.14606e-07
1410       8.27002e-07
1411       8.08273e-07
1412       7.72298e-07
1413       7.53034e-07
1414       7.78814e-07
1415       7.95324e-07
1416       7.58026e-07
1417       7.44151e-07
1418       7.80041e-07
1419       7.93912e-07
1420       7.76542e-07
1421       7.30848e-07
1422       7.11544e-07
1423       7.14725e-07
1424       7.71548e-07
1425       8.23197e-07
1426       8.05298e-07
1427       8.12292e-07
1428       8.55968e-07
1429       8.58968e-07
1430       8.16183e-07
1431       7.77064e-07
1432       7.51178e-07
1433       7.62757e-07
1434       7.92587e-07
1435       8.20787e-07
1436       8.32171e-07
1437       8.07183e-07
1438       7.76384e-07
1439       7.41125e-07
1440       7.06995e-07
1441       6.94579e-07
1442       7.12732e-07
1443       7.51787e-07
1444       7.61709e-07
1445       7.43376e-07
1446       7.20065e-07
1447       6.97434e-07
1448       7.22894e-07
1449       7.64115e-07
1450       8.09185e-07
1451       8.57981e-07
1452       8.41147e-07
1453       7.92744e-07
1454       7.88447e-07
1455       7.85684e-07
1456       8.12364e-07
1457       8.84137e-07
1458       9.3951e-07
1459       9.66571e-07
1460       9.1183e-07
1461       8.33287e-07
1462       7.86742e-07
1463       7.92809e-07
1464       8.24033e-07
1465       8.02822e-07
1466       7.64757e-07
1467       7.59975e-07
1468       7.86894e-07
1469       7.67438e-07
1470       7.22806e-07
1471       6.6922e-07
1472       6.57422e-07
1473       6.98453e-07
1474       6.99088e-07
1475       6.93065e-07
1476       7.22805e-07
1477       7.64471e-07
1478       8.00375e-07
1479       8.08677e-07
1480       7.7282e-07
1481       7.41481e-07
1482       7.39932e-07
1483       7.34754e-07
1484       7.16519e-07
1485       7.0565e-07
1486       7.24193e-07
1487       7.76603e-07
1488       8.02788e-07
1489       7.62924e-07
1490       7.18224e-07
1491       7.53397e-07
1492       7.98099e-07
1493       8.01432e-07
1494       7.75521e-07
1495       7.83986e-07
1496       8.05073e-07
1497       8.7586e-07
1498       9.28284e-07
1499       9.25127e-07
1500       8.43933e-07
1501       7.72041e-07
1502       7.2969e-07
1503       6.99652e-07
1504       7.07852e-07
1505       7.29893e-07
1506       7.66988e-07
1507       8.29021e-07
1508       8.37043e-07
1509       8.0061e-07
1510       7.5949e-07
1511       7.49072e-07
1512       7.40003e-07
1513       7.61668e-07
1514       8.30755e-07
1515       8.6178e-07
1516       8.22555e-07
1517       7.86483e-07
1518       7.79361e-07
1519       7.84905e-07
1520       7.83885e-07
1521       7.6378e-07
1522       7.28121e-07
1523       7.08865e-07
1524       7.09518e-07
1525       7.28691e-07
1526       7.65861e-07
1527       7.94606e-07
1528       8.11779e-07
1529       8.15683e-07
1530       8.00566e-07
1531       7.62337e-07
1532       7.45626e-07
1533       7.44374e-07
1534       7.3152e-07
1535       7.35742e-07
1536       7.68495e-07
1537       7.93021e-07
1538       7.90285e-07
1539       7.67977e-07
1540       7.34274e-07
1541       7.24156e-07
1542       7.37795e-07
1543       7.3524e-07
1544       7.49737e-07
1545       7.52146e-07
1546       7.45374e-07
1547       7.46495e-07
1548       7.53125e-07
1549       7.74207e-07
1550       7.80889e-07
1551       7.56314e-07
1552       7.58776e-07
1553       7.50822e-07
1554       7.46973e-07
1555       7.68113e-07
1556       7.45838e-07
1557       7.22162e-07
1558       7.21708e-07
1559       7.35682e-07
1560       7.40921e-07
1561       7.23132e-07
1562       7.20162e-07
1563       7.12611e-07
1564       7.24336e-07
1565       7.10623e-07
1566       6.73147e-07
1567       6.85029e-07
1568       7.26469e-07
1569       7.60591e-07
1570       7.71786e-07
1571       7.66955e-07
1572       7.44527e-07
1573       6.96706e-07
1574       6.7441e-07
1575       7.24181e-07
1576       7.63971e-07
1577       7.77391e-07
1578       7.34728e-07
1579       6.94434e-07
1580       7.27824e-07
1581       7.7462e-07
1582       8.06972e-07
1583       8.20551e-07
1584       8.43009e-07
1585       8.35384e-07
1586       7.9373e-07
1587       7.56165e-07
1588       7.31185e-07
1589       7.37189e-07
1590       7.36482e-07
1591       7.17749e-07
1592       7.30992e-07
1593       7.47216e-07
1594       7.77028e-07
1595       7.95738e-07
1596       7.84176e-07
1597       7.89633e-07
1598       7.78125e-07
1599       8.00325e-07
1600       8.46611e-07
