# Freq.    Mag.
0          2.05025e-05
1          1.98912e-05
2          1.40874e-05
3          7.8606e-06
4          7.13013e-06
5          7.22296e-06
6          7.25656e-06
7          7e-06     
8          6.75982e-06
9          6.79823e-06
10         7.06751e-06
11         6.99641e-06
12         6.85038e-06
13         7.03924e-06
14         7.21688e-06
15         7.19807e-06
16         7.1317e-06
17         7.35013e-06
18         7.45634e-06
19         7.38492e-06
20         7.31695e-06
21         7.37282e-06
22         7.64894e-06
23         7.87471e-06
24         7.68858e-06
25         7.21433e-06
26         7.00057e-06
27         7.30295e-06
28         7.60434e-06
29         7.78554e-06
30         7.94045e-06
31         7.69947e-06
32         7.42743e-06
33         7.3782e-06
34         7.3965e-06
35         7.35215e-06
36         8.97499e-06
37         2.69379e-05
38         5.09436e-05
39         5.72745e-05
40         5.71812e-05
41         4.77006e-05
42         2.24246e-05
43         8.43362e-06
44         7.49074e-06
45         7.26978e-06
46         7.08099e-06
47         7.07334e-06
48         7.35952e-06
49         7.51199e-06
50         7.59743e-06
51         7.47474e-06
52         7.25047e-06
53         7.06697e-06
54         7.09143e-06
55         7.20509e-06
56         7.06772e-06
57         7.22925e-06
58         8.67076e-06
59         1.04066e-05
60         1.07866e-05
61         1.06346e-05
62         9.28762e-06
63         8.06231e-06
64         7.87849e-06
65         7.80922e-06
66         7.5931e-06
67         7.14444e-06
68         6.7404e-06
69         6.77563e-06
70         6.99382e-06
71         7.23909e-06
72         7.35259e-06
73         7.40702e-06
74         7.56687e-06
75         7.62272e-06
76         7.6799e-06
77         7.77387e-06
78         7.8544e-06
79         7.83118e-06
80         7.69721e-06
81         7.4968e-06
82         7.59642e-06
83         7.76794e-06
84         7.70894e-06
85         7.56974e-06
86         7.47467e-06
87         7.55751e-06
88         7.68967e-06
89         7.81095e-06
90         7.84885e-06
91         7.71257e-06
92         7.71651e-06
93         7.88997e-06
94         8.01752e-06
95         8.12526e-06
96         7.78078e-06
97         7.34651e-06
98         7.18686e-06
99         7.06515e-06
100        7.05379e-06
101        7.13796e-06
102        7.16482e-06
103        7.39814e-06
104        7.75565e-06
105        7.63182e-06
106        7.36809e-06
107        7.27294e-06
108        7.32088e-06
109        7.36368e-06
110        7.37521e-06
111        7.44023e-06
112        7.25286e-06
113        7.09371e-06
114        7.02399e-06
115        7.2963e-06
116        9.58412e-06
117        1.30496e-05
118        1.43192e-05
119        1.49651e-05
120        1.32203e-05
121        1.02219e-05
122        8.05382e-06
123        6.73983e-06
124        6.63689e-06
125        6.6873e-06
126        6.82589e-06
127        7.12973e-06
128        7.25355e-06
129        7.3369e-06
130        7.61208e-06
131        7.80636e-06
132        7.68387e-06
133        7.49141e-06
134        7.28058e-06
135        7.04378e-06
136        7.19324e-06
137        7.50552e-06
138        7.61857e-06
139        7.87086e-06
140        7.93709e-06
141        8.0408e-06
142        8.33842e-06
143        8.42539e-06
144        8.33329e-06
145        8.10038e-06
146        8.12337e-06
147        8.12088e-06
148        7.97736e-06
149        7.89193e-06
150        7.6309e-06
151        7.39574e-06
152        7.28461e-06
153        7.28995e-06
154        7.38779e-06
155        7.61666e-06
156        7.85205e-06
157        7.79922e-06
158        7.92914e-06
159        7.96773e-06
160        7.85829e-06
161        7.81146e-06
162        7.72918e-06
163        7.60145e-06
164        7.70645e-06
165        7.96955e-06
166        8.08037e-06
167        7.91162e-06
168        7.84384e-06
169        7.93011e-06
170        7.93196e-06
171        7.72414e-06
172        7.48428e-06
173        7.72975e-06
174        8.04481e-06
175        8.05761e-06
176        8.00021e-06
177        7.832e-06 
178        8.16795e-06
179        8.98881e-06
180        9.20227e-06
181        9.28202e-06
182        8.45488e-06
183        7.33299e-06
184        7.13695e-06
185        7.1619e-06
186        7.12114e-06
187        7.07286e-06
188        6.87768e-06
189        6.82254e-06
190        7.12412e-06
191        7.40587e-06
192        7.52227e-06
193        7.79382e-06
194        7.81804e-06
195        8.0112e-06
196        8.72306e-06
197        8.93646e-06
198        9.08593e-06
199        8.27753e-06
200        7.60954e-06
201        7.37013e-06
202        7.17613e-06
203        7.2743e-06
204        7.31431e-06
205        7.36105e-06
206        7.50275e-06
207        7.45518e-06
208        7.27245e-06
209        7.15366e-06
210        7.31786e-06
211        7.44593e-06
212        7.57789e-06
213        7.72376e-06
214        7.64446e-06
215        7.25926e-06
216        6.92481e-06
217        6.8864e-06
218        7.19183e-06
219        7.64889e-06
220        7.76903e-06
221        7.51665e-06
222        7.52863e-06
223        7.81492e-06
224        8.05405e-06
225        7.84976e-06
226        7.38486e-06
227        7.06193e-06
228        6.94422e-06
229        7.26657e-06
230        7.63417e-06
231        7.815e-06 
232        7.80699e-06
233        7.69699e-06
234        7.65353e-06
235        7.85177e-06
236        8.0924e-06
237        8.08108e-06
238        8.18108e-06
239        8.32316e-06
240        8.1728e-06
241        8.05924e-06
242        7.56726e-06
243        7.41315e-06
244        7.486e-06 
245        7.52312e-06
246        7.53859e-06
247        7.6204e-06
248        7.8832e-06
249        7.85272e-06
250        7.51337e-06
251        7.43332e-06
252        7.58975e-06
253        7.59267e-06
254        7.62395e-06
255        7.59134e-06
256        7.50791e-06
257        7.33084e-06
258        7.0602e-06
259        6.67591e-06
260        6.39518e-06
261        6.55413e-06
262        6.99027e-06
263        7.43952e-06
264        7.55718e-06
265        7.41947e-06
266        7.1409e-06
267        6.99473e-06
268        6.84701e-06
269        6.86787e-06
270        7.09323e-06
271        7.09689e-06
272        7.21781e-06
273        7.61762e-06
274        8.2424e-06
275        8.48934e-06
276        8.26269e-06
277        8.13336e-06
278        7.78798e-06
279        7.84766e-06
280        8.05759e-06
281        7.72416e-06
282        7.33171e-06
283        7.22976e-06
284        7.21626e-06
285        7.60485e-06
286        8.00302e-06
287        7.9312e-06
288        7.71934e-06
289        7.47282e-06
290        7.41389e-06
291        7.52014e-06
292        7.56012e-06
293        7.66227e-06
294        7.47833e-06
295        7.12805e-06
296        6.81347e-06
297        6.85498e-06
298        7.59418e-06
299        8.28658e-06
300        8.40162e-06
301        8.32073e-06
302        7.64797e-06
303        7.36221e-06
304        7.42796e-06
305        7.31487e-06
306        7.20687e-06
307        6.89479e-06
308        6.70329e-06
309        6.76402e-06
310        6.84414e-06
311        6.75609e-06
312        6.77792e-06
313        6.93141e-06
314        7.02549e-06
315        7.04103e-06
316        7.05196e-06
317        7.32599e-06
318        7.18116e-06
319        6.8406e-06
320        6.7202e-06
321        6.86154e-06
322        7.11321e-06
323        7.21094e-06
324        7.33939e-06
325        7.30855e-06
326        7.29229e-06
327        7.23969e-06
328        7.06468e-06
329        6.95874e-06
330        6.85063e-06
331        6.77375e-06
332        6.706e-06 
333        6.7185e-06
334        6.93576e-06
335        7.26696e-06
336        7.3679e-06
337        7.40315e-06
338        7.41822e-06
339        7.31771e-06
340        7.3184e-06
341        7.43791e-06
342        7.64358e-06
343        7.76297e-06
344        7.61119e-06
345        7.23944e-06
346        6.70124e-06
347        6.64658e-06
348        6.80041e-06
349        6.76583e-06
350        6.82734e-06
351        6.95718e-06
352        7.14697e-06
353        7.49248e-06
354        7.90121e-06
355        8.05338e-06
356        7.90145e-06
357        7.45988e-06
358        7.7146e-06
359        8.22026e-06
360        8.1936e-06
361        7.97106e-06
362        7.41933e-06
363        6.98209e-06
364        6.87341e-06
365        6.82614e-06
366        6.88505e-06
367        7.00882e-06
368        7.17112e-06
369        7.15659e-06
370        7.15041e-06
371        7.16852e-06
372        7.04056e-06
373        6.94925e-06
374        6.8091e-06
375        6.86247e-06
376        7.02251e-06
377        7.02138e-06
378        7.18021e-06
379        7.39891e-06
380        7.36393e-06
381        7.24251e-06
382        7.17627e-06
383        7.21184e-06
384        7.39792e-06
385        7.3538e-06
386        7.10025e-06
387        6.83085e-06
388        6.76726e-06
389        6.83507e-06
390        6.91346e-06
391        6.80977e-06
392        6.57661e-06
393        6.40795e-06
394        6.6095e-06
395        6.84284e-06
396        6.90067e-06
397        6.89979e-06
398        6.8109e-06
399        6.7496e-06
400        6.90327e-06
401        7.06586e-06
402        7.20344e-06
403        7.51035e-06
404        7.51234e-06
405        7.44874e-06
406        7.4412e-06
407        7.36353e-06
408        7.25535e-06
409        7.16536e-06
410        7.0026e-06
411        6.76563e-06
412        6.79564e-06
413        6.98921e-06
414        7.13984e-06
415        7.12825e-06
416        7.24011e-06
417        7.44876e-06
418        7.79865e-06
419        8.06771e-06
420        7.77005e-06
421        7.36133e-06
422        6.88076e-06
423        6.77835e-06
424        6.78997e-06
425        6.89917e-06
426        6.89268e-06
427        6.71762e-06
428        6.52738e-06
429        6.58379e-06
430        6.95322e-06
431        7.30326e-06
432        7.49774e-06
433        7.41505e-06
434        7.44133e-06
435        7.36979e-06
436        7.19651e-06
437        7.19119e-06
438        7.41473e-06
439        7.65144e-06
440        7.66384e-06
441        7.2403e-06
442        6.84856e-06
443        6.62258e-06
444        6.50768e-06
445        6.55657e-06
446        6.57136e-06
447        6.58178e-06
448        6.79923e-06
449        6.67208e-06
450        6.46362e-06
451        6.63589e-06
452        6.97381e-06
453        7.2609e-06
454        7.19085e-06
455        6.96516e-06
456        6.77233e-06
457        6.51326e-06
458        6.3438e-06
459        6.32783e-06
460        6.40102e-06
461        6.45882e-06
462        6.47944e-06
463        6.62826e-06
464        7.06439e-06
465        7.42967e-06
466        7.51423e-06
467        7.52727e-06
468        7.42277e-06
469        7.15753e-06
470        6.85106e-06
471        6.71182e-06
472        6.67005e-06
473        6.59885e-06
474        6.47558e-06
475        6.44301e-06
476        6.64306e-06
477        7.0345e-06
478        7.551e-06 
479        7.84065e-06
480        7.51327e-06
481        7.03291e-06
482        6.67973e-06
483        6.79195e-06
484        6.71552e-06
485        6.41986e-06
486        6.38628e-06
487        6.45351e-06
488        6.6044e-06
489        6.59191e-06
490        6.44902e-06
491        6.26284e-06
492        6.1401e-06
493        6.05292e-06
494        6.21539e-06
495        6.51221e-06
496        6.88517e-06
497        6.96391e-06
498        7.02839e-06
499        7.20362e-06
500        7.17671e-06
501        7.21531e-06
502        7.18584e-06
503        6.91068e-06
504        6.73769e-06
505        6.58568e-06
506        6.38549e-06
507        6.29215e-06
508        6.21792e-06
509        6.10897e-06
510        6.07655e-06
511        6.19499e-06
512        6.49693e-06
513        6.77367e-06
514        6.74217e-06
515        6.42177e-06
516        6.29681e-06
517        6.39624e-06
518        6.68257e-06
519        6.72775e-06
520        6.57589e-06
521        6.51282e-06
522        6.72444e-06
523        6.79602e-06
524        6.65889e-06
525        6.54975e-06
526        6.56725e-06
527        6.52918e-06
528        6.47359e-06
529        6.49396e-06
530        6.60868e-06
531        6.72031e-06
532        6.90703e-06
533        7.10654e-06
534        7.36468e-06
535        7.53697e-06
536        7.51385e-06
537        7.5327e-06
538        7.64482e-06
539        7.76729e-06
540        7.63371e-06
541        7.38383e-06
542        6.76211e-06
543        6.33642e-06
544        6.20298e-06
545        6.2437e-06
546        6.39112e-06
547        6.55859e-06
548        6.60828e-06
549        6.72755e-06
550        6.81521e-06
551        6.82456e-06
552        6.89757e-06
553        6.95745e-06
554        7.149e-06 
555        7.14716e-06
556        7.00506e-06
557        6.74548e-06
558        6.49852e-06
559        6.71866e-06
560        6.9064e-06
561        6.82002e-06
562        6.74121e-06
563        6.6102e-06
564        6.41771e-06
565        6.33586e-06
566        6.43622e-06
567        6.49167e-06
568        6.42259e-06
569        6.50736e-06
570        6.65858e-06
571        6.7147e-06
572        6.56009e-06
573        6.31394e-06
574        6.21106e-06
575        6.2858e-06
576        6.57671e-06
577        6.62293e-06
578        6.41383e-06
579        6.2128e-06
580        6.168e-06 
581        6.3245e-06
582        6.56905e-06
583        6.80329e-06
584        6.97532e-06
585        6.99501e-06
586        6.74835e-06
587        6.65712e-06
588        6.53322e-06
589        6.37781e-06
590        6.2707e-06
591        6.08035e-06
592        6.03643e-06
593        6.00297e-06
594        6.11146e-06
595        6.31774e-06
596        6.51725e-06
597        6.63841e-06
598        6.89575e-06
599        7.32801e-06
600        7.33098e-06
601        7.02201e-06
602        6.35117e-06
603        5.97289e-06
604        5.87926e-06
605        5.91331e-06
606        6.09584e-06
607        6.32697e-06
608        6.50838e-06
609        6.55419e-06
610        6.4891e-06
611        6.46638e-06
612        6.56827e-06
613        6.6345e-06
614        6.59736e-06
615        6.61879e-06
616        6.7297e-06
617        6.7127e-06
618        6.38658e-06
619        5.8597e-06
620        5.61152e-06
621        5.77543e-06
622        6.06375e-06
623        6.37264e-06
624        6.64324e-06
625        6.74155e-06
626        6.51571e-06
627        6.28721e-06
628        6.11778e-06
629        6.11487e-06
630        6.17941e-06
631        6.22525e-06
632        6.40055e-06
633        6.55644e-06
634        6.5175e-06
635        6.30293e-06
636        5.95798e-06
637        5.91825e-06
638        6.02815e-06
639        6.17188e-06
640        6.52084e-06
641        6.64386e-06
642        6.41888e-06
643        6.22031e-06
644        6.16855e-06
645        6.38808e-06
646        6.57706e-06
647        6.7574e-06
648        6.6341e-06
649        6.48311e-06
650        6.37092e-06
651        6.26305e-06
652        6.28586e-06
653        6.14347e-06
654        5.98851e-06
655        6.11614e-06
656        6.27818e-06
657        6.25015e-06
658        6.24948e-06
659        6.3433e-06
660        6.34952e-06
661        6.44765e-06
662        6.49292e-06
663        6.4351e-06
664        6.392e-06 
665        6.57459e-06
666        6.5749e-06
667        6.46436e-06
668        6.38138e-06
669        6.20667e-06
670        6.15194e-06
671        6.25572e-06
672        6.54333e-06
673        6.7431e-06
674        6.83316e-06
675        6.82354e-06
676        6.68717e-06
677        6.41078e-06
678        6.24998e-06
679        6.18823e-06
680        6.08671e-06
681        6.17881e-06
682        6.32818e-06
683        6.53917e-06
684        6.64836e-06
685        6.52448e-06
686        6.29364e-06
687        6.06434e-06
688        5.974e-06 
689        6.24956e-06
690        6.53392e-06
691        6.53047e-06
692        6.46278e-06
693        6.39551e-06
694        6.18021e-06
695        6.04352e-06
696        6.02688e-06
697        6.09699e-06
698        6.06883e-06
699        6.04842e-06
700        6.20471e-06
701        6.21609e-06
702        6.18134e-06
703        6.1284e-06
704        6.07936e-06
705        6.10401e-06
706        6.12951e-06
707        6.02315e-06
708        5.81772e-06
709        5.57538e-06
710        5.50963e-06
711        5.87138e-06
712        6.21045e-06
713        6.28892e-06
714        6.08443e-06
715        6.03138e-06
716        6.08086e-06
717        5.78209e-06
718        5.96171e-06
719        6.33055e-06
720        6.61869e-06
721        6.62608e-06
722        6.38182e-06
723        6.11756e-06
724        5.8701e-06
725        5.77239e-06
726        5.83881e-06
727        5.87335e-06
728        6.00295e-06
729        6.1304e-06
730        6.19978e-06
731        6.23703e-06
732        6.109e-06 
733        5.9981e-06
734        5.90267e-06
735        5.94322e-06
736        5.93686e-06
737        6.00194e-06
738        5.95473e-06
739        5.83836e-06
740        5.92693e-06
741        6.21314e-06
742        6.31643e-06
743        6.15852e-06
744        5.9509e-06
745        5.68198e-06
746        5.61394e-06
747        5.80731e-06
748        5.86221e-06
749        5.76919e-06
750        5.64949e-06
751        5.62498e-06
752        5.87514e-06
753        6.02708e-06
754        6.102e-06 
755        6.14397e-06
756        6.10031e-06
757        6.03819e-06
758        5.83205e-06
759        5.7878e-06
760        5.9379e-06
761        6.00781e-06
762        6.16427e-06
763        6.14847e-06
764        5.84366e-06
765        5.42298e-06
766        5.23975e-06
767        5.25346e-06
768        5.59575e-06
769        6.06351e-06
770        6.25889e-06
771        6.14052e-06
772        5.96278e-06
773        5.80003e-06
774        5.73152e-06
775        5.8158e-06
776        5.9673e-06
777        6.12479e-06
778        6.15728e-06
779        6.12022e-06
780        6.1539e-06
781        6.21116e-06
782        6.29843e-06
783        6.35411e-06
784        6.2933e-06
785        6.32784e-06
786        6.25728e-06
787        6.16861e-06
788        6.16732e-06
789        6.09677e-06
790        6.0796e-06
791        6.09756e-06
792        5.91861e-06
793        5.65573e-06
794        5.46664e-06
795        5.36855e-06
796        5.4373e-06
797        5.47938e-06
798        5.51045e-06
799        5.60844e-06
800        5.77874e-06
801        5.89911e-06
802        5.9577e-06
803        5.85015e-06
804        5.74226e-06
805        5.71659e-06
806        5.97319e-06
807        6.18728e-06
808        6.16692e-06
809        5.90896e-06
810        5.70126e-06
811        5.82227e-06
812        6.09971e-06
813        6.22903e-06
814        6.1193e-06
815        6.05348e-06
816        5.97718e-06
817        5.80444e-06
818        5.64465e-06
819        5.81572e-06
820        6.03773e-06
821        6.10616e-06
822        5.90966e-06
823        5.78815e-06
824        5.84811e-06
825        5.95172e-06
826        6.04766e-06
827        6.03442e-06
828        5.86179e-06
829        5.63888e-06
830        5.56517e-06
831        5.58821e-06
832        5.63942e-06
833        5.76992e-06
834        5.99273e-06
835        6.12528e-06
836        6.20161e-06
837        6.11116e-06
838        5.9024e-06
839        5.79819e-06
840        5.91301e-06
841        6.13968e-06
842        6.17702e-06
843        6.10806e-06
844        6.11022e-06
845        6.02878e-06
846        5.98808e-06
847        6.10755e-06
848        6.2119e-06
849        6.04228e-06
850        5.72915e-06
851        5.50449e-06
852        5.68837e-06
853        5.92674e-06
854        6.15803e-06
855        6.18827e-06
856        5.90883e-06
857        5.62183e-06
858        5.38548e-06
859        5.3813e-06
860        5.70216e-06
861        5.92497e-06
862        6.05495e-06
863        5.96331e-06
864        5.89453e-06
865        5.75105e-06
866        5.48651e-06
867        5.35814e-06
868        5.61236e-06
869        5.78063e-06
870        5.75382e-06
871        5.70427e-06
872        5.61181e-06
873        5.53714e-06
874        5.37883e-06
875        5.3629e-06
876        5.62146e-06
877        5.8281e-06
878        5.91059e-06
879        5.99779e-06
880        6.15174e-06
881        6.24151e-06
882        6.15035e-06
883        5.94989e-06
884        5.87931e-06
885        5.89514e-06
886        5.85291e-06
887        5.74652e-06
888        5.72572e-06
889        5.77305e-06
890        5.65772e-06
891        5.60796e-06
892        5.65138e-06
893        5.67516e-06
894        5.75589e-06
895        5.82503e-06
896        5.88781e-06
897        5.88056e-06
898        5.76926e-06
899        5.673e-06 
900        5.57436e-06
901        5.54123e-06
902        5.59162e-06
903        5.67492e-06
904        5.66143e-06
905        5.61611e-06
906        5.53368e-06
907        5.47356e-06
908        5.47576e-06
909        5.58157e-06
910        5.73474e-06
911        5.92976e-06
912        5.99042e-06
913        5.85611e-06
914        5.75339e-06
915        5.64293e-06
916        5.5459e-06
917        5.43133e-06
918        5.36448e-06
919        5.35095e-06
920        5.31399e-06
921        5.35241e-06
922        5.45378e-06
923        5.56065e-06
924        5.51725e-06
925        5.45644e-06
926        5.48091e-06
927        5.50564e-06
928        5.59079e-06
929        5.58311e-06
930        5.4033e-06
931        5.29125e-06
932        5.40703e-06
933        5.44766e-06
934        5.39422e-06
935        5.33394e-06
936        5.36169e-06
937        5.36998e-06
938        5.39086e-06
939        5.40409e-06
940        5.44092e-06
941        5.53751e-06
942        5.5712e-06
943        5.44091e-06
944        5.18373e-06
945        5.02776e-06
946        5.09927e-06
947        5.29796e-06
948        5.35286e-06
949        5.30197e-06
950        5.39159e-06
951        5.59685e-06
952        5.59463e-06
953        5.59321e-06
954        5.60442e-06
955        5.43619e-06
956        5.3776e-06
957        5.58931e-06
958        5.72193e-06
959        5.85897e-06
960        5.80129e-06
961        5.55112e-06
962        5.38347e-06
963        5.52216e-06
964        5.72353e-06
965        5.76482e-06
966        5.74015e-06
967        5.70615e-06
968        5.67812e-06
969        5.63368e-06
970        5.57374e-06
971        5.54027e-06
972        5.443e-06 
973        5.43101e-06
974        5.48136e-06
975        5.46792e-06
976        5.51619e-06
977        5.57828e-06
978        5.51261e-06
979        5.34993e-06
980        5.37552e-06
981        5.42438e-06
982        5.46084e-06
983        5.41165e-06
984        5.37129e-06
985        5.47708e-06
986        5.6053e-06
987        5.63357e-06
988        5.53191e-06
989        5.4551e-06
990        5.51681e-06
991        5.65226e-06
992        5.75316e-06
993        5.6639e-06
994        5.55769e-06
995        5.57478e-06
996        5.49679e-06
997        5.64228e-06
998        6.32276e-06
999        7.02978e-06
1000       7.12011e-06
1001       6.9947e-06
1002       6.17205e-06
1003       5.45138e-06
1004       5.4663e-06
1005       5.53614e-06
1006       5.41803e-06
1007       5.30147e-06
1008       5.21951e-06
1009       5.18578e-06
1010       5.06269e-06
1011       4.90093e-06
1012       4.78422e-06
1013       4.86563e-06
1014       5.08867e-06
1015       5.3015e-06
1016       5.51698e-06
1017       5.72331e-06
1018       5.86007e-06
1019       5.73324e-06
1020       5.62608e-06
1021       5.69145e-06
1022       5.52643e-06
1023       5.2814e-06
1024       5.24322e-06
1025       5.26541e-06
1026       5.31973e-06
1027       5.45551e-06
1028       5.62706e-06
1029       5.77107e-06
1030       5.87057e-06
1031       5.88334e-06
1032       5.70925e-06
1033       5.46129e-06
1034       5.40567e-06
1035       5.42437e-06
1036       5.36952e-06
1037       5.40911e-06
1038       5.41322e-06
1039       5.46463e-06
1040       5.67149e-06
1041       5.7126e-06
1042       5.47241e-06
1043       5.15705e-06
1044       5.07218e-06
1045       5.17073e-06
1046       5.18746e-06
1047       5.1871e-06
1048       5.14797e-06
1049       5.37707e-06
1050       5.62815e-06
1051       5.56432e-06
1052       5.31759e-06
1053       5.1222e-06
1054       5.14583e-06
1055       5.2135e-06
1056       5.33032e-06
1057       5.45054e-06
1058       5.40238e-06
1059       5.36869e-06
1060       5.33991e-06
1061       5.2075e-06
1062       4.92448e-06
1063       4.77447e-06
1064       4.75518e-06
1065       4.84465e-06
1066       4.93325e-06
1067       4.99834e-06
1068       5.0288e-06
1069       4.91408e-06
1070       4.68068e-06
1071       4.72176e-06
1072       4.99921e-06
1073       5.12062e-06
1074       5.20434e-06
1075       5.32069e-06
1076       5.37222e-06
1077       5.36311e-06
1078       5.23798e-06
1079       4.99776e-06
1080       4.99196e-06
1081       5.07866e-06
1082       5.07064e-06
1083       5.00819e-06
1084       4.92946e-06
1085       4.89666e-06
1086       4.85207e-06
1087       5.01459e-06
1088       5.05279e-06
1089       4.87239e-06
1090       4.90125e-06
1091       4.97158e-06
1092       5.05882e-06
1093       5.22251e-06
1094       5.4315e-06
1095       5.49756e-06
1096       5.42173e-06
1097       5.46353e-06
1098       5.4642e-06
1099       5.2913e-06
1100       5.16051e-06
1101       5.14633e-06
1102       5.27855e-06
1103       5.32116e-06
1104       5.28681e-06
1105       5.24343e-06
1106       5.24501e-06
1107       5.15427e-06
1108       5.01907e-06
1109       5.24469e-06
1110       5.43274e-06
1111       5.49544e-06
1112       5.53358e-06
1113       5.5209e-06
1114       5.41686e-06
1115       5.26115e-06
1116       5.13668e-06
1117       5.05195e-06
1118       4.9237e-06
1119       4.8865e-06
1120       4.95506e-06
1121       4.98188e-06
1122       4.89892e-06
1123       4.82589e-06
1124       4.8321e-06
1125       4.92039e-06
1126       5.12423e-06
1127       5.28064e-06
1128       5.3393e-06
1129       5.26523e-06
1130       5.06939e-06
1131       4.94422e-06
1132       5.00702e-06
1133       5.21241e-06
1134       5.29501e-06
1135       5.21922e-06
1136       5.2446e-06
1137       5.3101e-06
1138       5.44516e-06
1139       5.41775e-06
1140       5.29069e-06
1141       5.36216e-06
1142       5.4313e-06
1143       5.40429e-06
1144       5.28112e-06
1145       5.17001e-06
1146       5.16407e-06
1147       5.08095e-06
1148       4.99359e-06
1149       5.16122e-06
1150       5.24685e-06
1151       5.17903e-06
1152       5.0735e-06
1153       4.79996e-06
1154       4.65263e-06
1155       4.7959e-06
1156       5.12441e-06
1157       5.38044e-06
1158       5.27375e-06
1159       4.99033e-06
1160       4.78362e-06
1161       4.79381e-06
1162       4.89361e-06
1163       4.95244e-06
1164       5.02794e-06
1165       5.06525e-06
1166       4.98526e-06
1167       4.99474e-06
1168       5.01754e-06
1169       4.95955e-06
1170       4.86972e-06
1171       4.87457e-06
1172       4.90547e-06
1173       4.9979e-06
1174       5.12019e-06
1175       5.13001e-06
1176       5.05311e-06
1177       4.84398e-06
1178       4.66572e-06
1179       4.5986e-06
1180       4.64086e-06
1181       4.8994e-06
1182       5.25583e-06
1183       5.38908e-06
1184       5.14731e-06
1185       4.93054e-06
1186       4.99273e-06
1187       5.08656e-06
1188       5.16748e-06
1189       5.15029e-06
1190       5.11194e-06
1191       5.06988e-06
1192       4.87266e-06
1193       4.74904e-06
1194       4.98272e-06
1195       5.31997e-06
1196       5.47256e-06
1197       5.27591e-06
1198       4.84633e-06
1199       4.60119e-06
1200       4.64738e-06
1201       4.87422e-06
1202       4.93825e-06
1203       4.9028e-06
1204       5.01181e-06
1205       5.02623e-06
1206       4.98434e-06
1207       5.0803e-06
1208       5.09342e-06
1209       4.98511e-06
1210       4.84908e-06
1211       4.91986e-06
1212       5.08205e-06
1213       5.18979e-06
1214       5.0514e-06
1215       4.81931e-06
1216       4.70795e-06
1217       4.56964e-06
1218       4.4979e-06
1219       4.51133e-06
1220       4.4731e-06
1221       4.60868e-06
1222       4.8327e-06
1223       5.00671e-06
1224       5.21442e-06
1225       5.38202e-06
1226       5.37394e-06
1227       5.15314e-06
1228       4.8947e-06
1229       4.67581e-06
1230       4.58355e-06
1231       4.56039e-06
1232       4.63398e-06
1233       4.79014e-06
1234       4.83788e-06
1235       4.7475e-06
1236       4.59752e-06
1237       4.55306e-06
1238       4.57495e-06
1239       4.67769e-06
1240       4.78619e-06
1241       4.68805e-06
1242       4.63313e-06
1243       4.78931e-06
1244       4.98191e-06
1245       5.11269e-06
1246       5.10506e-06
1247       5.09496e-06
1248       5.00624e-06
1249       4.94688e-06
1250       4.84868e-06
1251       4.75257e-06
1252       4.72403e-06
1253       4.83305e-06
1254       4.89641e-06
1255       4.91149e-06
1256       5.04714e-06
1257       5.10309e-06
1258       4.94946e-06
1259       4.88643e-06
1260       4.82372e-06
1261       4.73823e-06
1262       4.81723e-06
1263       4.93653e-06
1264       4.93048e-06
1265       4.82321e-06
1266       4.71632e-06
1267       4.69679e-06
1268       4.79489e-06
1269       4.95506e-06
1270       4.95507e-06
1271       4.81244e-06
1272       4.66603e-06
1273       4.74606e-06
1274       4.83293e-06
1275       4.81882e-06
1276       4.79003e-06
1277       4.80825e-06
1278       4.88574e-06
1279       5.00338e-06
1280       5.01235e-06
1281       4.78689e-06
1282       4.64859e-06
1283       4.63572e-06
1284       4.7092e-06
1285       4.83315e-06
1286       4.93679e-06
1287       4.97382e-06
1288       4.98864e-06
1289       4.93615e-06
1290       4.8559e-06
1291       4.75145e-06
1292       4.62952e-06
1293       4.54945e-06
1294       4.58796e-06
1295       4.66466e-06
1296       4.69503e-06
1297       4.66905e-06
1298       4.66744e-06
1299       4.72366e-06
1300       4.70469e-06
1301       4.66975e-06
1302       4.68465e-06
1303       4.67967e-06
1304       4.49651e-06
1305       4.27369e-06
1306       4.36083e-06
1307       4.63452e-06
1308       4.77946e-06
1309       4.75562e-06
1310       4.65571e-06
1311       4.47402e-06
1312       4.54139e-06
1313       4.72893e-06
1314       4.80381e-06
1315       4.73264e-06
1316       4.67926e-06
1317       4.69485e-06
1318       4.48651e-06
1319       4.18968e-06
1320       4.20972e-06
1321       4.41191e-06
1322       4.40821e-06
1323       4.31911e-06
1324       4.36084e-06
1325       4.38575e-06
1326       4.43206e-06
1327       4.50007e-06
1328       4.67819e-06
1329       4.82541e-06
1330       4.75899e-06
1331       4.64622e-06
1332       4.39981e-06
1333       4.24031e-06
1334       4.19972e-06
1335       4.24807e-06
1336       4.30901e-06
1337       4.5587e-06
1338       4.66322e-06
1339       4.64543e-06
1340       4.60464e-06
1341       4.52413e-06
1342       4.52229e-06
1343       4.57023e-06
1344       4.59479e-06
1345       4.62815e-06
1346       4.55791e-06
1347       4.46149e-06
1348       4.42984e-06
1349       4.37788e-06
1350       4.37031e-06
1351       4.37853e-06
1352       4.46586e-06
1353       4.48994e-06
1354       4.43133e-06
1355       4.31374e-06
1356       4.33594e-06
1357       4.45368e-06
1358       4.43133e-06
1359       4.45792e-06
1360       4.60382e-06
1361       4.81737e-06
1362       4.90321e-06
1363       4.98115e-06
1364       4.91052e-06
1365       4.73346e-06
1366       4.58519e-06
1367       4.58851e-06
1368       4.6833e-06
1369       4.65698e-06
1370       4.5681e-06
1371       4.62951e-06
1372       4.86167e-06
1373       4.86708e-06
1374       4.76228e-06
1375       4.73336e-06
1376       4.56239e-06
1377       4.35738e-06
1378       4.22069e-06
1379       4.35536e-06
1380       4.66955e-06
1381       4.74376e-06
1382       4.70268e-06
1383       4.69145e-06
1384       4.61902e-06
1385       4.65982e-06
1386       4.62894e-06
1387       4.57304e-06
1388       4.59104e-06
1389       4.492e-06 
1390       4.27478e-06
1391       4.18526e-06
1392       4.29676e-06
1393       4.36357e-06
1394       4.36318e-06
1395       4.40277e-06
1396       4.44628e-06
1397       4.49818e-06
1398       4.59533e-06
1399       4.60417e-06
1400       4.53069e-06
1401       4.44218e-06
1402       4.41174e-06
1403       4.48361e-06
1404       4.51815e-06
1405       4.50053e-06
1406       4.42025e-06
1407       4.38537e-06
1408       4.32537e-06
1409       4.29074e-06
1410       4.25613e-06
1411       4.19742e-06
1412       4.28105e-06
1413       4.41957e-06
1414       4.50038e-06
1415       4.57552e-06
1416       4.52473e-06
1417       4.36988e-06
1418       4.43114e-06
1419       4.55404e-06
1420       4.73046e-06
1421       4.89183e-06
1422       4.7044e-06
1423       4.30071e-06
1424       4.15797e-06
1425       4.30942e-06
1426       4.51e-06  
1427       4.76272e-06
1428       4.85098e-06
1429       4.74995e-06
1430       4.55192e-06
1431       4.32033e-06
1432       4.16448e-06
1433       4.17392e-06
1434       4.36578e-06
1435       4.58415e-06
1436       4.66206e-06
1437       4.6974e-06
1438       4.84107e-06
1439       4.91515e-06
1440       4.69708e-06
1441       4.39173e-06
1442       4.11709e-06
1443       4.08667e-06
1444       4.26924e-06
1445       4.50256e-06
1446       4.56408e-06
1447       4.56011e-06
1448       4.57158e-06
1449       4.52936e-06
1450       4.51339e-06
1451       4.55276e-06
1452       4.73264e-06
1453       4.82385e-06
1454       4.80736e-06
1455       4.701e-06 
1456       4.54135e-06
1457       4.42588e-06
1458       4.24673e-06
1459       4.13062e-06
1460       4.25041e-06
1461       4.49932e-06
1462       4.55636e-06
1463       4.34716e-06
1464       4.14457e-06
1465       4.15244e-06
1466       4.2753e-06
1467       4.31049e-06
1468       4.35044e-06
1469       4.42376e-06
1470       4.47685e-06
1471       4.53496e-06
1472       4.40731e-06
1473       4.26272e-06
1474       4.18628e-06
1475       4.18452e-06
1476       4.34107e-06
1477       4.57342e-06
1478       4.66904e-06
1479       4.65096e-06
1480       4.57231e-06
1481       4.37948e-06
1482       4.23832e-06
1483       4.31165e-06
1484       4.38611e-06
1485       4.30964e-06
1486       4.26107e-06
1487       4.28399e-06
1488       4.4087e-06
1489       4.50743e-06
1490       4.56154e-06
1491       4.51633e-06
1492       4.37767e-06
1493       4.34322e-06
1494       4.47474e-06
1495       4.53068e-06
1496       4.36808e-06
1497       4.18792e-06
1498       4.2451e-06
1499       4.40829e-06
1500       4.56881e-06
1501       4.56663e-06
1502       4.33204e-06
1503       4.21798e-06
1504       4.34806e-06
1505       4.38865e-06
1506       4.31421e-06
1507       4.25395e-06
1508       4.1772e-06
1509       4.30079e-06
1510       4.48958e-06
1511       4.43669e-06
1512       4.36918e-06
1513       4.32398e-06
1514       4.19393e-06
1515       4.20695e-06
1516       4.28879e-06
1517       4.32104e-06
1518       4.25091e-06
1519       4.20451e-06
1520       4.2707e-06
1521       4.3001e-06
1522       4.35063e-06
1523       4.47818e-06
1524       4.54721e-06
1525       4.51798e-06
1526       4.31081e-06
1527       4.17599e-06
1528       4.04401e-06
1529       3.92947e-06
1530       4.01441e-06
1531       4.16058e-06
1532       4.28841e-06
1533       4.39584e-06
1534       4.38231e-06
1535       4.33697e-06
1536       4.34995e-06
1537       4.34032e-06
1538       4.21399e-06
1539       4.14059e-06
1540       4.23049e-06
1541       4.29457e-06
1542       4.36138e-06
1543       4.48198e-06
1544       4.3485e-06
1545       4.10818e-06
1546       4.0444e-06
1547       4.22836e-06
1548       4.43428e-06
1549       4.45547e-06
1550       4.3834e-06
1551       4.30889e-06
1552       4.31443e-06
1553       4.23198e-06
1554       3.99544e-06
1555       3.86515e-06
1556       4.07042e-06
1557       4.28391e-06
1558       4.2039e-06
1559       4.03686e-06
1560       3.9409e-06
1561       3.87943e-06
1562       3.90437e-06
1563       3.92226e-06
1564       4.00078e-06
1565       4.0868e-06
1566       4.09459e-06
1567       4.23726e-06
1568       4.45336e-06
1569       4.69363e-06
1570       4.85016e-06
1571       4.82729e-06
1572       4.60155e-06
1573       4.28199e-06
1574       4.04961e-06
1575       3.92665e-06
1576       3.89284e-06
1577       3.99886e-06
1578       4.0958e-06
1579       4.2037e-06
1580       4.26643e-06
1581       4.21481e-06
1582       4.11136e-06
1583       3.93161e-06
1584       3.81081e-06
1585       3.72663e-06
1586       3.67051e-06
1587       3.68898e-06
1588       3.83709e-06
1589       4.23442e-06
1590       4.49927e-06
1591       4.44048e-06
1592       4.22333e-06
1593       4.07785e-06
1594       4.06418e-06
1595       4.16649e-06
1596       4.31921e-06
1597       4.39084e-06
1598       4.42958e-06
1599       4.31719e-06
1600       4.16027e-06
