# Freq.    Mag.
0          1.59177e-05
64         1.53579e-05
128        1.03708e-05
192        3.52008e-06
256        1.19126e-06
320        9.66538e-07
384        8.43929e-07
448        8.26098e-07
512        8.26462e-07
576        8.21206e-07
640        7.90521e-07
704        7.30694e-07
768        7.05608e-07
832        7.09088e-07
896        7.69733e-07
960        8.11677e-07
1024       8.22282e-07
1088       7.98286e-07
1152       7.26054e-07
1216       6.90678e-07
1280       6.99566e-07
1344       7.38927e-07
1408       7.32441e-07
1472       6.83011e-07
1536       6.30791e-07
1600       6.19369e-07
1664       6.14097e-07
1728       6.17445e-07
1792       6.42111e-07
1856       6.52768e-07
1920       6.42856e-07
1984       6.62319e-07
2048       6.98764e-07
2112       7.2186e-07
2176       7.35452e-07
2240       7.37659e-07
2304       7.53226e-07
2368       7.93786e-07
2432       7.91609e-07
2496       7.76116e-07
2560       7.57326e-07
2624       7.06791e-07
2688       6.75748e-07
2752       6.80454e-07
2816       7.01849e-07
2880       7.34325e-07
2944       7.4811e-07
3008       7.46394e-07
3072       7.59122e-07
3136       7.13352e-07
3200       6.47983e-07
3264       6.2017e-07
3328       5.94085e-07
3392       5.90893e-07
3456       6.07337e-07
3520       6.69414e-07
3584       7.35681e-07
3648       7.22311e-07
3712       6.86604e-07
3776       6.7785e-07
3840       6.8561e-07
3904       7.00017e-07
3968       6.85718e-07
4032       6.75758e-07
4096       7.10011e-07
4160       7.6249e-07
4224       7.96806e-07
4288       7.99349e-07
4352       7.50143e-07
4416       6.58812e-07
4480       5.94554e-07
4544       6.08173e-07
4608       6.37819e-07
4672       6.58421e-07
4736       6.65739e-07
4800       6.96839e-07
4864       7.26998e-07
4928       7.21854e-07
4992       6.91694e-07
5056       6.48678e-07
5120       6.25241e-07
5184       6.48471e-07
5248       6.88669e-07
5312       6.91267e-07
5376       6.66324e-07
5440       7.39094e-07
5504       9.43886e-07
5568       1.0618e-06
5632       1.05611e-06
5696       9.21245e-07
5760       7.29904e-07
5824       6.55198e-07
5888       6.79735e-07
5952       7.05162e-07
6016       6.85352e-07
6080       6.77028e-07
6144       6.73755e-07
6208       7.0153e-07
6272       7.2225e-07
6336       6.82911e-07
6400       6.3076e-07
6464       6.15545e-07
6528       6.00678e-07
6592       6.10471e-07
6656       6.10083e-07
6720       6.22313e-07
6784       6.45294e-07
6848       6.25469e-07
6912       6.04394e-07
6976       6.17726e-07
7040       6.65268e-07
7104       6.96421e-07
7168       6.74601e-07
7232       6.41024e-07
7296       6.27556e-07
7360       6.61355e-07
7424       6.78149e-07
7488       6.71442e-07
7552       6.37934e-07
7616       6.31862e-07
7680       6.46235e-07
7744       6.50725e-07
7808       6.5175e-07
7872       6.80802e-07
7936       6.96715e-07
8000       6.87754e-07
8064       6.53243e-07
8128       6.51389e-07
8192       6.77749e-07
8256       7.17172e-07
8320       7.45471e-07
8384       7.37937e-07
8448       7.02523e-07
8512       6.74981e-07
8576       6.80345e-07
8640       6.8285e-07
8704       6.73714e-07
8768       6.71996e-07
8832       7.0521e-07
8896       7.04418e-07
8960       6.71893e-07
9024       6.70482e-07
9088       6.75997e-07
9152       6.87614e-07
9216       6.73274e-07
9280       6.73741e-07
9344       6.85205e-07
9408       6.79661e-07
9472       6.74074e-07
9536       6.689e-07 
9600       6.94039e-07
9664       7.02147e-07
9728       6.96673e-07
9792       6.79752e-07
9856       6.69725e-07
9920       6.77429e-07
9984       6.80582e-07
10048      6.7263e-07
10112      6.49002e-07
10176      6.3239e-07
10240      6.51142e-07
10304      6.79207e-07
10368      6.95102e-07
10432      6.8374e-07
10496      6.69105e-07
10560      6.79111e-07
10624      7.26716e-07
10688      7.40428e-07
10752      7.39419e-07
10816      7.43416e-07
10880      7.32331e-07
10944      7.1247e-07
11008      6.77825e-07
11072      6.64585e-07
11136      7.1298e-07
11200      7.78859e-07
11264      7.82854e-07
11328      7.34462e-07
11392      6.8638e-07
11456      6.81598e-07
11520      6.88713e-07
11584      6.8403e-07
11648      6.94915e-07
11712      7.12752e-07
11776      7.04704e-07
11840      6.78102e-07
11904      6.65409e-07
11968      6.79219e-07
12032      6.6429e-07
12096      6.46657e-07
12160      6.42324e-07
12224      6.6007e-07
12288      7.19488e-07
12352      7.41706e-07
12416      7.09073e-07
12480      6.7778e-07
12544      7.03061e-07
12608      7.90102e-07
12672      8.53869e-07
12736      8.39086e-07
12800      7.83449e-07
12864      7.3205e-07
12928      7.13973e-07
12992      7.17838e-07
13056      7.1683e-07
13120      7.20798e-07
13184      7.3366e-07
13248      7.16885e-07
13312      7.06453e-07
13376      7.05326e-07
13440      7.15742e-07
13504      7.05367e-07
13568      6.68006e-07
13632      6.3344e-07
13696      6.13509e-07
13760      6.27822e-07
13824      6.50964e-07
13888      6.81984e-07
13952      7.15894e-07
14016      7.57231e-07
14080      7.91357e-07
14144      7.97332e-07
14208      7.60412e-07
14272      6.96869e-07
14336      6.57405e-07
14400      6.42702e-07
14464      6.5546e-07
14528      6.57454e-07
14592      6.53805e-07
14656      6.65503e-07
14720      6.80148e-07
14784      7.00741e-07
14848      7.07201e-07
14912      7.15155e-07
14976      7.11839e-07
15040      7.23818e-07
15104      7.40765e-07
15168      7.29711e-07
15232      6.91563e-07
15296      6.39916e-07
15360      6.24824e-07
15424      6.38382e-07
15488      6.39537e-07
15552      6.44627e-07
15616      6.73074e-07
15680      7.16935e-07
15744      7.45934e-07
15808      7.45133e-07
15872      7.36352e-07
15936      7.22246e-07
16000      7.15556e-07
16064      6.83651e-07
16128      6.21329e-07
16192      6.15588e-07
16256      6.30647e-07
16320      6.6281e-07
16384      6.55112e-07
16448      6.14894e-07
16512      6.32737e-07
16576      6.70857e-07
16640      6.67279e-07
16704      6.59392e-07
16768      6.74393e-07
16832      7.09619e-07
16896      7.27631e-07
16960      7.35763e-07
17024      7.47285e-07
17088      7.42084e-07
17152      7.28479e-07
17216      7.37058e-07
17280      7.54773e-07
17344      7.21593e-07
17408      6.79515e-07
17472      6.70536e-07
17536      6.84991e-07
17600      6.81976e-07
17664      6.6246e-07
17728      6.26192e-07
17792      6.22703e-07
17856      6.502e-07 
17920      6.43297e-07
17984      6.70301e-07
18048      6.83886e-07
18112      6.73509e-07
18176      7.00034e-07
18240      7.07465e-07
18304      6.87802e-07
18368      6.69322e-07
18432      6.55021e-07
18496      6.85822e-07
18560      7.13921e-07
18624      7.05613e-07
18688      6.84109e-07
18752      6.8744e-07
18816      6.92968e-07
18880      7.05414e-07
18944      7.26318e-07
19008      7.3212e-07
19072      7.41918e-07
19136      7.54345e-07
19200      7.74605e-07
19264      7.75779e-07
19328      7.65159e-07
19392      7.27905e-07
19456      6.87784e-07
19520      6.69941e-07
19584      6.95095e-07
19648      7.24073e-07
19712      7.25006e-07
19776      7.09343e-07
19840      6.89494e-07
19904      6.50334e-07
19968      6.34909e-07
20032      6.64863e-07
20096      6.88336e-07
20160      7.03482e-07
20224      7.19187e-07
20288      7.27156e-07
20352      6.95412e-07
20416      6.60292e-07
20480      6.42188e-07
20544      6.13681e-07
20608      6.1965e-07
20672      6.22203e-07
20736      6.00239e-07
20800      6.12715e-07
20864      6.41656e-07
20928      6.90249e-07
20992      7.27644e-07
21056      7.41261e-07
21120      7.46951e-07
21184      7.0961e-07
21248      6.4907e-07
21312      6.26276e-07
21376      6.51065e-07
21440      6.95865e-07
21504      7.12259e-07
21568      7.2847e-07
21632      7.21375e-07
21696      6.72908e-07
21760      6.83492e-07
21824      7.26536e-07
21888      7.62028e-07
21952      7.6935e-07
22016      7.21086e-07
22080      6.99404e-07
22144      7.25053e-07
22208      7.40957e-07
22272      7.26926e-07
22336      7.08731e-07
22400      7.22e-07  
22464      7.51972e-07
22528      7.45046e-07
22592      6.98992e-07
22656      6.41485e-07
22720      6.28634e-07
22784      6.72763e-07
22848      7.06285e-07
22912      7.28429e-07
22976      7.09131e-07
23040      6.67681e-07
23104      6.63401e-07
23168      6.67769e-07
23232      6.61471e-07
23296      6.4425e-07
23360      6.37886e-07
23424      6.39107e-07
23488      6.22954e-07
23552      6.25109e-07
23616      5.99197e-07
23680      5.52012e-07
23744      5.66628e-07
23808      6.08587e-07
23872      6.37117e-07
23936      6.31686e-07
24000      6.18588e-07
24064      6.20858e-07
24128      6.3407e-07
24192      6.38695e-07
24256      6.64289e-07
24320      7.18104e-07
24384      7.61138e-07
24448      7.52866e-07
24512      7.26094e-07
24576      7.14817e-07
24640      7.10067e-07
24704      6.84628e-07
24768      6.54905e-07
24832      6.24184e-07
24896      6.04479e-07
24960      6.11887e-07
25024      6.59146e-07
25088      6.93014e-07
25152      6.9627e-07
25216      7.07655e-07
25280      7.33161e-07
25344      7.30631e-07
25408      7.07437e-07
25472      6.97356e-07
25536      7.29241e-07
25600      7.74825e-07
25664      7.59103e-07
25728      6.98924e-07
25792      6.57965e-07
25856      6.49257e-07
25920      6.4872e-07
25984      6.53777e-07
26048      6.79427e-07
26112      7.22914e-07
26176      8.51952e-07
26240      1.05638e-06
26304      1.1681e-06
26368      1.18276e-06
26432      1.07343e-06
26496      8.57385e-07
26560      7.40527e-07
26624      7.18939e-07
26688      7.15995e-07
26752      7.09722e-07
26816      7.02424e-07
26880      6.71418e-07
26944      6.83019e-07
27008      7.15897e-07
27072      7.09699e-07
27136      6.83337e-07
27200      6.5557e-07
27264      6.50985e-07
27328      6.64366e-07
27392      6.84494e-07
27456      6.7822e-07
27520      6.37569e-07
27584      6.26954e-07
27648      6.64888e-07
27712      6.97678e-07
27776      6.89031e-07
27840      6.69361e-07
27904      6.65858e-07
27968      6.57559e-07
28032      6.53555e-07
28096      6.70632e-07
28160      7.00918e-07
28224      7.29336e-07
28288      7.1347e-07
28352      6.69868e-07
28416      6.46269e-07
28480      6.43499e-07
28544      6.54824e-07
28608      6.47856e-07
28672      6.30155e-07
28736      6.51924e-07
28800      6.75772e-07
28864      6.7958e-07
28928      6.95162e-07
28992      7.28291e-07
29056      7.33087e-07
29120      6.91105e-07
29184      6.59807e-07
29248      6.45631e-07
29312      6.39155e-07
29376      6.40936e-07
29440      6.70007e-07
29504      6.81548e-07
29568      6.70998e-07
29632      6.63713e-07
29696      6.63926e-07
29760      6.95409e-07
29824      7.06967e-07
29888      6.72313e-07
29952      6.52884e-07
30016      6.26265e-07
30080      6.15176e-07
30144      6.32034e-07
30208      6.56798e-07
30272      6.63527e-07
30336      6.2928e-07
30400      6.00706e-07
30464      6.41315e-07
30528      6.94765e-07
30592      7.11487e-07
30656      7.13861e-07
30720      6.99125e-07
30784      6.70309e-07
30848      6.60329e-07
30912      6.85816e-07
30976      6.90137e-07
31040      6.80946e-07
31104      6.84291e-07
31168      6.51708e-07
31232      6.05731e-07
31296      6.14062e-07
31360      6.41812e-07
31424      7.01006e-07
31488      7.56831e-07
31552      8.08524e-07
31616      8.93282e-07
31680      1.06083e-06
31744      1.90488e-06
31808      3.43636e-06
31872      4.43816e-06
31936      4.59268e-06
32000      4.14811e-06
32064      2.85362e-06
32128      1.40724e-06
32192      8.62664e-07
32256      7.67609e-07
32320      7.65093e-07
32384      7.6129e-07
32448      7.643e-07 
32512      7.21288e-07
32576      6.57895e-07
32640      6.15641e-07
32704      6.19858e-07
32768      6.39668e-07
32832      6.69537e-07
32896      6.75635e-07
32960      6.83781e-07
33024      7.0268e-07
33088      6.89061e-07
33152      6.34276e-07
33216      5.84924e-07
33280      5.92368e-07
33344      6.24758e-07
33408      6.22322e-07
33472      5.96267e-07
33536      5.97349e-07
33600      5.96875e-07
33664      6.10145e-07
33728      6.44302e-07
33792      6.77863e-07
33856      7.02753e-07
33920      6.94408e-07
33984      6.91874e-07
34048      6.85847e-07
34112      6.37333e-07
34176      5.96901e-07
34240      5.86556e-07
34304      5.98668e-07
34368      6.07019e-07
34432      6.21191e-07
34496      6.38963e-07
34560      6.3683e-07
34624      6.34014e-07
34688      6.07561e-07
34752      5.84642e-07
34816      6.12393e-07
34880      6.71491e-07
34944      6.95257e-07
35008      6.87971e-07
35072      6.7931e-07
35136      6.63021e-07
35200      6.43893e-07
35264      6.39562e-07
35328      6.29089e-07
35392      6.46637e-07
35456      6.47323e-07
35520      6.72144e-07
35584      6.88652e-07
35648      6.88052e-07
35712      6.95631e-07
35776      6.81256e-07
35840      6.51868e-07
35904      6.50599e-07
35968      6.49523e-07
36032      6.38044e-07
36096      6.28703e-07
36160      6.16154e-07
36224      6.23569e-07
36288      6.4044e-07
36352      6.36635e-07
36416      6.38449e-07
36480      6.59856e-07
36544      6.70036e-07
36608      6.74037e-07
36672      6.91517e-07
36736      6.8283e-07
36800      6.52054e-07
36864      6.36032e-07
36928      6.64029e-07
36992      6.9793e-07
37056      6.65349e-07
37120      6.3021e-07
37184      6.43535e-07
37248      6.5589e-07
37312      6.56041e-07
37376      7.19051e-07
37440      8.56181e-07
37504      9.19685e-07
37568      9.2915e-07
37632      8.43106e-07
37696      7.07595e-07
37760      6.21885e-07
37824      5.85758e-07
37888      5.81199e-07
37952      5.95891e-07
38016      6.0885e-07
38080      5.96207e-07
38144      6.04664e-07
38208      6.26901e-07
38272      6.35183e-07
38336      6.45503e-07
38400      6.54622e-07
38464      6.48152e-07
38528      6.28982e-07
38592      6.22624e-07
38656      5.92732e-07
38720      5.69516e-07
38784      5.59054e-07
38848      5.8286e-07
38912      6.14899e-07
38976      6.42297e-07
39040      6.69464e-07
39104      6.84689e-07
39168      6.89908e-07
39232      7.12567e-07
39296      7.18033e-07
39360      7.05112e-07
39424      6.83313e-07
39488      6.61968e-07
39552      6.64348e-07
39616      6.88985e-07
39680      7.19204e-07
39744      7.38188e-07
39808      7.31145e-07
39872      6.93611e-07
39936      6.54157e-07
40000      6.48979e-07
40064      6.5527e-07
40128      6.98683e-07
40192      7.05123e-07
40256      6.47854e-07
40320      6.18587e-07
40384      6.21709e-07
40448      6.3497e-07
40512      6.47683e-07
40576      6.3989e-07
40640      6.4054e-07
40704      6.54469e-07
40768      6.90381e-07
40832      7.07255e-07
40896      6.82496e-07
40960      6.63075e-07
41024      6.55435e-07
41088      6.4129e-07
41152      6.39704e-07
41216      6.78466e-07
41280      6.94146e-07
41344      6.76091e-07
41408      6.45183e-07
41472      6.33123e-07
41536      6.25946e-07
41600      6.0574e-07
41664      5.83896e-07
41728      5.92412e-07
41792      6.14193e-07
41856      6.18825e-07
41920      6.41184e-07
41984      6.65211e-07
42048      6.70274e-07
42112      6.72838e-07
42176      6.82163e-07
42240      6.43595e-07
42304      6.12517e-07
42368      6.33191e-07
42432      6.5954e-07
42496      6.67024e-07
42560      6.19338e-07
42624      5.97294e-07
42688      6.4288e-07
42752      6.68006e-07
42816      6.89178e-07
42880      6.76467e-07
42944      6.48189e-07
43008      6.403e-07 
43072      6.50008e-07
43136      6.61744e-07
43200      6.62856e-07
43264      6.57588e-07
43328      6.56725e-07
43392      6.4592e-07
43456      6.30666e-07
43520      6.09054e-07
43584      5.941e-07 
43648      6.04813e-07
43712      6.03662e-07
43776      6.04592e-07
43840      6.16653e-07
43904      6.35325e-07
43968      6.52098e-07
44032      6.38888e-07
44096      6.19013e-07
44160      6.50609e-07
44224      6.77693e-07
44288      6.88344e-07
44352      6.8271e-07
44416      6.69239e-07
44480      6.65733e-07
44544      6.69478e-07
44608      6.55863e-07
44672      6.36253e-07
44736      6.17787e-07
44800      5.87851e-07
44864      5.63459e-07
44928      5.48351e-07
44992      5.66368e-07
45056      6.07865e-07
45120      6.38834e-07
45184      6.26803e-07
45248      6.19954e-07
45312      6.18043e-07
45376      6.09862e-07
45440      6.21452e-07
45504      6.35877e-07
45568      6.4484e-07
45632      6.36562e-07
45696      5.92993e-07
45760      5.53792e-07
45824      5.71735e-07
45888      6.04284e-07
45952      6.1617e-07
46016      6.09917e-07
46080      5.9655e-07
46144      5.99586e-07
46208      5.99013e-07
46272      6.04247e-07
46336      6.23108e-07
46400      6.56788e-07
46464      6.82973e-07
46528      6.78154e-07
46592      6.54904e-07
46656      6.21514e-07
46720      6.19409e-07
46784      6.47517e-07
46848      6.89375e-07
46912      6.94308e-07
46976      6.68028e-07
47040      6.85581e-07
47104      7.16657e-07
47168      7.18207e-07
47232      6.84236e-07
47296      6.3748e-07
47360      6.21458e-07
47424      6.39832e-07
47488      6.43682e-07
47552      5.9896e-07
47616      5.63299e-07
47680      5.76263e-07
47744      5.86872e-07
47808      6.05279e-07
47872      6.14423e-07
47936      6.0233e-07
48000      5.88016e-07
48064      5.79116e-07
48128      5.68028e-07
48192      5.66241e-07
48256      5.69229e-07
48320      5.86164e-07
48384      5.88676e-07
48448      5.98159e-07
48512      6.07117e-07
48576      6.30963e-07
48640      6.82636e-07
48704      7.07293e-07
48768      6.95777e-07
48832      6.58018e-07
48896      6.38301e-07
48960      6.4797e-07
49024      6.48866e-07
49088      6.51598e-07
49152      6.17514e-07
49216      6.06368e-07
49280      6.28835e-07
49344      6.40596e-07
49408      6.35674e-07
49472      6.28529e-07
49536      6.30098e-07
49600      6.14361e-07
49664      6.23148e-07
49728      6.39582e-07
49792      6.22537e-07
49856      5.81636e-07
49920      5.66785e-07
49984      5.75689e-07
50048      5.74358e-07
50112      5.56096e-07
50176      5.66511e-07
50240      6.02048e-07
50304      6.42771e-07
50368      6.76569e-07
50432      6.77864e-07
50496      6.58126e-07
50560      6.30324e-07
50624      6.20635e-07
50688      6.23298e-07
50752      6.10466e-07
50816      6.05595e-07
50880      6.46175e-07
50944      6.91538e-07
51008      7.03962e-07
51072      6.67956e-07
51136      6.12331e-07
51200      5.92462e-07
51264      6.03937e-07
51328      6.29596e-07
51392      6.05299e-07
51456      5.39365e-07
51520      5.02782e-07
51584      5.19167e-07
51648      5.64356e-07
51712      6.1995e-07
51776      6.39598e-07
51840      6.2943e-07
51904      6.01171e-07
51968      5.91653e-07
52032      6.04024e-07
52096      6.01127e-07
52160      5.86117e-07
52224      5.60719e-07
52288      5.64526e-07
52352      6.27659e-07
52416      6.58433e-07
52480      6.50618e-07
52544      6.41061e-07
52608      6.26628e-07
52672      6.06786e-07
52736      6.11655e-07
52800      6.17568e-07
52864      6.06287e-07
52928      6.00365e-07
52992      5.88986e-07
53056      5.68938e-07
53120      5.51498e-07
53184      5.37028e-07
53248      5.34177e-07
53312      5.617e-07 
53376      5.96917e-07
53440      6.27761e-07
53504      6.48509e-07
53568      6.41376e-07
53632      6.27263e-07
53696      6.2474e-07
53760      6.06143e-07
53824      5.8552e-07
53888      6.00395e-07
53952      6.12579e-07
54016      6.20581e-07
54080      6.26161e-07
54144      6.00602e-07
54208      5.71559e-07
54272      5.60381e-07
54336      5.67328e-07
54400      5.81773e-07
54464      5.74795e-07
54528      5.69129e-07
54592      5.7121e-07
54656      5.98887e-07
54720      6.24394e-07
54784      6.29679e-07
54848      6.21196e-07
54912      6.2139e-07
54976      6.30636e-07
55040      6.39358e-07
55104      6.2675e-07
55168      6.04457e-07
55232      5.84788e-07
55296      5.60516e-07
55360      5.40234e-07
55424      5.2505e-07
55488      5.20708e-07
55552      5.3116e-07
55616      5.46513e-07
55680      5.67499e-07
55744      5.89662e-07
55808      6.44177e-07
55872      6.91795e-07
55936      6.86764e-07
56000      6.49342e-07
56064      6.31294e-07
56128      6.34099e-07
56192      6.15617e-07
56256      5.84341e-07
56320      5.68494e-07
56384      5.54707e-07
56448      5.49373e-07
56512      5.45507e-07
56576      5.31719e-07
56640      5.5261e-07
56704      5.94871e-07
56768      6.43393e-07
56832      6.74836e-07
56896      6.77614e-07
56960      6.3034e-07
57024      5.9154e-07
57088      5.79708e-07
57152      5.57543e-07
57216      5.58251e-07
57280      5.69225e-07
57344      5.60671e-07
57408      5.44541e-07
57472      5.50085e-07
57536      5.8538e-07
57600      6.07518e-07
57664      6.02614e-07
57728      5.77809e-07
57792      5.74822e-07
57856      6.06762e-07
57920      6.6231e-07
57984      6.95722e-07
58048      6.8323e-07
58112      7.93683e-07
58176      1.04295e-06
58240      1.13363e-06
58304      1.14004e-06
58368      9.92867e-07
58432      7.22302e-07
58496      6.27911e-07
58560      6.20618e-07
58624      6.04325e-07
58688      5.68292e-07
58752      5.61228e-07
58816      5.93516e-07
58880      6.42267e-07
58944      6.77501e-07
59008      6.75958e-07
59072      6.36335e-07
59136      5.91334e-07
59200      5.70784e-07
59264      5.79442e-07
59328      6.29874e-07
59392      6.75891e-07
59456      6.91608e-07
59520      6.77461e-07
59584      6.52571e-07
59648      6.09858e-07
59712      5.80284e-07
59776      5.67234e-07
59840      5.67448e-07
59904      5.92894e-07
59968      5.88209e-07
60032      5.38322e-07
60096      5.08323e-07
60160      5.39245e-07
60224      5.75872e-07
60288      6.12178e-07
60352      6.42418e-07
60416      6.65519e-07
60480      6.84108e-07
60544      6.75849e-07
60608      6.52004e-07
60672      6.14162e-07
60736      5.7228e-07
60800      5.49265e-07
60864      5.44588e-07
60928      5.76588e-07
60992      6.3327e-07
61056      6.66492e-07
61120      6.73054e-07
61184      6.79184e-07
61248      6.62164e-07
61312      6.42128e-07
61376      6.53919e-07
61440      6.71793e-07
61504      6.62872e-07
61568      6.38243e-07
61632      6.20963e-07
61696      6.19121e-07
61760      6.40543e-07
61824      6.32389e-07
61888      5.78796e-07
61952      5.50856e-07
62016      5.40569e-07
62080      5.3621e-07
62144      5.28626e-07
62208      5.13478e-07
62272      5.29319e-07
62336      5.47816e-07
62400      5.55747e-07
62464      5.8315e-07
62528      6.16243e-07
62592      6.33622e-07
62656      6.39099e-07
62720      6.40434e-07
62784      6.20715e-07
62848      5.89701e-07
62912      5.90856e-07
62976      6.17412e-07
63040      6.33427e-07
63104      6.17893e-07
63168      6.01546e-07
63232      5.95083e-07
63296      5.96147e-07
63360      6.28603e-07
63424      6.58311e-07
63488      6.76011e-07
63552      7.01591e-07
63616      8.33261e-07
63680      1.63914e-06
63744      3.09491e-06
63808      3.87977e-06
63872      3.9248e-06
63936      3.53244e-06
64000      2.21604e-06
64064      1.01905e-06
64128      7.73072e-07
64192      7.42296e-07
64256      7.3727e-07
64320      7.18089e-07
64384      7.04887e-07
64448      6.9312e-07
64512      6.75123e-07
64576      6.42704e-07
64640      6.08138e-07
64704      5.96913e-07
64768      5.92425e-07
64832      6.0796e-07
64896      6.29732e-07
64960      6.24988e-07
65024      6.07878e-07
65088      5.7328e-07
65152      5.611e-07 
65216      5.52599e-07
65280      5.56273e-07
65344      5.64584e-07
65408      5.61361e-07
65472      5.61871e-07
65536      5.38083e-07
65600      5.31612e-07
65664      5.44672e-07
65728      5.30839e-07
65792      5.09552e-07
65856      4.92819e-07
65920      4.97859e-07
65984      5.11621e-07
66048      4.96042e-07
66112      5.0766e-07
66176      5.52734e-07
66240      5.88168e-07
66304      6.02123e-07
66368      6.1881e-07
66432      6.30754e-07
66496      6.40279e-07
66560      6.21679e-07
66624      5.58579e-07
66688      5.0983e-07
66752      5.00999e-07
66816      5.17242e-07
66880      5.39897e-07
66944      5.78962e-07
67008      6.03322e-07
67072      6.03635e-07
67136      5.85693e-07
67200      5.72267e-07
67264      5.63409e-07
67328      5.61787e-07
67392      5.69695e-07
67456      5.81143e-07
67520      5.85308e-07
67584      5.89399e-07
67648      5.83822e-07
67712      5.79461e-07
67776      5.74076e-07
67840      5.63917e-07
67904      5.62931e-07
67968      5.54479e-07
68032      5.235e-07 
68096      5.12236e-07
68160      5.26453e-07
68224      5.34354e-07
68288      5.37031e-07
68352      5.19758e-07
68416      5.0568e-07
68480      5.17249e-07
68544      5.18142e-07
68608      5.20129e-07
68672      5.53438e-07
68736      5.65829e-07
68800      5.69544e-07
68864      5.49111e-07
68928      5.14107e-07
68992      4.82195e-07
69056      5.02745e-07
69120      5.52335e-07
69184      5.80937e-07
69248      5.93993e-07
69312      6.01233e-07
69376      6.26211e-07
69440      6.31863e-07
69504      6.29772e-07
69568      6.08377e-07
69632      5.70873e-07
69696      5.68782e-07
69760      5.54933e-07
69824      5.53094e-07
69888      5.63028e-07
69952      5.69245e-07
70016      5.70406e-07
70080      5.72049e-07
70144      5.82202e-07
70208      5.828e-07 
70272      5.61054e-07
70336      5.42308e-07
70400      5.5272e-07
70464      5.66072e-07
70528      5.73255e-07
70592      5.76863e-07
70656      5.91265e-07
70720      5.97421e-07
70784      6.01653e-07
70848      6.05555e-07
70912      6.06649e-07
70976      5.76796e-07
71040      5.61928e-07
71104      5.93306e-07
71168      6.15684e-07
71232      6.1553e-07
71296      5.75802e-07
71360      5.36153e-07
71424      5.30753e-07
71488      5.43816e-07
71552      5.63262e-07
71616      5.88425e-07
71680      5.90475e-07
71744      5.78741e-07
71808      5.62374e-07
71872      5.43001e-07
71936      5.53016e-07
72000      5.6716e-07
72064      5.59131e-07
72128      5.47973e-07
72192      5.5698e-07
72256      5.62384e-07
72320      5.51651e-07
72384      5.26721e-07
72448      5.35695e-07
72512      5.70621e-07
72576      5.82656e-07
72640      5.72503e-07
72704      5.46396e-07
72768      5.47094e-07
72832      5.49744e-07
72896      5.73095e-07
72960      5.90505e-07
73024      5.95001e-07
73088      5.7081e-07
73152      5.29964e-07
73216      4.92623e-07
73280      4.84615e-07
73344      5.05278e-07
73408      5.26008e-07
73472      5.47655e-07
73536      5.63388e-07
73600      5.65956e-07
73664      5.63023e-07
73728      5.46228e-07
73792      5.21149e-07
73856      5.09721e-07
73920      5.51262e-07
73984      5.90502e-07
74048      5.80208e-07
74112      5.69689e-07
74176      5.5736e-07
74240      5.4625e-07
74304      5.45987e-07
74368      5.69054e-07
74432      5.98076e-07
74496      5.92903e-07
74560      5.72057e-07
74624      5.45115e-07
74688      5.14945e-07
74752      4.97797e-07
74816      4.98272e-07
74880      5.22654e-07
74944      5.56092e-07
75008      5.75106e-07
75072      5.82097e-07
75136      5.72172e-07
75200      5.67488e-07
75264      5.83589e-07
75328      6.05032e-07
75392      5.88986e-07
75456      5.66382e-07
75520      5.68858e-07
75584      5.74927e-07
75648      5.73378e-07
75712      5.45289e-07
75776      5.08014e-07
75840      4.85903e-07
75904      4.8486e-07
75968      4.72271e-07
76032      4.57259e-07
76096      4.57064e-07
76160      4.70736e-07
76224      4.75667e-07
76288      4.75215e-07
76352      4.84054e-07
76416      4.74174e-07
76480      4.75471e-07
76544      5.01432e-07
76608      5.22325e-07
76672      5.39509e-07
76736      5.72907e-07
76800      5.70207e-07
76864      5.57324e-07
76928      5.78972e-07
76992      6.0288e-07
77056      6.06701e-07
77120      6.02773e-07
77184      5.63627e-07
77248      5.45291e-07
77312      5.59676e-07
77376      5.57877e-07
77440      5.31792e-07
77504      5.08028e-07
77568      5.08071e-07
77632      4.97085e-07
77696      4.89187e-07
77760      5.19046e-07
77824      5.47833e-07
77888      5.68805e-07
77952      5.55219e-07
78016      5.34959e-07
78080      5.22667e-07
78144      5.39176e-07
78208      5.63637e-07
78272      5.71958e-07
78336      5.62654e-07
78400      5.5681e-07
78464      5.37077e-07
78528      5.25138e-07
78592      5.38679e-07
78656      5.54618e-07
78720      5.74538e-07
78784      5.95766e-07
78848      5.70303e-07
78912      5.37188e-07
78976      5.29653e-07
79040      5.48897e-07
79104      5.62101e-07
79168      5.67274e-07
79232      5.53243e-07
79296      5.50009e-07
79360      5.72693e-07
79424      5.65571e-07
79488      5.36546e-07
79552      5.21636e-07
79616      5.15184e-07
79680      5.12837e-07
79744      4.78444e-07
79808      4.45704e-07
79872      4.30758e-07
79936      4.49437e-07
80000      4.83375e-07
80064      5.04252e-07
80128      5.3289e-07
80192      5.46628e-07
80256      5.33059e-07
80320      5.33538e-07
80384      5.43632e-07
80448      5.21382e-07
80512      4.97864e-07
80576      4.89878e-07
80640      5.09455e-07
80704      5.20192e-07
80768      5.23657e-07
80832      5.47525e-07
80896      5.64245e-07
80960      5.4956e-07
81024      5.27347e-07
81088      5.17679e-07
81152      5.01207e-07
81216      4.78876e-07
81280      4.69935e-07
81344      4.83435e-07
81408      5.0981e-07
81472      5.47068e-07
81536      5.51093e-07
81600      5.64912e-07
81664      5.58174e-07
81728      5.53048e-07
81792      5.69716e-07
81856      5.68276e-07
81920      5.54577e-07
81984      5.28559e-07
82048      5.01895e-07
82112      4.74072e-07
82176      4.64655e-07
82240      4.78729e-07
82304      4.98275e-07
82368      5.16548e-07
82432      5.216e-07 
82496      5.05149e-07
82560      4.95841e-07
82624      5.18644e-07
82688      5.82514e-07
82752      6.02049e-07
82816      5.76609e-07
82880      5.57569e-07
82944      5.4861e-07
83008      5.5368e-07
83072      5.7724e-07
83136      6.10034e-07
83200      6.12551e-07
83264      5.88629e-07
83328      5.6107e-07
83392      5.32781e-07
83456      5.06805e-07
83520      4.7541e-07
83584      4.71571e-07
83648      4.92747e-07
83712      5.18899e-07
83776      5.33488e-07
83840      5.25911e-07
83904      5.5306e-07
83968      5.94657e-07
84032      5.88012e-07
84096      5.62542e-07
84160      5.45372e-07
84224      5.32718e-07
84288      5.25934e-07
84352      5.2551e-07
84416      5.38636e-07
84480      5.39785e-07
84544      5.24749e-07
84608      5.06874e-07
84672      4.79104e-07
84736      4.7867e-07
84800      4.91759e-07
84864      5.01832e-07
84928      5.14231e-07
84992      5.2314e-07
85056      5.23633e-07
85120      5.22211e-07
85184      5.33611e-07
85248      5.42824e-07
85312      5.4184e-07
85376      5.3879e-07
85440      5.25765e-07
85504      5.07126e-07
85568      5.15329e-07
85632      5.2447e-07
85696      5.36629e-07
85760      5.41757e-07
85824      5.50903e-07
85888      5.49348e-07
85952      4.9844e-07
86016      4.78805e-07
86080      4.86083e-07
86144      4.71218e-07
86208      4.67843e-07
86272      5.03751e-07
86336      5.41565e-07
86400      5.44048e-07
86464      5.22541e-07
86528      5.08483e-07
86592      5.06456e-07
86656      4.7643e-07
86720      4.57402e-07
86784      4.70574e-07
86848      5.03453e-07
86912      5.40214e-07
86976      5.70097e-07
87040      5.73435e-07
87104      5.59987e-07
87168      5.40028e-07
87232      5.09621e-07
87296      4.90817e-07
87360      4.96916e-07
87424      5.05284e-07
87488      5.19936e-07
87552      5.15135e-07
87616      5.29288e-07
87680      5.42875e-07
87744      5.29811e-07
87808      4.91945e-07
87872      4.59071e-07
87936      4.51162e-07
88000      4.7246e-07
88064      4.91408e-07
88128      5.01398e-07
88192      4.8063e-07
88256      4.63939e-07
88320      4.75618e-07
88384      5.12976e-07
88448      5.25418e-07
88512      5.02592e-07
88576      4.82717e-07
88640      4.92774e-07
88704      5.09008e-07
88768      5.03402e-07
88832      4.75547e-07
88896      4.50269e-07
88960      4.3917e-07
89024      4.4983e-07
89088      4.86225e-07
89152      4.99376e-07
89216      4.8182e-07
89280      4.82546e-07
89344      5.12994e-07
89408      5.55661e-07
89472      5.64974e-07
89536      5.41152e-07
89600      5.17515e-07
89664      5.07437e-07
89728      5.00447e-07
89792      4.96071e-07
89856      4.86273e-07
89920      4.82394e-07
89984      5.0381e-07
90048      6.72441e-07
90112      8.97543e-07
90176      9.81299e-07
90240      9.80882e-07
90304      8.18316e-07
90368      5.95665e-07
90432      5.44915e-07
90496      5.4577e-07
90560      5.43205e-07
90624      5.20107e-07
90688      4.95385e-07
90752      4.84015e-07
90816      5.03621e-07
90880      5.40818e-07
90944      5.46552e-07
91008      5.35048e-07
91072      5.09864e-07
91136      4.74459e-07
91200      4.68191e-07
91264      4.90526e-07
91328      5.12331e-07
91392      5.26807e-07
91456      5.34154e-07
91520      5.1954e-07
91584      5.07516e-07
91648      5.19471e-07
91712      5.07365e-07
91776      4.87501e-07
91840      4.97965e-07
91904      5.06821e-07
91968      5.14889e-07
92032      5.13251e-07
92096      5.37897e-07
92160      5.55053e-07
92224      5.51585e-07
92288      5.21792e-07
92352      4.89252e-07
92416      4.83443e-07
92480      5.05029e-07
92544      5.52333e-07
92608      5.55278e-07
92672      5.19432e-07
92736      4.93311e-07
92800      5.04302e-07
92864      4.97231e-07
92928      4.70826e-07
92992      4.48107e-07
93056      4.69651e-07
93120      5.15254e-07
93184      5.20006e-07
93248      4.82517e-07
93312      4.54978e-07
93376      4.60977e-07
93440      4.97948e-07
93504      5.40171e-07
93568      5.39859e-07
93632      5.20565e-07
93696      4.98901e-07
93760      5.02255e-07
93824      4.94617e-07
93888      4.62155e-07
93952      4.60015e-07
94016      4.87538e-07
94080      5.183e-07 
94144      5.35099e-07
94208      5.32987e-07
94272      5.11138e-07
94336      4.74896e-07
94400      4.55316e-07
94464      4.59889e-07
94528      4.59036e-07
94592      4.67307e-07
94656      4.66231e-07
94720      4.64281e-07
94784      4.70743e-07
94848      4.89752e-07
94912      5.23368e-07
94976      5.3606e-07
95040      5.21176e-07
95104      5.28274e-07
95168      5.48471e-07
95232      5.67165e-07
95296      5.86833e-07
95360      5.82814e-07
95424      5.67986e-07
95488      5.64868e-07
95552      6.30019e-07
95616      1.35118e-06
95680      2.5237e-06
95744      3.0559e-06
95808      3.08004e-06
95872      2.71187e-06
95936      1.61987e-06
96000      7.55256e-07
96064      6.00678e-07
96128      5.77347e-07
96192      5.76702e-07
96256      5.96385e-07
96320      6.0666e-07
96384      5.79905e-07
96448      5.48711e-07
96512      5.13426e-07
96576      4.86596e-07
96640      4.6728e-07
96704      4.90759e-07
96768      5.20031e-07
96832      5.36707e-07
96896      5.44558e-07
96960      5.3244e-07
97024      5.06658e-07
97088      4.96903e-07
97152      4.84371e-07
97216      4.67103e-07
97280      4.50306e-07
97344      4.47858e-07
97408      4.69046e-07
97472      5.04852e-07
97536      5.08235e-07
97600      4.92135e-07
97664      4.91848e-07
97728      4.93918e-07
97792      5.1656e-07
97856      5.33738e-07
97920      5.2339e-07
97984      5.18635e-07
98048      4.927e-07 
98112      4.84792e-07
98176      4.88082e-07
98240      4.56244e-07
98304      4.15291e-07
98368      4.23314e-07
98432      4.52988e-07
98496      4.48252e-07
98560      4.37135e-07
98624      4.60096e-07
98688      5.09373e-07
98752      5.36414e-07
98816      5.25036e-07
98880      4.97975e-07
98944      4.69183e-07
99008      4.77598e-07
99072      4.74613e-07
99136      4.70288e-07
99200      4.95906e-07
99264      4.82111e-07
99328      4.63098e-07
99392      4.68465e-07
99456      4.74678e-07
99520      4.85576e-07
99584      4.83017e-07
99648      4.64821e-07
99712      4.68141e-07
99776      4.64649e-07
99840      4.56871e-07
99904      4.52304e-07
99968      4.36941e-07
100032     4.35733e-07
100096     4.47673e-07
100160     4.37527e-07
100224     4.17658e-07
100288     4.4123e-07
100352     4.88744e-07
100416     5.37529e-07
100480     5.69863e-07
100544     5.65949e-07
100608     5.31601e-07
100672     5.06971e-07
100736     4.9328e-07
100800     4.77895e-07
100864     4.56608e-07
100928     4.69742e-07
100992     5.01789e-07
101056     4.99563e-07
101120     4.79853e-07
101184     4.80768e-07
101248     5.25698e-07
101312     5.84255e-07
101376     5.77346e-07
101440     5.57951e-07
101504     5.34419e-07
101568     5.29909e-07
101632     5.3887e-07
101696     5.557e-07 
101760     5.75429e-07
101824     5.66335e-07
101888     5.15125e-07
101952     4.72788e-07
102016     4.48228e-07
102080     4.58801e-07
102144     4.7258e-07
102208     4.90281e-07
102272     4.96487e-07
102336     4.9212e-07
102400     4.7818e-07
