# Freq.    Mag.
0          6.2212e-06
1          6.07839e-06
2          4.18046e-06
3          1.68527e-06
4          1.208e-06 
5          1.06115e-06
6          8.93682e-07
7          7.97307e-07
8          8.02548e-07
9          9.08215e-07
10         9.82489e-07
11         9.99569e-07
12         9.48118e-07
13         9.26063e-07
14         9.16657e-07
15         9.09832e-07
16         9.16185e-07
17         9.34959e-07
18         9.8822e-07
19         1.03367e-06
20         1.05932e-06
21         1.03447e-06
22         8.87282e-07
23         7.92745e-07
24         7.98056e-07
25         8.39914e-07
26         8.79886e-07
27         8.87813e-07
28         8.46879e-07
29         8.08929e-07
30         8.04691e-07
31         7.97505e-07
32         8.19282e-07
33         8.14907e-07
34         7.44531e-07
35         7.12346e-07
36         2.27438e-06
37         1.11099e-05
38         2.19151e-05
39         2.4856e-05
40         2.484e-05 
41         2.06831e-05
42         9.28706e-06
43         1.71011e-06
44         8.19735e-07
45         7.94005e-07
46         8.10385e-07
47         1.78646e-06
48         3.73364e-06
49         4.48584e-06
50         4.4813e-06
51         4.0357e-06
52         2.22142e-06
53         9.03202e-07
54         7.84995e-07
55         7.68075e-07
56         7.31645e-07
57         6.93808e-07
58         7.55415e-07
59         8.74029e-07
60         9.30901e-07
61         9.32625e-07
62         8.71581e-07
63         8.32853e-07
64         8.50062e-07
65         8.72485e-07
66         8.5362e-07
67         8.15105e-07
68         7.85378e-07
69         7.8763e-07
70         7.80773e-07
71         7.47084e-07
72         6.79665e-07
73         6.65547e-07
74         7.1326e-07
75         7.76099e-07
76         8.07761e-07
77         9.04272e-07
78         1.02202e-06
79         1.05857e-06
80         1.03415e-06
81         8.69736e-07
82         7.16983e-07
83         6.57934e-07
84         6.47414e-07
85         6.56948e-07
86         6.9758e-07
87         7.34648e-07
88         7.27479e-07
89         7.1649e-07
90         7.11911e-07
91         7.08519e-07
92         7.3799e-07
93         7.81182e-07
94         7.81391e-07
95         7.52196e-07
96         7.43319e-07
97         7.83029e-07
98         8.61176e-07
99         9.07199e-07
100        9.09188e-07
101        8.58801e-07
102        7.63584e-07
103        7.14887e-07
104        7.26469e-07
105        7.62661e-07
106        7.67093e-07
107        7.47014e-07
108        7.2336e-07
109        7.16402e-07
110        7.4892e-07
111        7.52783e-07
112        7.49985e-07
113        7.6214e-07
114        7.48504e-07
115        1.11152e-06
116        4.05147e-06
117        7.11875e-06
118        7.83611e-06
119        7.93638e-06
120        6.26088e-06
121        2.94027e-06
122        1.28944e-06
123        7.01512e-07
124        6.61962e-07
125        7.00644e-07
126        7.38612e-07
127        7.68682e-07
128        7.7676e-07
129        7.83371e-07
130        7.98125e-07
131        7.94842e-07
132        7.63441e-07
133        7.23923e-07
134        6.77808e-07
135        6.64717e-07
136        6.81135e-07
137        6.91869e-07
138        7.31195e-07
139        7.59342e-07
140        7.63175e-07
141        7.80745e-07
142        7.76614e-07
143        7.49799e-07
144        7.04701e-07
145        6.84052e-07
146        6.94966e-07
147        6.84021e-07
148        6.78943e-07
149        6.76665e-07
150        6.66678e-07
151        6.75506e-07
152        7.09435e-07
153        7.2886e-07
154        7.16058e-07
155        7.50393e-07
156        7.93063e-07
157        7.78056e-07
158        7.37055e-07
159        6.96238e-07
160        6.83169e-07
161        7.13668e-07
162        7.3158e-07
163        7.37848e-07
164        7.05858e-07
165        6.67551e-07
166        6.59941e-07
167        6.75328e-07
168        6.85493e-07
169        6.77233e-07
170        6.53211e-07
171        6.3762e-07
172        6.52441e-07
173        6.8386e-07
174        7.01024e-07
175        7.13526e-07
176        7.06436e-07
177        9.22635e-07
178        2.24247e-06
179        3.24773e-06
180        3.37859e-06
181        3.3175e-06
182        2.31172e-06
183        1.05463e-06
184        7.71198e-07
185        7.78267e-07
186        7.77862e-07
187        7.64473e-07
188        7.60788e-07
189        7.4148e-07
190        7.41304e-07
191        7.61405e-07
192        7.46041e-07
193        7.15148e-07
194        1.05488e-06
195        2.76402e-06
196        4.22653e-06
197        4.41678e-06
198        4.3391e-06
199        3.14522e-06
200        1.29362e-06
201        7.17531e-07
202        6.86931e-07
203        6.41502e-07
204        6.04639e-07
205        6.24653e-07
206        6.41919e-07
207        6.46239e-07
208        6.76658e-07
209        7.20205e-07
210        7.4981e-07
211        7.55386e-07
212        7.28872e-07
213        7.105e-07 
214        7.18533e-07
215        7.36109e-07
216        7.33725e-07
217        7.35589e-07
218        7.44258e-07
219        7.13008e-07
220        6.83243e-07
221        6.74321e-07
222        6.7554e-07
223        7.03387e-07
224        7.45371e-07
225        7.89896e-07
226        7.95167e-07
227        7.59653e-07
228        7.43846e-07
229        7.2404e-07
230        7.23596e-07
231        6.9098e-07
232        6.29437e-07
233        6.12062e-07
234        6.09217e-07
235        6.46948e-07
236        6.97516e-07
237        8.12818e-07
238        1.19689e-06
239        1.53273e-06
240        1.57884e-06
241        1.53432e-06
242        1.16622e-06
243        8.08585e-07
244        7.35802e-07
245        6.76125e-07
246        6.18484e-07
247        5.73392e-07
248        6.01775e-07
249        6.50615e-07
250        6.87203e-07
251        7.1428e-07
252        7.44791e-07
253        7.40211e-07
254        7.29161e-07
255        7.35986e-07
256        7.26951e-07
257        7.50377e-07
258        7.63008e-07
259        7.39181e-07
260        7.17612e-07
261        6.61992e-07
262        6.15839e-07
263        6.32928e-07
264        6.98528e-07
265        7.30748e-07
266        7.28008e-07
267        7.10108e-07
268        7.052e-07 
269        7.29911e-07
270        7.37685e-07
271        7.24919e-07
272        7.05999e-07
273        9.93311e-07
274        2.24427e-06
275        3.0866e-06
276        3.17542e-06
277        3.11134e-06
278        2.11948e-06
279        9.47965e-07
280        7.32269e-07
281        7.49722e-07
282        7.51614e-07
283        7.345e-07 
284        7.15311e-07
285        7.21859e-07
286        7.50643e-07
287        7.81157e-07
288        7.69155e-07
289        7.18314e-07
290        6.93248e-07
291        6.75534e-07
292        6.67702e-07
293        6.84185e-07
294        7.17146e-07
295        7.21409e-07
296        6.90095e-07
297        6.58496e-07
298        8.19105e-07
299        1.02171e-06
300        1.09136e-06
301        1.12354e-06
302        9.75673e-07
303        7.96318e-07
304        7.3292e-07
305        6.95972e-07
306        6.6829e-07
307        6.90084e-07
308        7.03503e-07
309        7.09079e-07
310        7.13815e-07
311        6.86661e-07
312        6.2243e-07
313        5.78297e-07
314        6.10957e-07
315        6.40454e-07
316        6.77158e-07
317        7.14355e-07
318        7.41359e-07
319        7.55102e-07
320        7.6583e-07
321        7.49596e-07
322        7.35161e-07
323        7.25366e-07
324        7.1072e-07
325        7.25385e-07
326        7.44743e-07
327        7.49454e-07
328        7.82805e-07
329        7.93715e-07
330        7.64614e-07
331        7.19667e-07
332        7.10479e-07
333        7.18974e-07
334        7.08973e-07
335        7.08412e-07
336        6.70183e-07
337        6.38377e-07
338        6.27543e-07
339        6.29921e-07
340        6.67379e-07
341        6.79645e-07
342        6.6351e-07
343        6.50696e-07
344        6.84561e-07
345        7.48769e-07
346        7.81816e-07
347        7.68211e-07
348        7.39644e-07
349        7.24324e-07
350        7.30281e-07
351        7.54569e-07
352        1.13857e-06
353        2.25196e-06
354        2.83164e-06
355        2.83215e-06
356        2.61262e-06
357        1.64798e-06
358        1.32336e-06
359        1.66109e-06
360        1.6924e-06
361        1.62652e-06
362        1.15681e-06
363        7.53841e-07
364        7.07476e-07
365        6.77744e-07
366        6.46607e-07
367        6.6067e-07
368        6.96894e-07
369        7.23549e-07
370        7.25172e-07
371        6.80203e-07
372        6.35621e-07
373        6.18545e-07
374        6.01542e-07
375        6.31653e-07
376        8.10386e-07
377        9.58024e-07
378        9.58473e-07
379        9.1697e-07
380        7.88549e-07
381        7.34186e-07
382        7.45517e-07
383        7.46835e-07
384        7.15458e-07
385        6.52094e-07
386        6.26479e-07
387        6.79154e-07
388        7.41289e-07
389        7.47886e-07
390        7.33482e-07
391        7.34769e-07
392        7.86138e-07
393        8.28625e-07
394        8.04315e-07
395        7.69837e-07
396        6.94483e-07
397        6.62792e-07
398        7.05623e-07
399        7.24115e-07
400        6.91127e-07
401        6.4744e-07
402        6.1497e-07
403        6.00582e-07
404        5.8473e-07
405        6.23125e-07
406        7.11985e-07
407        7.6465e-07
408        7.47896e-07
409        7.14085e-07
410        6.84498e-07
411        6.69561e-07
412        6.84482e-07
413        7.05056e-07
414        6.92357e-07
415        6.95654e-07
416        6.9822e-07
417        7.37613e-07
418        1.26802e-06
419        1.72479e-06
420        1.79038e-06
421        1.75173e-06
422        1.27483e-06
423        7.85335e-07
424        7.35871e-07
425        7.55588e-07
426        7.69428e-07
427        7.75328e-07
428        7.40569e-07
429        6.96334e-07
430        6.8826e-07
431        1.04971e-06
432        1.95181e-06
433        2.34079e-06
434        2.36247e-06
435        2.12475e-06
436        1.26554e-06
437        7.42336e-07
438        7.14296e-07
439        7.2824e-07
440        7.33153e-07
441        7.34992e-07
442        7.3902e-07
443        7.06374e-07
444        6.55354e-07
445        6.3264e-07
446        6.13157e-07
447        6.22531e-07
448        6.57197e-07
449        6.53118e-07
450        6.41373e-07
451        6.5275e-07
452        6.57741e-07
453        6.68216e-07
454        6.81032e-07
455        6.72435e-07
456        6.8777e-07
457        7.35843e-07
458        7.80657e-07
459        7.95734e-07
460        7.90137e-07
461        7.58525e-07
462        7.45567e-07
463        7.72207e-07
464        7.83537e-07
465        7.80692e-07
466        7.52937e-07
467        7.01017e-07
468        6.71197e-07
469        6.66692e-07
470        6.99678e-07
471        7.76415e-07
472        8.91404e-07
473        9.22525e-07
474        9.26918e-07
475        8.56881e-07
476        7.72361e-07
477        7.74428e-07
478        1.03039e-06
479        1.27239e-06
480        1.30709e-06
481        1.30782e-06
482        1.0021e-06
483        7.14691e-07
484        7.01629e-07
485        7.40195e-07
486        7.75957e-07
487        7.88013e-07
488        7.66484e-07
489        7.19241e-07
490        6.67967e-07
491        6.72932e-07
492        7.14569e-07
493        7.42698e-07
494        7.59323e-07
495        7.54959e-07
496        7.3621e-07
497        7.09499e-07
498        6.97257e-07
499        7.1062e-07
500        6.86613e-07
501        6.58311e-07
502        6.66936e-07
503        6.91722e-07
504        6.99395e-07
505        7.10134e-07
506        7.0917e-07
507        7.12564e-07
508        7.21245e-07
509        7.69009e-07
510        1.15469e-06
511        1.77609e-06
512        1.90706e-06
513        1.85082e-06
514        1.56462e-06
515        9.15975e-07
516        6.99858e-07
517        6.8506e-07
518        6.8104e-07
519        6.81546e-07
520        6.78135e-07
521        6.78831e-07
522        6.59871e-07
523        6.83257e-07
524        9.34797e-07
525        1.63063e-06
526        1.94273e-06
527        1.94325e-06
528        1.77458e-06
529        1.08686e-06
530        6.52504e-07
531        6.57933e-07
532        6.98194e-07
533        7.32716e-07
534        7.38655e-07
535        7.18467e-07
536        7.03178e-07
537        7.68044e-07
538        1.10635e-06
539        1.38503e-06
540        1.45474e-06
541        1.46596e-06
542        1.12162e-06
543        7.53999e-07
544        6.6902e-07
545        6.8345e-07
546        6.92514e-07
547        6.75378e-07
548        6.68604e-07
549        7.13961e-07
550        8.28164e-07
551        9.04611e-07
552        8.83558e-07
553        8.31375e-07
554        7.23451e-07
555        6.72841e-07
556        6.83059e-07
557        7.24168e-07
558        7.54497e-07
559        7.67442e-07
560        7.37972e-07
561        6.91358e-07
562        7.08888e-07
563        7.47931e-07
564        7.78443e-07
565        7.67927e-07
566        7.18805e-07
567        6.91601e-07
568        7.06594e-07
569        7.23486e-07
570        7.12446e-07
571        6.76131e-07
572        6.705e-07 
573        6.93909e-07
574        6.58502e-07
575        6.32201e-07
576        6.45978e-07
577        6.59219e-07
578        6.44729e-07
579        6.44331e-07
580        6.62986e-07
581        6.53074e-07
582        6.40021e-07
583        6.387e-07 
584        6.6252e-07
585        6.9959e-07
586        7.25078e-07
587        7.24991e-07
588        7.29802e-07
589        9.86434e-07
590        1.39045e-06
591        1.47314e-06
592        1.47408e-06
593        1.24819e-06
594        8.4631e-07
595        7.45926e-07
596        7.36199e-07
597        7.73607e-07
598        9.35993e-07
599        1.05996e-06
600        1.07357e-06
601        1.03896e-06
602        8.56455e-07
603        7.07001e-07
604        6.8384e-07
605        6.86658e-07
606        6.72222e-07
607        6.69889e-07
608        6.90873e-07
609        6.91976e-07
610        6.42518e-07
611        6.00709e-07
612        6.0916e-07
613        6.39935e-07
614        6.77339e-07
615        6.91298e-07
616        6.74845e-07
617        7.12471e-07
618        7.64597e-07
619        7.84126e-07
620        7.7936e-07
621        7.65052e-07
622        7.50501e-07
623        7.39928e-07
624        7.13668e-07
625        6.92652e-07
626        6.90189e-07
627        7.21777e-07
628        7.60655e-07
629        8.38253e-07
630        8.61608e-07
631        8.29516e-07
632        8.04523e-07
633        7.11369e-07
634        6.84019e-07
635        7.10246e-07
636        7.05155e-07
637        6.90565e-07
638        6.82395e-07
639        6.71791e-07
640        6.82808e-07
641        6.81647e-07
642        6.61415e-07
643        6.26874e-07
644        6.09853e-07
645        6.48483e-07
646        6.91173e-07
647        7.09612e-07
648        7.38482e-07
649        7.5516e-07
650        7.41344e-07
651        6.98874e-07
652        6.573e-07 
653        6.59495e-07
654        6.8679e-07
655        6.95677e-07
656        6.76481e-07
657        7.19238e-07
658        9.5829e-07
659        1.17365e-06
660        1.19171e-06
661        1.12451e-06
662        8.6184e-07
663        7.04062e-07
664        7.02077e-07
665        6.86421e-07
666        7.00672e-07
667        7.41509e-07
668        9.83412e-07
669        1.24724e-06
670        1.26692e-06
671        1.20653e-06
672        9.74272e-07
673        7.58276e-07
674        7.04455e-07
675        6.96225e-07
676        6.57905e-07
677        6.10502e-07
678        6.31558e-07
679        6.89005e-07
680        7.37923e-07
681        7.60649e-07
682        7.4985e-07
683        6.92975e-07
684        6.37722e-07
685        6.41089e-07
686        6.79295e-07
687        7.18113e-07
688        7.23375e-07
689        7.1871e-07
690        7.08036e-07
691        7.07973e-07
692        7.03196e-07
693        6.64804e-07
694        6.39693e-07
695        6.52186e-07
696        6.91524e-07
697        7.2457e-07
698        7.295e-07 
699        7.28942e-07
700        7.15874e-07
701        6.92677e-07
702        6.89181e-07
703        7.26226e-07
704        7.54495e-07
705        7.84272e-07
706        8.01546e-07
707        8.0744e-07
708        8.19165e-07
709        8.03593e-07
710        7.736e-07 
711        7.10744e-07
712        6.42787e-07
713        6.4194e-07
714        6.60003e-07
715        6.73155e-07
716        7.13155e-07
717        7.45608e-07
718        7.84938e-07
719        8.19996e-07
720        8.04445e-07
721        7.85521e-07
722        7.069e-07 
723        6.52431e-07
724        6.70699e-07
725        7.04155e-07
726        7.44109e-07
727        7.78733e-07
728        7.80494e-07
729        7.42292e-07
730        7.00274e-07
731        7.30498e-07
732        7.78013e-07
733        7.59317e-07
734        7.02395e-07
735        6.84636e-07
736        7.00733e-07
737        6.92302e-07
738        6.40042e-07
739        6.00599e-07
740        6.09977e-07
741        6.24642e-07
742        6.42821e-07
743        6.58497e-07
744        6.76471e-07
745        6.94849e-07
746        7.3807e-07
747        9.595e-07 
748        1.13434e-06
749        1.11616e-06
750        1.05802e-06
751        8.71028e-07
752        7.55823e-07
753        7.88158e-07
754        8.09062e-07
755        8.02833e-07
756        7.98746e-07
757        7.87297e-07
758        7.52544e-07
759        7.22989e-07
760        7.06742e-07
761        7.07918e-07
762        7.09382e-07
763        6.69729e-07
764        6.54339e-07
765        6.86287e-07
766        7.23566e-07
767        7.52844e-07
768        7.49634e-07
769        7.44188e-07
770        7.34568e-07
771        7.37002e-07
772        7.32986e-07
773        7.45288e-07
774        7.61615e-07
775        7.59388e-07
776        8.00986e-07
777        8.40967e-07
778        9.01037e-07
779        9.18298e-07
780        8.64194e-07
781        8.41498e-07
782        7.75692e-07
783        7.2859e-07
784        6.98452e-07
785        6.83893e-07
786        7.06299e-07
787        7.74197e-07
788        8.08115e-07
789        8.21952e-07
790        7.90536e-07
791        7.0125e-07
792        6.49835e-07
793        6.47081e-07
794        6.94671e-07
795        7.33547e-07
796        7.30065e-07
797        7.51267e-07
798        7.76675e-07
799        7.70841e-07
800        7.48524e-07
801        7.29946e-07
802        7.43025e-07
803        7.42967e-07
804        7.45363e-07
805        7.42451e-07
806        7.37479e-07
807        7.38374e-07
808        6.98668e-07
809        6.68755e-07
810        7.14674e-07
811        7.67157e-07
812        7.77251e-07
813        7.52552e-07
814        7.19671e-07
815        6.97083e-07
816        7.2474e-07
817        7.3026e-07
818        6.95032e-07
819        6.74262e-07
820        6.58438e-07
821        6.44965e-07
822        6.38989e-07
823        6.40165e-07
824        6.87762e-07
825        7.43399e-07
826        8.85068e-07
827        1.01068e-06
828        1.04002e-06
829        1.03618e-06
830        8.60833e-07
831        7.32662e-07
832        7.05476e-07
833        6.81614e-07
834        6.63741e-07
835        6.41206e-07
836        6.50701e-07
837        6.84045e-07
838        7.48905e-07
839        7.75877e-07
840        7.3663e-07
841        6.96459e-07
842        6.32308e-07
843        6.38918e-07
844        6.8799e-07
845        7.23043e-07
846        7.67446e-07
847        8.2026e-07
848        8.55666e-07
849        8.34174e-07
850        7.70356e-07
851        7.03217e-07
852        6.75442e-07
853        7.09464e-07
854        7.44584e-07
855        7.80285e-07
856        7.66146e-07
857        7.20488e-07
858        7.01621e-07
859        7.03937e-07
860        7.46741e-07
861        7.62922e-07
862        7.48232e-07
863        7.37666e-07
864        7.31116e-07
865        7.25017e-07
866        7.06605e-07
867        6.81129e-07
868        7.10968e-07
869        7.24016e-07
870        7.17885e-07
871        7.30597e-07
872        7.24332e-07
873        6.88002e-07
874        6.47584e-07
875        6.50565e-07
876        6.68613e-07
877        6.75011e-07
878        6.3162e-07
879        5.92755e-07
880        5.99036e-07
881        6.18702e-07
882        6.67324e-07
883        7.08354e-07
884        7.19283e-07
885        7.20263e-07
886        6.96088e-07
887        6.61043e-07
888        6.54831e-07
889        6.73805e-07
890        6.69116e-07
891        6.91474e-07
892        7.1672e-07
893        7.32998e-07
894        7.22007e-07
895        7.21273e-07
896        7.30241e-07
897        7.2101e-07
898        7.46012e-07
899        7.76736e-07
900        7.68408e-07
901        7.59875e-07
902        7.66951e-07
903        8.70236e-07
904        9.25334e-07
905        1.03729e-06
906        1.07093e-06
907        1.01698e-06
908        9.38895e-07
909        7.24371e-07
910        6.95931e-07
911        7.53761e-07
912        7.73847e-07
913        7.36221e-07
914        6.88457e-07
915        6.57624e-07
916        6.42905e-07
917        6.52854e-07
918        6.52712e-07
919        6.44376e-07
920        6.3792e-07
921        6.73785e-07
922        7.16979e-07
923        7.0108e-07
924        6.556e-07 
925        6.50892e-07
926        6.4691e-07
927        6.61866e-07
928        6.93283e-07
929        6.78829e-07
930        6.56744e-07
931        6.6344e-07
932        6.79019e-07
933        7.07893e-07
934        7.30967e-07
935        7.50063e-07
936        7.52732e-07
937        7.30504e-07
938        7.16456e-07
939        6.98074e-07
940        7.0844e-07
941        7.34097e-07
942        7.14283e-07
943        6.95391e-07
944        6.94713e-07
945        6.97976e-07
946        7.13798e-07
947        7.36921e-07
948        7.26735e-07
949        7.15039e-07
950        7.03634e-07
951        6.53828e-07
952        6.54158e-07
953        6.9301e-07
954        6.99807e-07
955        6.79322e-07
956        6.60474e-07
957        6.22165e-07
958        6.22172e-07
959        6.53141e-07
960        6.69443e-07
961        6.76186e-07
962        6.85005e-07
963        6.69354e-07
964        6.39402e-07
965        6.41676e-07
966        6.67058e-07
967        6.57371e-07
968        6.30123e-07
969        6.42955e-07
970        6.99221e-07
971        7.32227e-07
972        7.28826e-07
973        7.0297e-07
974        6.66106e-07
975        6.65683e-07
976        7.13911e-07
977        7.54918e-07
978        7.94052e-07
979        7.78369e-07
980        7.23454e-07
981        6.98949e-07
982        6.82246e-07
983        7.61397e-07
984        9.09474e-07
985        9.42468e-07
986        9.82883e-07
987        9.64575e-07
988        8.51491e-07
989        8.23007e-07
990        8.09967e-07
991        7.79918e-07
992        7.25186e-07
993        6.73675e-07
994        6.51574e-07
995        6.41311e-07
996        6.33593e-07
997        9.3792e-07
998        2.5396e-06
999        3.77287e-06
1000       3.92363e-06
1001       3.82384e-06
1002       2.62755e-06
1003       1.05105e-06
1004       6.97197e-07
1005       6.79669e-07
1006       6.75746e-07
1007       6.7222e-07
1008       6.84291e-07
1009       7.10793e-07
1010       7.04558e-07
1011       6.20691e-07
1012       5.5828e-07
1013       5.894e-07 
1014       6.36201e-07
1015       6.63137e-07
1016       7.21934e-07
1017       7.82456e-07
1018       8.18775e-07
1019       8.23553e-07
1020       8.06464e-07
1021       7.63053e-07
1022       7.03821e-07
1023       6.93498e-07
1024       7.11424e-07
1025       7.22232e-07
1026       7.15929e-07
1027       6.88504e-07
1028       6.67155e-07
1029       6.81069e-07
1030       6.98717e-07
1031       7.31091e-07
1032       7.68003e-07
1033       7.69511e-07
1034       7.44879e-07
1035       6.83364e-07
1036       7.02417e-07
1037       7.67704e-07
1038       7.89114e-07
1039       7.64418e-07
1040       7.22836e-07
1041       6.90833e-07
1042       6.685e-07 
1043       6.70528e-07
1044       6.58951e-07
1045       6.58724e-07
1046       6.90125e-07
1047       6.96391e-07
1048       7.00665e-07
1049       7.35095e-07
1050       7.392e-07 
1051       7.20449e-07
1052       6.89501e-07
1053       6.62676e-07
1054       6.94944e-07
1055       7.38491e-07
1056       7.34102e-07
1057       7.13171e-07
1058       6.78386e-07
1059       6.8073e-07
1060       7.00084e-07
1061       7.00125e-07
1062       7.47546e-07
1063       8.98713e-07
1064       9.4482e-07
1065       9.65017e-07
1066       8.81174e-07
1067       7.28492e-07
1068       6.93289e-07
1069       7.03048e-07
1070       7.26098e-07
1071       6.83384e-07
1072       6.16755e-07
1073       6.17824e-07
1074       6.22503e-07
1075       6.09397e-07
1076       6.177e-07 
1077       6.31786e-07
1078       6.6491e-07
1079       7.07899e-07
1080       7.3551e-07
1081       7.49515e-07
1082       7.40397e-07
1083       7.21176e-07
1084       6.71759e-07
1085       6.21901e-07
1086       6.11511e-07
1087       6.32854e-07
1088       6.4051e-07
1089       6.31342e-07
1090       6.57659e-07
1091       7.02564e-07
1092       7.15807e-07
1093       6.83013e-07
1094       6.57209e-07
1095       6.65744e-07
1096       6.75251e-07
1097       6.58348e-07
1098       6.56229e-07
1099       6.79945e-07
1100       6.77958e-07
1101       6.75221e-07
1102       7.15107e-07
1103       7.28496e-07
1104       7.23862e-07
1105       7.27958e-07
1106       7.22578e-07
1107       7.34355e-07
1108       7.44099e-07
1109       7.43526e-07
1110       7.64827e-07
1111       7.75047e-07
1112       7.4567e-07
1113       6.7955e-07
1114       6.39254e-07
1115       6.55949e-07
1116       7.13179e-07
1117       7.61748e-07
1118       7.76623e-07
1119       7.62336e-07
1120       7.31488e-07
1121       7.17422e-07
1122       6.99396e-07
1123       6.74957e-07
1124       6.53033e-07
1125       6.44684e-07
1126       6.42336e-07
1127       6.35576e-07
1128       5.97788e-07
1129       5.97263e-07
1130       6.54389e-07
1131       7.17101e-07
1132       7.7413e-07
1133       7.85026e-07
1134       7.80012e-07
1135       7.66671e-07
1136       7.27849e-07
1137       7.46695e-07
1138       8.11064e-07
1139       8.48785e-07
1140       8.22952e-07
1141       8.52773e-07
1142       9.49555e-07
1143       9.55537e-07
1144       9.5022e-07
1145       8.09129e-07
1146       6.98848e-07
1147       7.08312e-07
1148       7.19985e-07
1149       7.27603e-07
1150       7.00346e-07
1151       6.83151e-07
1152       7.17993e-07
1153       7.65211e-07
1154       7.59114e-07
1155       6.94193e-07
1156       6.72781e-07
1157       7.01347e-07
1158       7.51449e-07
1159       7.73442e-07
1160       7.45678e-07
1161       7.15144e-07
1162       7.01218e-07
1163       6.66654e-07
1164       6.1835e-07
1165       5.96724e-07
1166       6.35255e-07
1167       6.75199e-07
1168       6.8637e-07
1169       7.17262e-07
1170       7.94781e-07
1171       8.67258e-07
1172       8.6746e-07
1173       8.04124e-07
1174       7.29917e-07
1175       6.76567e-07
1176       6.48094e-07
1177       6.55828e-07
1178       6.50432e-07
1179       6.35551e-07
1180       6.40426e-07
1181       6.63827e-07
1182       6.90661e-07
1183       7.11369e-07
1184       7.11655e-07
1185       6.88053e-07
1186       6.53226e-07
1187       6.41982e-07
1188       6.38984e-07
1189       6.58014e-07
1190       6.86236e-07
1191       7.18132e-07
1192       7.11312e-07
1193       6.74488e-07
1194       7.11136e-07
1195       7.58436e-07
1196       7.2568e-07
1197       7.04276e-07
1198       7.88784e-07
1199       8.48527e-07
1200       8.4512e-07
1201       8.19128e-07
1202       7.39566e-07
1203       6.61636e-07
1204       6.32519e-07
1205       6.51932e-07
1206       6.72705e-07
1207       6.94177e-07
1208       7.1089e-07
1209       7.12335e-07
1210       6.88759e-07
1211       6.50437e-07
1212       6.40785e-07
1213       6.46247e-07
1214       6.46148e-07
1215       6.66572e-07
1216       6.81941e-07
1217       6.93416e-07
1218       7.19829e-07
1219       7.41978e-07
1220       8.63081e-07
1221       1.02373e-06
1222       1.06378e-06
1223       1.0825e-06
1224       9.20689e-07
1225       7.72478e-07
1226       7.52216e-07
1227       7.26528e-07
1228       7.30891e-07
1229       7.30249e-07
1230       7.14982e-07
1231       7.05894e-07
1232       6.92306e-07
1233       6.60577e-07
1234       6.78367e-07
1235       7.04446e-07
1236       7.274e-07 
1237       7.65763e-07
1238       7.60266e-07
1239       7.5203e-07
1240       7.66712e-07
1241       7.65253e-07
1242       7.51215e-07
1243       7.32511e-07
1244       7.50922e-07
1245       7.82994e-07
1246       7.94084e-07
1247       8.04606e-07
1248       7.94468e-07
1249       7.74564e-07
1250       7.69159e-07
1251       7.7646e-07
1252       7.79481e-07
1253       7.53538e-07
1254       7.23103e-07
1255       7.18167e-07
1256       7.09108e-07
1257       7.38275e-07
1258       8.26101e-07
1259       8.91315e-07
1260       9.38144e-07
1261       9.3494e-07
1262       8.83265e-07
1263       8.24786e-07
1264       7.51684e-07
1265       7.49006e-07
1266       7.56499e-07
1267       7.56426e-07
1268       7.52623e-07
1269       7.2156e-07
1270       6.41166e-07
1271       6.12323e-07
1272       6.18523e-07
1273       6.21548e-07
1274       6.54208e-07
1275       7.02134e-07
1276       7.02706e-07
1277       6.82318e-07
1278       6.71802e-07
1279       6.66911e-07
1280       6.96523e-07
1281       7.05225e-07
1282       6.97876e-07
1283       7.05522e-07
1284       7.17715e-07
1285       6.9692e-07
1286       6.71893e-07
1287       6.71877e-07
1288       6.48942e-07
1289       6.39614e-07
1290       6.89335e-07
1291       7.45918e-07
1292       7.36799e-07
1293       7.24186e-07
1294       7.42712e-07
1295       7.27117e-07
1296       7.07158e-07
1297       6.89738e-07
1298       7.1407e-07
1299       8.61596e-07
1300       9.90323e-07
1301       1.01928e-06
1302       9.90399e-07
1303       8.44816e-07
1304       7.27631e-07
1305       7.21921e-07
1306       7.35749e-07
1307       7.35204e-07
1308       7.14505e-07
1309       6.67139e-07
1310       6.67124e-07
1311       6.8318e-07
1312       6.72062e-07
1313       6.76932e-07
1314       6.92955e-07
1315       7.18532e-07
1316       7.32887e-07
1317       7.09926e-07
1318       6.96862e-07
1319       7.25499e-07
1320       7.73842e-07
1321       7.84356e-07
1322       7.63866e-07
1323       7.36244e-07
1324       7.44772e-07
1325       7.517e-07 
1326       7.38084e-07
1327       7.18358e-07
1328       6.86727e-07
1329       6.92634e-07
1330       7.25483e-07
1331       7.59487e-07
1332       7.64056e-07
1333       7.58819e-07
1334       7.54672e-07
1335       7.47922e-07
1336       7.18783e-07
1337       7.11371e-07
1338       7.78653e-07
1339       8.56441e-07
1340       8.60452e-07
1341       8.37411e-07
1342       7.53181e-07
1343       6.73862e-07
1344       6.83781e-07
1345       6.67807e-07
1346       6.47898e-07
1347       6.5349e-07
1348       6.35907e-07
1349       6.24156e-07
1350       6.53725e-07
1351       7.14068e-07
1352       7.85135e-07
1353       8.00349e-07
1354       7.57787e-07
1355       7.11767e-07
1356       6.89582e-07
1357       6.82925e-07
1358       6.66014e-07
1359       6.47402e-07
1360       6.59992e-07
1361       6.71897e-07
1362       7.00317e-07
1363       7.1476e-07
1364       6.81198e-07
1365       7.05561e-07
1366       7.40377e-07
1367       7.25203e-07
1368       6.93393e-07
1369       6.90611e-07
1370       7.09071e-07
1371       7.04163e-07
1372       7.04234e-07
1373       6.87276e-07
1374       6.76829e-07
1375       6.82558e-07
1376       7.09286e-07
1377       7.62094e-07
1378       8.96427e-07
1379       9.35595e-07
1380       9.01065e-07
1381       8.97747e-07
1382       8.04988e-07
1383       7.72329e-07
1384       7.79625e-07
1385       7.45517e-07
1386       6.7033e-07
1387       6.27619e-07
1388       6.63485e-07
1389       6.94984e-07
1390       7.11002e-07
1391       6.66986e-07
1392       6.03043e-07
1393       6.11348e-07
1394       6.72741e-07
1395       7.53956e-07
1396       7.7019e-07
1397       7.389e-07 
1398       6.93847e-07
1399       6.77135e-07
1400       7.17089e-07
1401       7.31014e-07
1402       7.19618e-07
1403       6.96742e-07
1404       6.87876e-07
1405       6.96888e-07
1406       6.94219e-07
1407       6.98247e-07
1408       7.1171e-07
1409       7.20146e-07
1410       7.17621e-07
1411       7.27489e-07
1412       7.2653e-07
1413       6.7082e-07
1414       6.37637e-07
1415       6.40263e-07
1416       6.7311e-07
1417       7.42519e-07
1418       8.09537e-07
1419       8.11701e-07
1420       7.65474e-07
1421       6.69743e-07
1422       6.55504e-07
1423       7.21503e-07
1424       7.81172e-07
1425       7.68072e-07
1426       7.14989e-07
1427       6.79341e-07
1428       6.72164e-07
1429       6.624e-07 
1430       6.69003e-07
1431       6.832e-07 
1432       6.8248e-07
1433       6.65746e-07
1434       6.6504e-07
1435       6.99264e-07
1436       7.16199e-07
1437       7.03977e-07
1438       7.44298e-07
1439       7.95874e-07
1440       8.0587e-07
1441       7.65718e-07
1442       6.80596e-07
1443       6.45742e-07
1444       6.38821e-07
1445       6.35124e-07
1446       6.46115e-07
1447       6.73197e-07
1448       7.08287e-07
1449       7.35832e-07
1450       7.07199e-07
1451       6.6895e-07
1452       6.43358e-07
1453       6.25289e-07
1454       6.40125e-07
1455       6.94104e-07
1456       7.52164e-07
1457       7.91557e-07
1458       7.81826e-07
1459       7.77572e-07
1460       7.59636e-07
1461       7.04708e-07
1462       6.70047e-07
1463       6.69518e-07
1464       7.06872e-07
1465       7.22076e-07
1466       7.06122e-07
1467       6.95161e-07
1468       7.00256e-07
1469       7.49147e-07
1470       7.77356e-07
1471       7.7528e-07
1472       7.40269e-07
1473       6.82648e-07
1474       6.63791e-07
1475       6.732e-07 
1476       7.02955e-07
1477       7.07002e-07
1478       7.0963e-07
1479       7.27192e-07
1480       7.44612e-07
1481       7.43256e-07
1482       7.33253e-07
1483       7.27472e-07
1484       6.78113e-07
1485       6.28999e-07
1486       6.26617e-07
1487       6.46526e-07
1488       6.9217e-07
1489       7.18819e-07
1490       7.11338e-07
1491       7.10804e-07
1492       7.29669e-07
1493       7.72608e-07
1494       7.92338e-07
1495       7.68777e-07
1496       7.62823e-07
1497       7.58776e-07
1498       8.07196e-07
1499       8.46925e-07
1500       8.33285e-07
1501       8.38481e-07
1502       7.8258e-07
1503       7.40877e-07
1504       7.23729e-07
1505       7.14022e-07
1506       7.05403e-07
1507       7.14642e-07
1508       7.29e-07  
1509       7.25344e-07
1510       7.26594e-07
1511       7.3893e-07
1512       7.40332e-07
1513       6.99374e-07
1514       6.50931e-07
1515       6.47426e-07
1516       6.66849e-07
1517       6.5415e-07
1518       6.72372e-07
1519       7.35277e-07
1520       7.5934e-07
1521       7.40365e-07
1522       7.17404e-07
1523       6.89522e-07
1524       7.02323e-07
1525       7.21237e-07
1526       7.19108e-07
1527       7.00866e-07
1528       6.62278e-07
1529       6.2057e-07
1530       5.98252e-07
1531       6.03193e-07
1532       6.22911e-07
1533       6.46061e-07
1534       6.74158e-07
1535       7.16156e-07
1536       7.74031e-07
1537       8.01499e-07
1538       8.05441e-07
1539       7.68761e-07
1540       7.0145e-07
1541       6.84296e-07
1542       6.9475e-07
1543       7.05414e-07
1544       6.9568e-07
1545       7.2539e-07
1546       7.61782e-07
1547       7.71541e-07
1548       7.60944e-07
1549       7.05443e-07
1550       6.4322e-07
1551       6.55357e-07
1552       6.91478e-07
1553       6.91883e-07
1554       6.57691e-07
1555       5.96359e-07
1556       5.59597e-07
1557       5.934e-07 
1558       7.24225e-07
1559       8.21579e-07
1560       8.61204e-07
1561       8.71986e-07
1562       8.07715e-07
1563       7.57124e-07
1564       7.2983e-07
1565       6.89899e-07
1566       6.85408e-07
1567       7.12169e-07
1568       7.15176e-07
1569       7.02221e-07
1570       7.19946e-07
1571       7.3954e-07
1572       7.0951e-07
1573       6.70583e-07
1574       6.40672e-07
1575       6.25838e-07
1576       6.44447e-07
1577       7.00113e-07
1578       7.38005e-07
1579       7.26761e-07
1580       7.09786e-07
1581       6.94404e-07
1582       6.65091e-07
1583       6.52922e-07
1584       6.58416e-07
1585       6.65055e-07
1586       6.66454e-07
1587       6.53983e-07
1588       6.3373e-07
1589       5.99668e-07
1590       5.96567e-07
1591       6.30192e-07
1592       6.67708e-07
1593       6.56354e-07
1594       6.28379e-07
1595       6.36738e-07
1596       6.70298e-07
1597       6.77705e-07
1598       6.82161e-07
1599       6.87872e-07
1600       6.99827e-07
