# Freq.    Mag.
0          2.58683e-06
8          2.62023e-06
16         2.85893e-06
24         6.15841e-06
32         8.63535e-06
40         8.92634e-06
48         8.63684e-06
56         5.78705e-06
64         2.24959e-06
72         1.0133e-06
80         8.61419e-07
88         8.89236e-07
96         1.18077e-06
104        2.25923e-06
112        2.88499e-06
120        2.87261e-06
128        2.6526e-06
136        1.65055e-06
144        7.73794e-07
152        6.94458e-07
160        7.34976e-07
168        9.67408e-07
176        1.24404e-06
184        1.72853e-06
192        1.88966e-06
200        1.74206e-06
208        1.56097e-06
216        1.03601e-06
224        7.30529e-07
232        7.47394e-07
240        7.69889e-07
248        7.73611e-07
256        8.72981e-07
264        1.18795e-06
272        1.30306e-06
280        1.2953e-06
288        1.20455e-06
296        9.18582e-07
304        7.76978e-07
312        7.47627e-07
320        7.02398e-07
328        6.78992e-07
336        8.14322e-07
344        1.07756e-06
352        1.13878e-06
360        1.1256e-06
368        1.02345e-06
376        8.4451e-07
384        8.20672e-07
392        8.23114e-07
400        8.14993e-07
408        8.18077e-07
416        8.8329e-07
424        1.02124e-06
432        1.04934e-06
440        1.03258e-06
448        8.87972e-07
456        7.09266e-07
464        6.93496e-07
472        7.2279e-07
480        7.54457e-07
488        7.71863e-07
496        8.01078e-07
504        9.11995e-07
512        1.03113e-06
520        1.0904e-06
528        1.04331e-06
536        9.62091e-07
544        8.53379e-07
552        7.9356e-07
560        7.48385e-07
568        7.35876e-07
576        7.5365e-07
584        7.7028e-07
592        7.80606e-07
600        8.16241e-07
608        8.09718e-07
616        7.8262e-07
624        7.2895e-07
632        6.66538e-07
640        6.62716e-07
648        6.92248e-07
656        7.49371e-07
664        8.06467e-07
672        8.47456e-07
680        8.5373e-07
688        8.03871e-07
696        7.88971e-07
704        7.70125e-07
712        7.39272e-07
720        7.11695e-07
728        6.90936e-07
736        7.13481e-07
744        7.31008e-07
752        7.44186e-07
760        7.2433e-07
768        6.78822e-07
776        6.87637e-07
784        7.22917e-07
792        7.46969e-07
800        7.14436e-07
808        7.23437e-07
816        7.72961e-07
824        7.83344e-07
832        7.55905e-07
840        7.16469e-07
848        7.07441e-07
856        7.54145e-07
864        8.04032e-07
872        8.25652e-07
880        8.43147e-07
888        8.49415e-07
896        8.46576e-07
904        8.07361e-07
912        7.53458e-07
920        7.10152e-07
928        7.01697e-07
936        7.0372e-07
944        7.08875e-07
952        7.06932e-07
960        6.9279e-07
968        6.8205e-07
976        8.09116e-07
984        1.47912e-06
992        2.06447e-06
1000       2.10071e-06
1008       2.02133e-06
1016       1.45841e-06
1024       8.29594e-07
1032       7.20647e-07
1040       6.89656e-07
1048       6.85564e-07
1056       7.04576e-07
1064       7.44672e-07
1072       7.58998e-07
1080       7.24044e-07
1088       6.78872e-07
1096       6.84105e-07
1104       7.29841e-07
1112       7.33947e-07
1120       6.90945e-07
1128       6.6189e-07
1136       6.62894e-07
1144       6.63073e-07
1152       6.73877e-07
1160       6.86822e-07
1168       6.86926e-07
1176       7.20992e-07
1184       7.38856e-07
1192       7.35496e-07
1200       7.1685e-07
1208       7.16401e-07
1216       7.14436e-07
1224       7.01434e-07
1232       6.8924e-07
1240       6.79891e-07
1248       6.70691e-07
1256       6.69452e-07
1264       6.59366e-07
1272       6.67465e-07
1280       7.21936e-07
1288       7.70575e-07
1296       7.69795e-07
1304       7.43628e-07
1312       7.31457e-07
1320       7.32741e-07
1328       7.48577e-07
1336       7.60118e-07
1344       7.90645e-07
1352       8.14446e-07
1360       7.95218e-07
1368       7.93625e-07
1376       7.7003e-07
1384       7.3547e-07
1392       7.14182e-07
1400       7.05665e-07
1408       7.16528e-07
1416       6.9025e-07
1424       6.83847e-07
1432       7.30439e-07
1440       7.41888e-07
1448       7.34425e-07
1456       6.9328e-07
1464       6.44756e-07
1472       6.12019e-07
1480       6.02319e-07
1488       6.53586e-07
1496       6.78749e-07
1504       6.86072e-07
1512       6.7217e-07
1520       6.37344e-07
1528       6.366e-07 
1536       6.50312e-07
1544       6.57934e-07
1552       6.63823e-07
1560       6.77322e-07
1568       6.65238e-07
1576       6.42765e-07
1584       6.42826e-07
1592       6.279e-07 
1600       6.22356e-07
1608       6.29164e-07
1616       6.34504e-07
1624       6.63214e-07
1632       7.14435e-07
1640       7.46977e-07
1648       7.48253e-07
1656       7.24957e-07
1664       7.04842e-07
1672       6.9809e-07
1680       6.45037e-07
1688       5.84233e-07
1696       5.55253e-07
1704       5.68954e-07
1712       6.22041e-07
1720       6.52098e-07
1728       6.72028e-07
1736       7.00636e-07
1744       7.58036e-07
1752       7.91849e-07
1760       8.22293e-07
1768       7.85058e-07
1776       7.34273e-07
1784       7.83059e-07
1792       8.31322e-07
1800       8.42172e-07
1808       8.01535e-07
1816       7.69028e-07
1824       7.49667e-07
1832       7.41036e-07
1840       7.58095e-07
1848       7.81146e-07
1856       7.99357e-07
1864       7.64088e-07
1872       7.17045e-07
1880       6.97557e-07
1888       7.06085e-07
1896       7.10205e-07
1904       7.14688e-07
1912       6.91352e-07
1920       6.67851e-07
1928       6.92437e-07
1936       7.22974e-07
1944       7.29757e-07
1952       7.06813e-07
1960       6.65893e-07
1968       6.42163e-07
1976       6.22356e-07
1984       6.34265e-07
1992       6.72845e-07
2000       6.93846e-07
2008       6.88854e-07
2016       6.59382e-07
2024       6.34803e-07
2032       6.66681e-07
2040       7.36569e-07
2048       7.7288e-07
2056       7.85271e-07
2064       7.61164e-07
2072       6.85488e-07
2080       6.32515e-07
2088       6.16563e-07
2096       6.41776e-07
2104       6.96137e-07
2112       7.11986e-07
2120       6.91223e-07
2128       6.77464e-07
2136       7.05165e-07
2144       7.41009e-07
2152       7.16819e-07
2160       6.65331e-07
2168       6.82962e-07
2176       7.16389e-07
2184       7.30698e-07
2192       7.28607e-07
2200       7.20375e-07
2208       7.21631e-07
2216       7.0552e-07
2224       6.58728e-07
2232       6.41312e-07
2240       6.58987e-07
2248       6.92494e-07
2256       7.3221e-07
2264       7.44752e-07
2272       7.10396e-07
2280       6.75118e-07
2288       6.78682e-07
2296       6.86268e-07
2304       6.78598e-07
2312       6.94712e-07
2320       7.37767e-07
2328       7.63189e-07
2336       7.62583e-07
2344       7.3567e-07
2352       7.02705e-07
2360       6.93051e-07
2368       7.06639e-07
2376       7.21522e-07
2384       7.22117e-07
2392       7.02094e-07
2400       6.55375e-07
2408       6.21606e-07
2416       6.41449e-07
2424       6.96227e-07
2432       7.58632e-07
2440       7.78428e-07
2448       7.58878e-07
2456       7.42427e-07
2464       7.4363e-07
2472       7.33017e-07
2480       6.95536e-07
2488       6.61206e-07
2496       6.51751e-07
2504       6.67942e-07
2512       7.00731e-07
2520       7.18966e-07
2528       7.27503e-07
2536       7.48359e-07
2544       7.46357e-07
2552       6.95086e-07
2560       6.51129e-07
2568       6.35644e-07
2576       6.34921e-07
2584       6.81313e-07
2592       7.25292e-07
2600       7.37274e-07
2608       7.25315e-07
2616       7.007e-07 
2624       7.0177e-07
2632       7.18479e-07
2640       6.87149e-07
2648       6.77099e-07
2656       6.80799e-07
2664       6.82505e-07
2672       6.92776e-07
2680       6.97032e-07
2688       7.01577e-07
2696       6.62571e-07
2704       6.39052e-07
2712       6.51683e-07
2720       6.74865e-07
2728       6.80297e-07
2736       6.46084e-07
2744       6.45352e-07
2752       7.02614e-07
2760       7.32006e-07
2768       7.39441e-07
2776       7.28184e-07
2784       7.4494e-07
2792       7.59344e-07
2800       7.5827e-07
2808       7.50216e-07
2816       7.14263e-07
2824       7.00418e-07
2832       7.01951e-07
2840       6.88959e-07
2848       6.74229e-07
2856       6.77855e-07
2864       6.96323e-07
2872       7.24259e-07
2880       7.53931e-07
2888       7.31556e-07
2896       6.78901e-07
2904       6.35581e-07
2912       6.12282e-07
2920       6.26995e-07
2928       6.67739e-07
2936       6.55619e-07
2944       6.50457e-07
2952       7.00442e-07
2960       7.26049e-07
2968       7.16871e-07
2976       6.684e-07 
2984       7.13616e-07
2992       8.42198e-07
3000       8.76724e-07
3008       8.69071e-07
3016       7.36028e-07
3024       6.23389e-07
3032       6.52828e-07
3040       7.13085e-07
3048       7.59403e-07
3056       7.82854e-07
3064       8.12632e-07
3072       8.20824e-07
3080       7.77564e-07
3088       7.27554e-07
3096       6.73148e-07
3104       6.63187e-07
3112       6.8974e-07
3120       7.28555e-07
3128       7.3463e-07
3136       6.91224e-07
3144       6.21842e-07
3152       5.9569e-07
3160       5.71342e-07
3168       5.68427e-07
3176       6.18048e-07
3184       6.82462e-07
3192       7.32575e-07
3200       7.52564e-07
3208       7.1738e-07
3216       6.88835e-07
3224       7.15708e-07
3232       7.51453e-07
3240       7.88511e-07
3248       7.92774e-07
3256       7.30343e-07
3264       6.96671e-07
3272       7.19234e-07
3280       7.25066e-07
3288       6.68164e-07
3296       6.26359e-07
3304       6.25835e-07
3312       6.58815e-07
3320       6.93823e-07
3328       6.89276e-07
3336       6.72045e-07
3344       6.39625e-07
3352       6.44017e-07
3360       6.8876e-07
3368       6.88505e-07
3376       6.90196e-07
3384       7.11e-07  
3392       7.65353e-07
3400       8.02493e-07
3408       7.91913e-07
3416       7.55644e-07
3424       7.26532e-07
3432       7.2357e-07
3440       7.2626e-07
3448       7.21245e-07
3456       7.3377e-07
3464       7.32718e-07
3472       7.29365e-07
3480       7.47089e-07
3488       7.29269e-07
3496       6.99103e-07
3504       6.80096e-07
3512       6.67655e-07
3520       6.60649e-07
3528       6.83166e-07
3536       7.20252e-07
3544       7.5032e-07
3552       7.5017e-07
3560       7.33141e-07
3568       7.06244e-07
3576       6.9553e-07
3584       7.0682e-07
3592       7.23412e-07
3600       7.32543e-07
3608       7.06514e-07
3616       6.80411e-07
3624       6.99253e-07
3632       7.15855e-07
3640       7.04889e-07
3648       7.14784e-07
3656       7.52534e-07
3664       7.67455e-07
3672       7.49705e-07
3680       7.19105e-07
3688       6.99142e-07
3696       7.41379e-07
3704       7.80107e-07
3712       7.51179e-07
3720       6.83702e-07
3728       6.54379e-07
3736       6.71506e-07
3744       6.89447e-07
3752       7.09666e-07
3760       6.86765e-07
3768       6.79961e-07
3776       6.93212e-07
3784       7.26367e-07
3792       7.28494e-07
3800       7.00028e-07
3808       6.70946e-07
3816       6.45378e-07
3824       6.55875e-07
3832       6.58954e-07
3840       6.51759e-07
3848       6.75355e-07
3856       7.09282e-07
3864       7.24568e-07
3872       7.16599e-07
3880       6.89491e-07
3888       6.68628e-07
3896       6.53543e-07
3904       6.59259e-07
3912       6.96011e-07
3920       6.9076e-07
3928       6.82196e-07
3936       7.08376e-07
3944       7.39566e-07
3952       7.29843e-07
3960       6.92607e-07
3968       6.61022e-07
3976       6.76268e-07
3984       6.78296e-07
3992       6.69358e-07
4000       6.94512e-07
4008       7.1774e-07
4016       7.22881e-07
4024       7.07461e-07
4032       6.84985e-07
4040       6.74527e-07
4048       6.86024e-07
4056       6.72461e-07
4064       6.75983e-07
4072       7.02468e-07
4080       7.01159e-07
4088       6.51558e-07
4096       6.02316e-07
4104       6.10354e-07
4112       6.34784e-07
4120       6.37724e-07
4128       6.84562e-07
4136       7.32398e-07
4144       7.45621e-07
4152       7.28742e-07
4160       7.07725e-07
4168       6.81954e-07
4176       6.37426e-07
4184       6.19512e-07
4192       6.03593e-07
4200       6.27625e-07
4208       6.25376e-07
4216       5.92536e-07
4224       6.29955e-07
4232       6.53384e-07
4240       6.67028e-07
4248       6.87931e-07
4256       7.05921e-07
4264       7.29349e-07
4272       7.11171e-07
4280       6.67981e-07
4288       6.45155e-07
4296       6.57364e-07
4304       6.59938e-07
4312       6.39186e-07
4320       6.38007e-07
4328       6.63009e-07
4336       6.98296e-07
4344       7.00911e-07
4352       6.63306e-07
4360       6.52486e-07
4368       6.71468e-07
4376       6.53309e-07
4384       6.35692e-07
4392       6.15606e-07
4400       6.32392e-07
4408       6.56522e-07
4416       6.68382e-07
4424       6.6725e-07
4432       6.40706e-07
4440       6.5574e-07
4448       6.80824e-07
4456       6.77502e-07
4464       6.72151e-07
4472       6.24882e-07
4480       6.0387e-07
4488       6.385e-07 
4496       6.78186e-07
4504       7.29652e-07
4512       7.42811e-07
4520       7.15427e-07
4528       6.72334e-07
4536       6.38169e-07
4544       6.10524e-07
4552       6.32024e-07
4560       6.91521e-07
4568       7.16096e-07
4576       7.12137e-07
4584       6.93293e-07
4592       6.77161e-07
4600       6.74318e-07
4608       6.67506e-07
4616       6.4645e-07
4624       6.59412e-07
4632       6.69612e-07
4640       6.70712e-07
4648       6.84342e-07
4656       7.10789e-07
4664       7.35831e-07
4672       7.33398e-07
4680       6.93029e-07
4688       6.56512e-07
4696       6.66049e-07
4704       6.86217e-07
4712       7.26808e-07
4720       7.44159e-07
4728       7.12889e-07
4736       6.77482e-07
4744       6.75583e-07
4752       6.94651e-07
4760       7.19373e-07
4768       6.97876e-07
4776       6.51628e-07
4784       6.7106e-07
4792       7.07107e-07
4800       7.27027e-07
4808       7.02659e-07
4816       6.84845e-07
4824       6.86643e-07
4832       7.01234e-07
4840       7.13076e-07
4848       6.83449e-07
4856       6.35855e-07
4864       6.0628e-07
4872       6.10386e-07
4880       6.29277e-07
4888       6.39833e-07
4896       6.45489e-07
4904       6.75942e-07
4912       6.97099e-07
4920       7.10335e-07
4928       7.08088e-07
4936       6.90094e-07
4944       6.80773e-07
4952       7.01676e-07
4960       7.51898e-07
4968       7.84409e-07
4976       7.86272e-07
4984       7.9448e-07
4992       7.90941e-07
5000       7.62321e-07
5008       7.71404e-07
5016       7.79935e-07
5024       7.77694e-07
5032       7.78529e-07
5040       7.68735e-07
5048       7.48088e-07
5056       7.22771e-07
5064       7.06312e-07
5072       7.23353e-07
5080       7.16897e-07
5088       7.25547e-07
5096       7.09849e-07
5104       6.46489e-07
5112       6.27235e-07
5120       6.51582e-07
5128       6.69891e-07
5136       6.77628e-07
5144       7.11805e-07
5152       7.45852e-07
5160       7.24816e-07
5168       7.01273e-07
5176       7.02937e-07
5184       7.02462e-07
5192       6.89109e-07
5200       6.73984e-07
5208       6.83644e-07
5216       6.90142e-07
5224       6.85026e-07
5232       6.86405e-07
5240       6.80952e-07
5248       6.87802e-07
5256       6.99391e-07
5264       6.86718e-07
5272       6.87298e-07
5280       6.92071e-07
5288       6.81665e-07
5296       6.80915e-07
5304       6.72331e-07
5312       6.81471e-07
5320       7.14989e-07
5328       7.49164e-07
5336       7.68526e-07
5344       7.49043e-07
5352       7.05514e-07
5360       6.58454e-07
5368       6.42882e-07
5376       6.57304e-07
5384       6.46756e-07
5392       6.27261e-07
5400       6.41876e-07
5408       6.67293e-07
5416       6.9416e-07
5424       7.30984e-07
5432       7.66647e-07
5440       7.93307e-07
5448       7.90425e-07
5456       7.65919e-07
5464       7.37821e-07
5472       7.02893e-07
5480       6.59535e-07
5488       6.40762e-07
5496       6.70591e-07
5504       7.0307e-07
5512       7.38292e-07
5520       7.65944e-07
5528       7.63658e-07
5536       8.623e-07 
5544       1.0634e-06
5552       1.08244e-06
5560       1.04505e-06
5568       9.91773e-07
5576       1.28457e-06
5584       1.87902e-06
5592       1.98476e-06
5600       1.93718e-06
5608       1.53581e-06
5616       9.63669e-07
5624       1.09034e-06
5632       1.10266e-06
5640       1.08915e-06
5648       9.44668e-07
5656       7.45331e-07
5664       7.22868e-07
5672       7.4238e-07
5680       7.45077e-07
5688       7.19492e-07
5696       6.95962e-07
5704       6.65257e-07
5712       6.37294e-07
5720       6.28002e-07
5728       6.50994e-07
5736       6.99741e-07
5744       7.34803e-07
5752       7.62264e-07
5760       7.4835e-07
5768       7.05754e-07
5776       6.94603e-07
5784       7.06501e-07
5792       7.34999e-07
5800       7.4405e-07
5808       7.49571e-07
5816       7.40684e-07
5824       7.19906e-07
5832       7.16093e-07
5840       7.27575e-07
5848       6.95812e-07
5856       6.73057e-07
5864       7.12242e-07
5872       7.29458e-07
5880       7.21307e-07
5888       7.06347e-07
5896       7.00059e-07
5904       6.78326e-07
5912       7.05851e-07
5920       7.26897e-07
5928       6.92391e-07
5936       6.93983e-07
5944       7.04531e-07
5952       7.04495e-07
5960       6.99833e-07
5968       7.00015e-07
5976       6.64444e-07
5984       6.32815e-07
5992       6.3332e-07
6000       6.56917e-07
6008       6.95292e-07
6016       7.40637e-07
6024       7.92293e-07
6032       8.18254e-07
6040       8.14744e-07
6048       8.02469e-07
6056       7.61767e-07
6064       7.27758e-07
6072       7.15281e-07
6080       7.0791e-07
6088       6.95704e-07
6096       7.04261e-07
6104       6.97552e-07
6112       6.62596e-07
6120       6.53883e-07
6128       6.77763e-07
6136       6.91975e-07
6144       6.6492e-07
6152       6.73665e-07
6160       7.21799e-07
6168       7.30959e-07
6176       7.40468e-07
6184       7.3764e-07
6192       7.37549e-07
6200       7.32799e-07
6208       6.82288e-07
6216       6.51712e-07
6224       6.19807e-07
6232       6.00227e-07
6240       5.97068e-07
6248       6.09645e-07
6256       6.43457e-07
6264       6.83774e-07
6272       7.06325e-07
6280       7.22676e-07
6288       7.02539e-07
6296       6.8409e-07
6304       6.69072e-07
6312       6.49878e-07
6320       6.43964e-07
6328       6.48063e-07
6336       6.66139e-07
6344       6.97056e-07
6352       7.43319e-07
6360       7.69429e-07
6368       7.53881e-07
6376       7.46057e-07
6384       7.11911e-07
6392       6.57639e-07
6400       6.48964e-07
6408       6.75549e-07
6416       6.9562e-07
6424       6.86379e-07
6432       6.57053e-07
6440       6.24926e-07
6448       5.96486e-07
6456       5.67279e-07
6464       5.85767e-07
6472       6.17732e-07
6480       6.64126e-07
6488       7.20195e-07
6496       7.36878e-07
6504       7.27927e-07
6512       7.00737e-07
6520       6.80845e-07
6528       6.70952e-07
6536       6.72967e-07
6544       7.03949e-07
6552       6.99871e-07
6560       6.76555e-07
6568       6.83138e-07
6576       6.97018e-07
6584       6.93621e-07
6592       6.69766e-07
6600       6.61321e-07
6608       6.38583e-07
6616       6.35192e-07
6624       6.8402e-07
6632       7.38752e-07
6640       7.71852e-07
6648       7.59832e-07
6656       7.12116e-07
6664       6.65309e-07
6672       6.3004e-07
6680       6.27111e-07
6688       6.5367e-07
6696       6.8034e-07
6704       7.03246e-07
6712       7.20619e-07
6720       7.20159e-07
6728       7.37371e-07
6736       7.40133e-07
6744       7.09569e-07
6752       6.82652e-07
6760       6.62226e-07
6768       6.77615e-07
6776       7.05311e-07
6784       7.07219e-07
6792       6.83722e-07
6800       6.55764e-07
6808       6.38803e-07
6816       6.33611e-07
6824       6.46252e-07
6832       6.45905e-07
6840       6.42863e-07
6848       6.7233e-07
6856       7.23767e-07
6864       7.6302e-07
6872       7.5715e-07
6880       7.14008e-07
6888       6.67587e-07
6896       6.55805e-07
6904       6.42283e-07
6912       6.49751e-07
6920       6.70958e-07
6928       6.82565e-07
6936       6.84527e-07
6944       6.59657e-07
6952       6.6735e-07
6960       7.20295e-07
6968       7.41744e-07
6976       7.25638e-07
6984       6.88977e-07
6992       6.99168e-07
7000       7.30695e-07
7008       7.51525e-07
7016       7.20726e-07
7024       6.8576e-07
7032       6.91763e-07
7040       7.18475e-07
7048       7.41965e-07
7056       7.5413e-07
7064       7.44271e-07
7072       7.25866e-07
7080       7.27886e-07
7088       7.08375e-07
7096       6.59666e-07
7104       6.3654e-07
7112       6.21335e-07
7120       6.36388e-07
7128       6.41909e-07
7136       6.42174e-07
7144       6.68914e-07
7152       6.538e-07 
7160       6.42816e-07
7168       6.84055e-07
7176       7.39325e-07
7184       7.90922e-07
7192       7.67315e-07
7200       6.81293e-07
7208       6.45257e-07
7216       7.06708e-07
7224       7.67713e-07
7232       7.72743e-07
7240       7.59978e-07
7248       7.41411e-07
7256       7.13154e-07
7264       6.9046e-07
7272       6.97457e-07
7280       7.27688e-07
7288       7.17622e-07
7296       6.99003e-07
7304       6.79662e-07
7312       6.63447e-07
7320       6.75102e-07
7328       6.75079e-07
7336       6.57657e-07
7344       6.46151e-07
7352       6.53573e-07
7360       6.58383e-07
7368       6.62176e-07
7376       6.97144e-07
7384       7.13865e-07
7392       7.21153e-07
7400       7.07508e-07
7408       6.80738e-07
7416       6.81405e-07
7424       6.67408e-07
7432       6.54365e-07
7440       6.31023e-07
7448       6.13982e-07
7456       6.36561e-07
7464       6.6608e-07
7472       6.83131e-07
7480       6.66965e-07
7488       6.46637e-07
7496       6.28386e-07
7504       6.24083e-07
7512       6.47436e-07
7520       6.45637e-07
7528       6.57515e-07
7536       7.06114e-07
7544       7.29108e-07
7552       7.62032e-07
7560       7.49443e-07
7568       7.01649e-07
7576       6.70068e-07
7584       6.34591e-07
7592       6.02627e-07
7600       5.81973e-07
7608       6.25302e-07
7616       6.91403e-07
7624       7.26134e-07
7632       7.44597e-07
7640       7.23388e-07
7648       6.832e-07 
7656       6.67982e-07
7664       6.61535e-07
7672       6.52829e-07
7680       6.29684e-07
7688       6.52686e-07
7696       6.90475e-07
7704       7.01124e-07
7712       6.71601e-07
7720       6.3164e-07
7728       6.20005e-07
7736       6.31186e-07
7744       6.99479e-07
7752       7.65838e-07
7760       7.80611e-07
7768       7.36969e-07
7776       6.95904e-07
7784       7.0858e-07
7792       7.37227e-07
7800       7.46497e-07
7808       7.49039e-07
7816       7.5155e-07
7824       7.17274e-07
7832       7.09674e-07
7840       7.40306e-07
7848       7.72228e-07
7856       7.76534e-07
7864       7.32725e-07
7872       6.86909e-07
7880       6.15128e-07
7888       6.03076e-07
7896       6.58378e-07
7904       6.93048e-07
7912       7.20309e-07
7920       7.45971e-07
7928       7.48946e-07
7936       7.504e-07 
7944       7.31113e-07
7952       7.01921e-07
7960       6.97524e-07
7968       6.79649e-07
7976       6.54408e-07
7984       6.507e-07 
7992       6.8423e-07
8000       7.42578e-07
8008       7.58058e-07
8016       7.04029e-07
8024       6.52461e-07
8032       6.4953e-07
8040       6.78629e-07
8048       6.95199e-07
8056       6.97455e-07
8064       6.57666e-07
8072       6.60808e-07
8080       7.07069e-07
8088       7.20706e-07
8096       7.33312e-07
8104       7.42635e-07
8112       7.16132e-07
8120       7.06712e-07
8128       7.54981e-07
8136       7.84701e-07
8144       7.93857e-07
8152       7.8362e-07
8160       7.62128e-07
8168       7.5144e-07
8176       7.16643e-07
8184       6.83421e-07
8192       6.62437e-07
8200       6.70132e-07
8208       6.90379e-07
8216       6.79642e-07
8224       6.59272e-07
8232       6.57518e-07
8240       6.42922e-07
8248       6.27434e-07
8256       6.36289e-07
8264       6.64355e-07
8272       6.73383e-07
8280       6.79172e-07
8288       6.74353e-07
8296       6.46913e-07
8304       6.46483e-07
8312       6.85748e-07
8320       7.15356e-07
8328       7.23114e-07
8336       7.12386e-07
8344       6.56263e-07
8352       6.37622e-07
8360       6.49113e-07
8368       6.66067e-07
8376       7.0996e-07
8384       7.45756e-07
8392       7.33583e-07
8400       7.04806e-07
8408       6.80936e-07
8416       6.87417e-07
8424       6.98419e-07
8432       6.66928e-07
8440       6.24111e-07
8448       6.15863e-07
8456       6.23832e-07
8464       6.63466e-07
8472       7.0037e-07
8480       7.18044e-07
8488       7.3326e-07
8496       7.64483e-07
8504       7.51354e-07
8512       7.06804e-07
8520       7.07611e-07
8528       7.42148e-07
8536       7.07455e-07
8544       6.53489e-07
8552       6.46916e-07
8560       6.6302e-07
8568       6.91851e-07
8576       7.26719e-07
8584       7.30119e-07
8592       7.21181e-07
8600       7.13448e-07
8608       6.87393e-07
8616       6.61718e-07
8624       6.55067e-07
8632       6.65997e-07
8640       6.83295e-07
8648       6.91757e-07
8656       6.79947e-07
8664       6.59077e-07
8672       6.38418e-07
8680       6.4002e-07
8688       6.64651e-07
8696       6.7613e-07
8704       6.69219e-07
8712       6.70601e-07
8720       6.77477e-07
8728       6.99733e-07
8736       7.21361e-07
8744       7.20778e-07
8752       7.09117e-07
8760       7.13136e-07
8768       7.08408e-07
8776       6.7891e-07
8784       6.68012e-07
8792       6.75062e-07
8800       6.87128e-07
8808       7.03629e-07
8816       7.13841e-07
8824       7.06455e-07
8832       6.58875e-07
8840       6.26227e-07
8848       6.54453e-07
8856       6.6503e-07
8864       6.57223e-07
8872       6.67363e-07
8880       6.88705e-07
8888       7.04872e-07
8896       7.02018e-07
8904       7.11289e-07
8912       6.91879e-07
8920       6.40696e-07
8928       6.08354e-07
8936       6.03882e-07
8944       6.17488e-07
8952       6.42427e-07
8960       6.48477e-07
8968       6.61926e-07
8976       6.66614e-07
8984       6.69372e-07
8992       6.91615e-07
9000       7.11139e-07
9008       7.40848e-07
9016       7.144e-07 
9024       6.76395e-07
9032       6.62764e-07
9040       6.39391e-07
9048       6.36725e-07
9056       6.86916e-07
9064       7.2714e-07
9072       7.22877e-07
9080       6.89246e-07
9088       6.35204e-07
9096       5.98132e-07
9104       6.13543e-07
9112       6.52011e-07
9120       6.90097e-07
9128       6.98696e-07
9136       7.04798e-07
9144       7.09357e-07
9152       7.10537e-07
9160       7.03558e-07
9168       6.91757e-07
9176       6.67708e-07
9184       6.61435e-07
9192       6.71511e-07
9200       6.86695e-07
9208       6.98866e-07
9216       6.96002e-07
9224       6.93542e-07
9232       6.78697e-07
9240       6.62583e-07
9248       6.71404e-07
9256       6.90439e-07
9264       6.95716e-07
9272       6.94371e-07
9280       6.97543e-07
9288       7.20339e-07
9296       7.42723e-07
9304       7.57562e-07
9312       7.45011e-07
9320       7.2618e-07
9328       7.00659e-07
9336       6.81742e-07
9344       6.89605e-07
9352       7.10649e-07
9360       7.09709e-07
9368       6.85868e-07
9376       6.65021e-07
9384       6.74959e-07
9392       6.88976e-07
9400       6.59518e-07
9408       6.39259e-07
9416       6.68802e-07
9424       6.98518e-07
9432       7.00262e-07
9440       7.31549e-07
9448       7.5083e-07
9456       7.25513e-07
9464       6.78248e-07
9472       6.25298e-07
9480       5.9874e-07
9488       6.37407e-07
9496       6.90063e-07
9504       6.90922e-07
9512       6.62454e-07
9520       6.60972e-07
9528       6.85235e-07
9536       6.7662e-07
9544       6.50356e-07
9552       6.39596e-07
9560       6.45185e-07
9568       6.65627e-07
9576       6.99092e-07
9584       7.06709e-07
9592       6.87949e-07
9600       6.66257e-07
9608       6.65647e-07
9616       6.68911e-07
9624       6.636e-07 
9632       6.7683e-07
9640       6.76298e-07
9648       6.96862e-07
9656       7.25259e-07
9664       7.27082e-07
9672       6.93379e-07
9680       6.60666e-07
9688       6.40235e-07
9696       5.99182e-07
9704       6.03728e-07
9712       6.57831e-07
9720       6.87399e-07
9728       7.08028e-07
9736       6.97544e-07
9744       6.56389e-07
9752       6.11585e-07
9760       5.83934e-07
9768       6.15781e-07
9776       6.70687e-07
9784       7.30821e-07
9792       7.14815e-07
9800       6.71042e-07
9808       6.85426e-07
9816       7.13362e-07
9824       7.35311e-07
9832       7.27705e-07
9840       7.20728e-07
9848       7.45562e-07
9856       7.61595e-07
9864       7.53389e-07
9872       7.31875e-07
9880       7.04544e-07
9888       6.89612e-07
9896       7.11862e-07
9904       7.15673e-07
9912       6.87551e-07
9920       7.09283e-07
9928       7.50477e-07
9936       7.2804e-07
9944       6.70595e-07
9952       6.53294e-07
9960       6.95749e-07
9968       7.22058e-07
9976       7.04719e-07
9984       6.74612e-07
9992       6.59143e-07
10000      6.6635e-07
10008      6.83995e-07
10016      7.14771e-07
10024      7.31504e-07
10032      7.45936e-07
10040      7.57903e-07
10048      7.10667e-07
10056      6.67256e-07
10064      6.57284e-07
10072      6.59052e-07
10080      6.88746e-07
10088      7.05163e-07
10096      7.03093e-07
10104      6.7226e-07
10112      6.50939e-07
10120      6.69055e-07
10128      6.6789e-07
10136      6.31903e-07
10144      6.47792e-07
10152      7.03782e-07
10160      7.46312e-07
10168      7.39806e-07
10176      7.15022e-07
10184      7.03491e-07
10192      6.71688e-07
10200      6.46269e-07
10208      6.30802e-07
10216      6.34706e-07
10224      6.54423e-07
10232      6.76645e-07
10240      6.9084e-07
10248      6.92249e-07
10256      6.77892e-07
10264      6.40523e-07
10272      6.47712e-07
10280      6.7032e-07
10288      6.96434e-07
10296      7.20168e-07
10304      7.26087e-07
10312      7.40954e-07
10320      7.50277e-07
10328      7.45166e-07
10336      7.48739e-07
10344      7.29227e-07
10352      7.03794e-07
10360      6.63453e-07
10368      6.2547e-07
10376      6.25559e-07
10384      6.14715e-07
10392      6.22309e-07
10400      6.46115e-07
10408      6.65206e-07
10416      6.76854e-07
10424      7.10574e-07
10432      7.57544e-07
10440      7.81149e-07
10448      7.66925e-07
10456      7.2745e-07
10464      7.0668e-07
10472      7.08612e-07
10480      7.32267e-07
10488      7.5311e-07
10496      7.49854e-07
10504      7.30324e-07
10512      7.09301e-07
10520      7.02628e-07
10528      7.091e-07 
10536      7.25555e-07
10544      7.09641e-07
10552      6.8983e-07
10560      6.97559e-07
10568      6.97015e-07
10576      6.50072e-07
10584      6.1017e-07
10592      6.09526e-07
10600      6.12645e-07
10608      6.06971e-07
10616      6.38643e-07
10624      6.52653e-07
10632      6.54814e-07
10640      6.31816e-07
10648      6.12492e-07
10656      6.34241e-07
10664      6.83562e-07
10672      7.2733e-07
10680      7.3985e-07
10688      7.30502e-07
10696      6.73819e-07
10704      6.24706e-07
10712      6.15955e-07
10720      6.23177e-07
10728      6.50432e-07
10736      6.65816e-07
10744      6.91974e-07
10752      7.12925e-07
10760      7.06323e-07
10768      6.96144e-07
10776      7.02729e-07
10784      7.144e-07 
10792      7.24305e-07
10800      7.09697e-07
10808      6.8705e-07
10816      6.57e-07  
10824      6.5826e-07
10832      6.88701e-07
10840      7.02973e-07
10848      7.13021e-07
10856      6.87584e-07
10864      6.68416e-07
10872      6.69735e-07
10880      6.59694e-07
10888      6.8277e-07
10896      7.24548e-07
10904      7.79814e-07
10912      7.81344e-07
10920      7.40542e-07
10928      7.00545e-07
10936      6.69518e-07
10944      6.48026e-07
10952      6.49648e-07
10960      6.55922e-07
10968      6.38498e-07
10976      6.28845e-07
10984      6.47326e-07
10992      6.84979e-07
11000      7.01227e-07
11008      7.07709e-07
11016      6.78761e-07
11024      6.57926e-07
11032      6.67325e-07
11040      6.85332e-07
11048      7.08924e-07
11056      6.84259e-07
11064      6.41835e-07
11072      6.81397e-07
11080      7.36037e-07
11088      7.29091e-07
11096      6.88876e-07
11104      6.70947e-07
11112      6.65525e-07
11120      6.7294e-07
11128      6.79467e-07
11136      6.58717e-07
11144      6.51116e-07
11152      6.68327e-07
11160      6.93431e-07
11168      7.14312e-07
11176      7.34341e-07
11184      7.28586e-07
11192      7.10668e-07
11200      6.93804e-07
11208      6.80157e-07
11216      6.87345e-07
11224      7.11102e-07
11232      7.17727e-07
11240      6.79999e-07
11248      5.98171e-07
11256      5.44252e-07
11264      5.73707e-07
11272      6.36218e-07
11280      6.74111e-07
11288      6.79677e-07
11296      6.53293e-07
11304      6.40784e-07
11312      6.21715e-07
11320      6.09382e-07
11328      6.53466e-07
11336      7.0641e-07
11344      7.42147e-07
11352      7.76516e-07
11360      7.75007e-07
11368      7.18336e-07
11376      6.63586e-07
11384      6.62507e-07
11392      6.89068e-07
11400      6.92498e-07
11408      6.99151e-07
11416      7.1473e-07
11424      7.30807e-07
11432      7.53204e-07
11440      7.62256e-07
11448      7.48613e-07
11456      7.30495e-07
11464      6.75244e-07
11472      6.42051e-07
11480      6.64455e-07
11488      6.80422e-07
11496      6.95487e-07
11504      7.09588e-07
11512      7.0855e-07
11520      6.9351e-07
11528      6.92647e-07
11536      7.07412e-07
11544      7.14082e-07
11552      6.93882e-07
11560      6.46816e-07
11568      6.27456e-07
11576      6.68632e-07
11584      6.8957e-07
11592      6.96896e-07
11600      7.16188e-07
11608      7.01281e-07
11616      6.70687e-07
11624      6.59957e-07
11632      6.48713e-07
11640      6.14191e-07
11648      5.98117e-07
11656      6.0747e-07
11664      6.72472e-07
11672      7.49841e-07
11680      7.55674e-07
11688      7.4953e-07
11696      7.42655e-07
11704      7.05957e-07
11712      6.68274e-07
11720      6.50821e-07
11728      6.6036e-07
11736      6.93185e-07
11744      7.21348e-07
11752      6.95195e-07
11760      6.56732e-07
11768      6.778e-07 
11776      7.09864e-07
11784      7.19921e-07
11792      7.24572e-07
11800      7.2893e-07
11808      7.12526e-07
11816      6.76341e-07
11824      6.73373e-07
11832      6.7402e-07
11840      6.75495e-07
11848      6.85772e-07
11856      6.95742e-07
11864      7.12499e-07
11872      7.4277e-07
11880      7.70701e-07
11888      7.75487e-07
11896      7.7378e-07
11904      7.62716e-07
11912      7.32175e-07
11920      7.20294e-07
11928      7.29557e-07
11936      7.20532e-07
11944      7.06195e-07
11952      7.27216e-07
11960      7.61435e-07
11968      7.56147e-07
11976      7.42467e-07
11984      7.36643e-07
11992      7.19324e-07
12000      6.78568e-07
12008      6.4723e-07
12016      6.64546e-07
12024      6.91753e-07
12032      7.14448e-07
12040      7.07496e-07
12048      6.81338e-07
12056      6.41111e-07
12064      6.20009e-07
12072      6.21353e-07
12080      6.43748e-07
12088      6.75514e-07
12096      6.8653e-07
12104      6.96458e-07
12112      6.95509e-07
12120      6.84418e-07
12128      6.81686e-07
12136      6.86159e-07
12144      6.97465e-07
12152      7.08533e-07
12160      6.96466e-07
12168      6.97793e-07
12176      7.24287e-07
12184      7.54338e-07
12192      7.71037e-07
12200      7.58401e-07
12208      7.30685e-07
12216      6.80894e-07
12224      6.31271e-07
12232      5.79964e-07
12240      5.47694e-07
12248      5.79225e-07
12256      6.59592e-07
12264      7.05128e-07
12272      6.76657e-07
12280      6.32005e-07
12288      6.22987e-07
12296      6.40497e-07
12304      6.5822e-07
12312      6.49209e-07
12320      6.61698e-07
12328      6.90608e-07
12336      7.27431e-07
12344      7.67207e-07
12352      7.60961e-07
12360      7.33987e-07
12368      7.25777e-07
12376      7.34667e-07
12384      7.38987e-07
12392      7.37701e-07
12400      7.35549e-07
12408      7.01017e-07
12416      6.83375e-07
12424      6.89135e-07
12432      6.94986e-07
12440      7.0333e-07
12448      7.3051e-07
12456      7.49052e-07
12464      7.30128e-07
12472      7.16584e-07
12480      7.23232e-07
12488      7.51081e-07
12496      7.54484e-07
12504      7.40359e-07
12512      7.00144e-07
12520      6.31107e-07
12528      5.90665e-07
12536      5.86618e-07
12544      6.55699e-07
12552      7.26262e-07
12560      7.62789e-07
12568      7.58193e-07
12576      7.09936e-07
12584      6.99832e-07
12592      7.22056e-07
12600      7.23938e-07
12608      6.91686e-07
12616      6.71016e-07
12624      6.74353e-07
12632      6.64946e-07
12640      6.63613e-07
12648      6.84433e-07
12656      7.06692e-07
12664      7.09308e-07
12672      6.85556e-07
12680      6.46874e-07
12688      6.29249e-07
12696      6.68915e-07
12704      7.03127e-07
12712      7.09236e-07
12720      6.90151e-07
12728      6.81311e-07
12736      6.98913e-07
12744      7.11204e-07
12752      7.06287e-07
12760      7.02279e-07
12768      6.95746e-07
12776      6.78492e-07
12784      6.73444e-07
12792      6.61191e-07
12800      6.60267e-07
