# Freq.    Mag.
0          4.11748e-05
1          4.04552e-05
2          3.63409e-05
3          3.4465e-05
4          3.57396e-05
5          3.51045e-05
6          3.33972e-05
7          3.39708e-05
8          3.57727e-05
9          3.77103e-05
10         3.87526e-05
11         3.81095e-05
12         3.68919e-05
13         3.58555e-05
14         3.47749e-05
15         3.32363e-05
16         3.21899e-05
17         3.15065e-05
18         3.10816e-05
19         3.14529e-05
20         3.18014e-05
21         3.19056e-05
22         3.22058e-05
23         3.24371e-05
24         3.1973e-05
25         3.06647e-05
26         2.94979e-05
27         2.96782e-05
28         2.93869e-05
29         2.78975e-05
30         2.68085e-05
31         2.75067e-05
32         2.902e-05 
33         3.01035e-05
34         3.00713e-05
35         2.85409e-05
36         2.73351e-05
37         3.29997e-05
38         4.61846e-05
39         5.01212e-05
40         4.98783e-05
41         4.41541e-05
42         3.14374e-05
43         2.7057e-05
44         2.56715e-05
45         2.4246e-05
46         2.26998e-05
47         2.15869e-05
48         2.11976e-05
49         2.16025e-05
50         2.20034e-05
51         2.21274e-05
52         2.18777e-05
53         2.11486e-05
54         2.06904e-05
55         2.05893e-05
56         2.01326e-05
57         2.0064e-05
58         2.1229e-05
59         2.21689e-05
60         2.15556e-05
61         2.05355e-05
62         1.82795e-05
63         1.66982e-05
64         1.627e-05 
65         1.60692e-05
66         1.62748e-05
67         1.61592e-05
68         1.5957e-05
69         1.57809e-05
70         1.51082e-05
71         1.36015e-05
72         1.22671e-05
73         1.15836e-05
74         1.15405e-05
75         1.19244e-05
76         1.22065e-05
77         1.19088e-05
78         1.15765e-05
79         1.13032e-05
80         1.0962e-05
81         1.03241e-05
82         9.3237e-06
83         8.84019e-06
84         8.65888e-06
85         8.33776e-06
86         8.34438e-06
87         8.69726e-06
88         9.38398e-06
89         9.8177e-06
90         9.19366e-06
91         8.11513e-06
92         7.93955e-06
93         8.29486e-06
94         8.11926e-06
95         7.33873e-06
96         6.56117e-06
97         6.54159e-06
98         7.13658e-06
99         7.31241e-06
100        7.19903e-06
101        7.28623e-06
102        7.19318e-06
103        6.98107e-06
104        6.93099e-06
105        7.27799e-06
106        7.53337e-06
107        7.59604e-06
108        7.64588e-06
109        7.60258e-06
110        7.55999e-06
111        7.41025e-06
112        7.10016e-06
113        7.0989e-06
114        7.31978e-06
115        7.96294e-06
116        1.09886e-05
117        1.50771e-05
118        1.67116e-05
119        1.81593e-05
120        1.66214e-05
121        1.33955e-05
122        1.0696e-05
123        8.49549e-06
124        7.94543e-06
125        7.65904e-06
126        7.4868e-06
127        7.62626e-06
128        8.03045e-06
129        8.3249e-06
130        8.56957e-06
131        8.81333e-06
132        8.79245e-06
133        8.62471e-06
134        8.5782e-06
135        8.56995e-06
136        8.68364e-06
137        8.53887e-06
138        8.13266e-06
139        7.75698e-06
140        7.80661e-06
141        8.12406e-06
142        8.15621e-06
143        8.04806e-06
144        7.64277e-06
145        7.4329e-06
146        7.70072e-06
147        8.01586e-06
148        7.99366e-06
149        7.84927e-06
150        7.66602e-06
151        7.55865e-06
152        7.75213e-06
153        7.8645e-06
154        7.81984e-06
155        7.66205e-06
156        7.48086e-06
157        7.64346e-06
158        7.72289e-06
159        7.56847e-06
160        7.31552e-06
161        7.07184e-06
162        6.7549e-06
163        6.69695e-06
164        6.84934e-06
165        6.95337e-06
166        6.94792e-06
167        6.61529e-06
168        6.25694e-06
169        6.13426e-06
170        6.02702e-06
171        5.91537e-06
172        5.98564e-06
173        6.06863e-06
174        6.04337e-06
175        5.74662e-06
176        5.30262e-06
177        5.50946e-06
178        8.68717e-06
179        1.18728e-05
180        1.2083e-05
181        1.13853e-05
182        8.18374e-06
183        5.22044e-06
184        5.07096e-06
185        4.87877e-06
186        4.50488e-06
187        4.20568e-06
188        4.10468e-06
189        4.32653e-06
190        4.61041e-06
191        4.75528e-06
192        4.57744e-06
193        4.41698e-06
194        4.63796e-06
195        6.5709e-06
196        8.60516e-06
197        8.78293e-06
198        8.57289e-06
199        6.65186e-06
200        4.38023e-06
201        3.79537e-06
202        3.89206e-06
203        4.08365e-06
204        4.08806e-06
205        3.92693e-06
206        3.81099e-06
207        3.75856e-06
208        3.80473e-06
209        3.94053e-06
210        3.90006e-06
211        3.85468e-06
212        3.76782e-06
213        3.81651e-06
214        3.94332e-06
215        4.10887e-06
216        4.37528e-06
217        4.56128e-06
218        4.6316e-06
219        4.54784e-06
220        4.34716e-06
221        4.19099e-06
222        4.16048e-06
223        4.32893e-06
224        4.69788e-06
225        4.91425e-06
226        5.015e-06 
227        5.0125e-06
228        4.89835e-06
229        4.96902e-06
230        4.97736e-06
231        5.0627e-06
232        5.11694e-06
233        5.04245e-06
234        5.03973e-06
235        5.17608e-06
236        5.19585e-06
237        5.06101e-06
238        6.28001e-06
239        8.06961e-06
240        8.27563e-06
241        8.1389e-06
242        6.3856e-06
243        4.67808e-06
244        4.66356e-06
245        4.7992e-06
246        4.9354e-06
247        5.0937e-06
248        5.25038e-06
249        5.21215e-06
250        5.02195e-06
251        4.94345e-06
252        4.94773e-06
253        4.94159e-06
254        4.79638e-06
255        4.64754e-06
256        4.56198e-06
257        4.62878e-06
258        4.71218e-06
259        4.82822e-06
260        4.9548e-06
261        4.93967e-06
262        4.78629e-06
263        4.65268e-06
264        4.56991e-06
265        4.52333e-06
266        4.58481e-06
267        4.58839e-06
268        4.55287e-06
269        4.43972e-06
270        4.19547e-06
271        4.08641e-06
272        4.04528e-06
273        4.15259e-06
274        5.14508e-06
275        6.06949e-06
276        6.12142e-06
277        6.10245e-06
278        4.92761e-06
279        3.76822e-06
280        3.50561e-06
281        3.34344e-06
282        3.33403e-06
283        3.29133e-06
284        3.15888e-06
285        3.18588e-06
286        3.26262e-06
287        3.27486e-06
288        3.09714e-06
289        2.92818e-06
290        2.89042e-06
291        2.87225e-06
292        2.94205e-06
293        2.91372e-06
294        2.84577e-06
295        2.79412e-06
296        2.79316e-06
297        3.23081e-06
298        5.49599e-06
299        7.61005e-06
300        7.77238e-06
301        7.46802e-06
302        5.43341e-06
303        3.20764e-06
304        3.07954e-06
305        3.07911e-06
306        2.98969e-06
307        2.9153e-06
308        2.96339e-06
309        2.9835e-06
310        2.99811e-06
311        3.06914e-06
312        3.07528e-06
313        3.01736e-06
314        2.92323e-06
315        2.92272e-06
316        2.87049e-06
317        2.88153e-06
318        2.96874e-06
319        3.03546e-06
320        3.13474e-06
321        3.21061e-06
322        3.3038e-06
323        3.35594e-06
324        3.39812e-06
325        3.53301e-06
326        3.49674e-06
327        3.2861e-06
328        3.09829e-06
329        3.1511e-06
330        3.27154e-06
331        3.3539e-06
332        3.56725e-06
333        3.67562e-06
334        3.68313e-06
335        3.65782e-06
336        3.50176e-06
337        3.39885e-06
338        3.41621e-06
339        3.47234e-06
340        3.6226e-06
341        3.7718e-06
342        3.87797e-06
343        3.89641e-06
344        3.87495e-06
345        3.70732e-06
346        3.53666e-06
347        3.47961e-06
348        3.49007e-06
349        3.50111e-06
350        3.43584e-06
351        3.36541e-06
352        3.59832e-06
353        4.79905e-06
354        5.61221e-06
355        5.67184e-06
356        5.43308e-06
357        4.56759e-06
358        6.25716e-06
359        8.6536e-06
360        8.95912e-06
361        8.70844e-06
362        6.58956e-06
363        3.92849e-06
364        3.55352e-06
365        3.58721e-06
366        3.51307e-06
367        3.44959e-06
368        3.24028e-06
369        2.91272e-06
370        2.65323e-06
371        2.4901e-06
372        2.46188e-06
373        2.63266e-06
374        2.77861e-06
375        2.83927e-06
376        2.80299e-06
377        2.67897e-06
378        2.48404e-06
379        2.43828e-06
380        2.38319e-06
381        2.32631e-06
382        2.36491e-06
383        2.41516e-06
384        2.40036e-06
385        2.24924e-06
386        2.14795e-06
387        2.08224e-06
388        1.99554e-06
389        2.06259e-06
390        2.11002e-06
391        2.18127e-06
392        2.27601e-06
393        2.39105e-06
394        2.37564e-06
395        2.28399e-06
396        2.23638e-06
397        2.29997e-06
398        2.32278e-06
399        2.29956e-06
400        2.24183e-06
401        2.25504e-06
402        2.34355e-06
403        2.3966e-06
404        2.40131e-06
405        2.22844e-06
406        2.04597e-06
407        2.0786e-06
408        2.1734e-06
409        2.2748e-06
410        2.31298e-06
411        2.33921e-06
412        2.40259e-06
413        2.35169e-06
414        2.21126e-06
415        2.09964e-06
416        2.19164e-06
417        2.63521e-06
418        5.03439e-06
419        7.35505e-06
420        7.51807e-06
421        7.24345e-06
422        5.3684e-06
423        2.93211e-06
424        2.57886e-06
425        2.61239e-06
426        2.72738e-06
427        2.89439e-06
428        2.91295e-06
429        2.75499e-06
430        2.61466e-06
431        2.88994e-06
432        3.94767e-06
433        4.41859e-06
434        4.49657e-06
435        4.17751e-06
436        3.10124e-06
437        2.78225e-06
438        2.89662e-06
439        2.99874e-06
440        2.99069e-06
441        2.84678e-06
442        2.75466e-06
443        2.71251e-06
444        2.72217e-06
445        2.6942e-06
446        2.57293e-06
447        2.62194e-06
448        2.71979e-06
449        2.71371e-06
450        2.70865e-06
451        2.72875e-06
452        2.74973e-06
453        2.80041e-06
454        2.82154e-06
455        2.85687e-06
456        2.88251e-06
457        2.85754e-06
458        2.87089e-06
459        2.82613e-06
460        2.791e-06 
461        2.76376e-06
462        2.76434e-06
463        2.80354e-06
464        2.78416e-06
465        2.66614e-06
466        2.51464e-06
467        2.3659e-06
468        2.25173e-06
469        2.27254e-06
470        2.35887e-06
471        2.47792e-06
472        2.5202e-06
473        2.4798e-06
474        2.4884e-06
475        2.40406e-06
476        2.35971e-06
477        2.60635e-06
478        4.44438e-06
479        6.31612e-06
480        6.51634e-06
481        6.39082e-06
482        4.8302e-06
483        2.64531e-06
484        2.07826e-06
485        1.95385e-06
486        1.94523e-06
487        1.97053e-06
488        2.01149e-06
489        2.01267e-06
490        2.00891e-06
491        1.96742e-06
492        1.88115e-06
493        1.85124e-06
494        1.8717e-06
495        1.94652e-06
496        1.96669e-06
497        2.03213e-06
498        2.06154e-06
499        2.04579e-06
500        2.03211e-06
501        2.00817e-06
502        1.89158e-06
503        1.80049e-06
504        1.84842e-06
505        1.98225e-06
506        1.99895e-06
507        2.0167e-06
508        2.04307e-06
509        2.07887e-06
510        2.45658e-06
511        3.33466e-06
512        3.73572e-06
513        3.86563e-06
514        3.54517e-06
515        2.59214e-06
516        2.10508e-06
517        2.06109e-06
518        2.14697e-06
519        2.21548e-06
520        2.27501e-06
521        2.24579e-06
522        2.16156e-06
523        2.16809e-06
524        2.44801e-06
525        2.91946e-06
526        3.08023e-06
527        3.15636e-06
528        2.98348e-06
529        2.5319e-06
530        2.36405e-06
531        2.32669e-06
532        2.30832e-06
533        2.29227e-06
534        2.27068e-06
535        2.30438e-06
536        2.35879e-06
537        2.47953e-06
538        3.90028e-06
539        5.57706e-06
540        5.94409e-06
541        5.98949e-06
542        4.68595e-06
543        2.94256e-06
544        2.57845e-06
545        2.47947e-06
546        2.34664e-06
547        2.27032e-06
548        2.31106e-06
549        2.37306e-06
550        2.38057e-06
551        2.4519e-06
552        2.55264e-06
553        2.61506e-06
554        2.56781e-06
555        2.48217e-06
556        2.42845e-06
557        2.47601e-06
558        2.47255e-06
559        2.37582e-06
560        2.34419e-06
561        2.34285e-06
562        2.31414e-06
563        2.29313e-06
564        2.28039e-06
565        2.20703e-06
566        2.10605e-06
567        2.10776e-06
568        2.15688e-06
569        2.15432e-06
570        2.13467e-06
571        2.13277e-06
572        2.07271e-06
573        2.00326e-06
574        2.00877e-06
575        2.0537e-06
576        2.08314e-06
577        2.03024e-06
578        1.98166e-06
579        1.96858e-06
580        1.94253e-06
581        1.93598e-06
582        1.99487e-06
583        1.96251e-06
584        1.85544e-06
585        1.7825e-06
586        1.82975e-06
587        1.95993e-06
588        2.06603e-06
589        2.33993e-06
590        2.73156e-06
591        2.73725e-06
592        2.73476e-06
593        2.4165e-06
594        1.80028e-06
595        1.58207e-06
596        1.57958e-06
597        1.80273e-06
598        3.01099e-06
599        4.32933e-06
600        4.52734e-06
601        4.49053e-06
602        3.5553e-06
603        2.13723e-06
604        1.81436e-06
605        1.8024e-06
606        1.82981e-06
607        1.8525e-06
608        1.82096e-06
609        1.76633e-06
610        1.72645e-06
611        1.72739e-06
612        1.68088e-06
613        1.65581e-06
614        1.72414e-06
615        1.79184e-06
616        1.84867e-06
617        1.86885e-06
618        1.87417e-06
619        1.83806e-06
620        1.745e-06 
621        1.70017e-06
622        1.74146e-06
623        1.83351e-06
624        1.86537e-06
625        1.94627e-06
626        2.01233e-06
627        1.98124e-06
628        2.02211e-06
629        2.11275e-06
630        2.12904e-06
631        2.1445e-06
632        2.12733e-06
633        2.02117e-06
634        2.06862e-06
635        2.16238e-06
636        2.1479e-06
637        2.04743e-06
638        1.89904e-06
639        1.84874e-06
640        1.88887e-06
641        1.97571e-06
642        2.05778e-06
643        2.17022e-06
644        2.24011e-06
645        2.1433e-06
646        2.01599e-06
647        1.94794e-06
648        1.92216e-06
649        1.94781e-06
650        2.00898e-06
651        2.03035e-06
652        2.00231e-06
653        2.00458e-06
654        2.06717e-06
655        2.19345e-06
656        2.18256e-06
657        2.11299e-06
658        2.97684e-06
659        4.26937e-06
660        4.48774e-06
661        4.35515e-06
662        3.4073e-06
663        2.21042e-06
664        2.03143e-06
665        2.00733e-06
666        1.98013e-06
667        1.98612e-06
668        2.1128e-06
669        2.36485e-06
670        2.40657e-06
671        2.40021e-06
672        2.13426e-06
673        1.83145e-06
674        1.76255e-06
675        1.79236e-06
676        1.85688e-06
677        1.88009e-06
678        1.83569e-06
679        1.76318e-06
680        1.7107e-06
681        1.67809e-06
682        1.61212e-06
683        1.54244e-06
684        1.50305e-06
685        1.48507e-06
686        1.53578e-06
687        1.5738e-06
688        1.60937e-06
689        1.63307e-06
690        1.61626e-06
691        1.6438e-06
692        1.6746e-06
693        1.63356e-06
694        1.64753e-06
695        1.66191e-06
696        1.61711e-06
697        1.6227e-06
698        1.66518e-06
699        1.69321e-06
700        1.67133e-06
701        1.63002e-06
702        1.52479e-06
703        1.41353e-06
704        1.41831e-06
705        1.49445e-06
706        1.63083e-06
707        1.78579e-06
708        1.88866e-06
709        1.87764e-06
710        1.78076e-06
711        1.66092e-06
712        1.6577e-06
713        1.7306e-06
714        1.82146e-06
715        1.88104e-06
716        1.8575e-06
717        2.01689e-06
718        2.76775e-06
719        3.55171e-06
720        3.56942e-06
721        3.45737e-06
722        2.85708e-06
723        2.06544e-06
724        1.8842e-06
725        1.87296e-06
726        1.81695e-06
727        1.76096e-06
728        1.85295e-06
729        1.97542e-06
730        2.0132e-06
731        2.04105e-06
732        1.9967e-06
733        1.94009e-06
734        1.9321e-06
735        1.97757e-06
736        2.00073e-06
737        1.91059e-06
738        1.75953e-06
739        1.62054e-06
740        1.65515e-06
741        1.81056e-06
742        1.91007e-06
743        1.97791e-06
744        2.00421e-06
745        2.00271e-06
746        1.95535e-06
747        2.03022e-06
748        2.22799e-06
749        2.29384e-06
750        2.30485e-06
751        2.03679e-06
752        1.81106e-06
753        1.85628e-06
754        1.93372e-06
755        1.96781e-06
756        1.96752e-06
757        1.92543e-06
758        1.90214e-06
759        1.89889e-06
760        1.87952e-06
761        1.85335e-06
762        1.78013e-06
763        1.66552e-06
764        1.6073e-06
765        1.6642e-06
766        1.76248e-06
767        1.82426e-06
768        1.7731e-06
769        1.70188e-06
770        1.71587e-06
771        1.75735e-06
772        1.70949e-06
773        1.61978e-06
774        1.6144e-06
775        1.64117e-06
776        1.63686e-06
777        1.64097e-06
778        2.15603e-06
779        2.90608e-06
780        2.98676e-06
781        2.90905e-06
782        2.34537e-06
783        1.64603e-06
784        1.59291e-06
785        1.55927e-06
786        1.54278e-06
787        1.64417e-06
788        1.67415e-06
789        1.60529e-06
790        1.51836e-06
791        1.50281e-06
792        1.49817e-06
793        1.44804e-06
794        1.46567e-06
795        1.52058e-06
796        1.56082e-06
797        1.49723e-06
798        1.46122e-06
799        1.49902e-06
800        1.44419e-06
801        1.33743e-06
802        1.25605e-06
803        1.2484e-06
804        1.29668e-06
805        1.41717e-06
806        1.51619e-06
807        1.57787e-06
808        1.58553e-06
809        1.54457e-06
810        1.54027e-06
811        1.55467e-06
812        1.51089e-06
813        1.5152e-06
814        1.57993e-06
815        1.63613e-06
816        1.59796e-06
817        1.54167e-06
818        1.57093e-06
819        1.64367e-06
820        1.70039e-06
821        1.73091e-06
822        1.77062e-06
823        1.77223e-06
824        1.70731e-06
825        1.67289e-06
826        1.79576e-06
827        1.97594e-06
828        2.0167e-06
829        1.98381e-06
830        1.7783e-06
831        1.61152e-06
832        1.62526e-06
833        1.68557e-06
834        1.74116e-06
835        1.80028e-06
836        1.84247e-06
837        1.91109e-06
838        2.19641e-06
839        2.68849e-06
840        2.84161e-06
841        2.88901e-06
842        2.52617e-06
843        1.97324e-06
844        1.80896e-06
845        1.76389e-06
846        1.76022e-06
847        1.75482e-06
848        1.73873e-06
849        1.77697e-06
850        1.82889e-06
851        1.85236e-06
852        1.75891e-06
853        1.65622e-06
854        1.60231e-06
855        1.57271e-06
856        1.56282e-06
857        1.57507e-06
858        1.6423e-06
859        1.70098e-06
860        1.70616e-06
861        1.69516e-06
862        1.62322e-06
863        1.52277e-06
864        1.48153e-06
865        1.52951e-06
866        1.61989e-06
867        1.62741e-06
868        1.58511e-06
869        1.56531e-06
870        1.62173e-06
871        1.68475e-06
872        1.66344e-06
873        1.55516e-06
874        1.40687e-06
875        1.34974e-06
876        1.40598e-06
877        1.4535e-06
878        1.43989e-06
879        1.3681e-06
880        1.30848e-06
881        1.31821e-06
882        1.36827e-06
883        1.38206e-06
884        1.30787e-06
885        1.22801e-06
886        1.23363e-06
887        1.33306e-06
888        1.39951e-06
889        1.37759e-06
890        1.31493e-06
891        1.27516e-06
892        1.32314e-06
893        1.37901e-06
894        1.3722e-06
895        1.3416e-06
896        1.38585e-06
897        1.43126e-06
898        1.58763e-06
899        1.89919e-06
900        2.01858e-06
901        2.06233e-06
902        1.82645e-06
903        1.51828e-06
904        1.47029e-06
905        1.72584e-06
906        1.86125e-06
907        1.82372e-06
908        1.69949e-06
909        1.44801e-06
910        1.38099e-06
911        1.40888e-06
912        1.48848e-06
913        1.54773e-06
914        1.59103e-06
915        1.60805e-06
916        1.60883e-06
917        1.65968e-06
918        1.66915e-06
919        1.6715e-06
920        1.67632e-06
921        1.60067e-06
922        1.54634e-06
923        1.53844e-06
924        1.5789e-06
925        1.57126e-06
926        1.52628e-06
927        1.49155e-06
928        1.46728e-06
929        1.48167e-06
930        1.54113e-06
931        1.64435e-06
932        1.70225e-06
933        1.67359e-06
934        1.60665e-06
935        1.55537e-06
936        1.55668e-06
937        1.54649e-06
938        1.51191e-06
939        1.54458e-06
940        1.66735e-06
941        1.79553e-06
942        1.84481e-06
943        1.78956e-06
944        1.73942e-06
945        1.69871e-06
946        1.63382e-06
947        1.53013e-06
948        1.42713e-06
949        1.48822e-06
950        1.58179e-06
951        1.62331e-06
952        1.63724e-06
953        1.66047e-06
954        1.68447e-06
955        1.66208e-06
956        1.64384e-06
957        1.68657e-06
958        1.79792e-06
959        1.92617e-06
960        1.95246e-06
961        1.88204e-06
962        1.74951e-06
963        1.56692e-06
964        1.45977e-06
965        1.41508e-06
966        1.3965e-06
967        1.43003e-06
968        1.44143e-06
969        1.5042e-06
970        1.56074e-06
971        1.54659e-06
972        1.52813e-06
973        1.5475e-06
974        1.54001e-06
975        1.44869e-06
976        1.43402e-06
977        1.49453e-06
978        1.53916e-06
979        1.45012e-06
980        1.32205e-06
981        1.30433e-06
982        1.39583e-06
983        1.56141e-06
984        1.8429e-06
985        1.95211e-06
986        1.88147e-06
987        1.65385e-06
988        1.30689e-06
989        1.19959e-06
990        1.25205e-06
991        1.30394e-06
992        1.31874e-06
993        1.26941e-06
994        1.20139e-06
995        1.24345e-06
996        1.33639e-06
997        1.39338e-06
998        1.53884e-06
999        1.69883e-06
1000       1.69275e-06
1001       1.70458e-06
1002       1.56912e-06
1003       1.37203e-06
1004       1.35608e-06
1005       1.4152e-06
1006       1.44081e-06
1007       1.48325e-06
1008       1.54247e-06
1009       1.58604e-06
1010       1.57822e-06
1011       1.48472e-06
1012       1.35428e-06
1013       1.32857e-06
1014       1.41262e-06
1015       1.48273e-06
1016       1.52973e-06
1017       1.54345e-06
1018       1.52897e-06
1019       1.51083e-06
1020       1.45867e-06
1021       1.43268e-06
1022       1.37782e-06
1023       1.44076e-06
1024       1.59606e-06
1025       1.61607e-06
1026       1.59768e-06
1027       1.52915e-06
1028       1.51159e-06
1029       1.55586e-06
1030       1.58104e-06
1031       1.54254e-06
1032       1.50427e-06
1033       1.49896e-06
1034       1.54564e-06
1035       1.59029e-06
1036       1.64412e-06
1037       1.64362e-06
1038       1.60521e-06
1039       1.58783e-06
1040       1.58078e-06
1041       1.51409e-06
1042       1.4143e-06
1043       1.38694e-06
1044       1.40714e-06
1045       1.44036e-06
1046       1.48921e-06
1047       1.51415e-06
1048       1.50728e-06
1049       1.50651e-06
1050       1.47974e-06
1051       1.46834e-06
1052       1.52755e-06
1053       1.631e-06 
1054       1.65643e-06
1055       1.60701e-06
1056       1.62048e-06
1057       1.63559e-06
1058       1.64601e-06
1059       1.617e-06 
1060       1.5522e-06
1061       1.61141e-06
1062       1.78973e-06
1063       2.03868e-06
1064       2.08981e-06
1065       1.99069e-06
1066       1.72163e-06
1067       1.50599e-06
1068       1.52788e-06
1069       1.53306e-06
1070       1.48366e-06
1071       1.45679e-06
1072       1.40793e-06
1073       1.37153e-06
1074       1.36787e-06
1075       1.38031e-06
1076       1.43059e-06
1077       1.47364e-06
1078       1.53628e-06
1079       1.68267e-06
1080       1.75182e-06
1081       1.82384e-06
1082       1.72788e-06
1083       1.47419e-06
1084       1.39125e-06
1085       1.38567e-06
1086       1.3479e-06
1087       1.26939e-06
1088       1.23736e-06
1089       1.2854e-06
1090       1.31535e-06
1091       1.31394e-06
1092       1.37913e-06
1093       1.40242e-06
1094       1.32765e-06
1095       1.27491e-06
1096       1.25479e-06
1097       1.26367e-06
1098       1.30375e-06
1099       1.37111e-06
1100       1.43571e-06
1101       1.42528e-06
1102       1.39972e-06
1103       1.33541e-06
1104       1.2492e-06
1105       1.25148e-06
1106       1.30931e-06
1107       1.42902e-06
1108       1.48444e-06
1109       1.48319e-06
1110       1.51149e-06
1111       1.48312e-06
1112       1.41161e-06
1113       1.32821e-06
1114       1.26835e-06
1115       1.28213e-06
1116       1.27886e-06
1117       1.26994e-06
1118       1.30109e-06
1119       1.41981e-06
1120       1.5344e-06
1121       1.54017e-06
1122       1.51137e-06
1123       1.49816e-06
1124       1.51016e-06
1125       1.62567e-06
1126       1.67236e-06
1127       1.61181e-06
1128       1.55073e-06
1129       1.47296e-06
1130       1.40566e-06
1131       1.29796e-06
1132       1.31124e-06
1133       1.39908e-06
1134       1.51689e-06
1135       1.57438e-06
1136       1.54933e-06
1137       1.49737e-06
1138       1.63259e-06
1139       1.94206e-06
1140       2.02794e-06
1141       2.12779e-06
1142       2.16922e-06
1143       1.94861e-06
1144       1.86292e-06
1145       1.67959e-06
1146       1.48079e-06
1147       1.42299e-06
1148       1.39182e-06
1149       1.40738e-06
1150       1.44059e-06
1151       1.45598e-06
1152       1.48492e-06
1153       1.54188e-06
1154       1.56707e-06
1155       1.51554e-06
1156       1.435e-06 
1157       1.36206e-06
1158       1.36896e-06
1159       1.39971e-06
1160       1.38226e-06
1161       1.36984e-06
1162       1.3462e-06
1163       1.33509e-06
1164       1.35602e-06
1165       1.35895e-06
1166       1.31487e-06
1167       1.25059e-06
1168       1.21625e-06
1169       1.23924e-06
1170       1.32286e-06
1171       1.39625e-06
1172       1.42534e-06
1173       1.4246e-06
1174       1.35105e-06
1175       1.24325e-06
1176       1.20584e-06
1177       1.26002e-06
1178       1.30143e-06
1179       1.3745e-06
1180       1.49964e-06
1181       1.61598e-06
1182       1.59444e-06
1183       1.50621e-06
1184       1.44695e-06
1185       1.40202e-06
1186       1.34448e-06
1187       1.30767e-06
1188       1.24213e-06
1189       1.16442e-06
1190       1.12694e-06
1191       1.10711e-06
1192       1.16671e-06
1193       1.22584e-06
1194       1.21705e-06
1195       1.19753e-06
1196       1.1776e-06
1197       1.23583e-06
1198       1.56228e-06
1199       2.05588e-06
1200       2.17516e-06
1201       2.20285e-06
1202       1.93867e-06
1203       1.48252e-06
1204       1.36639e-06
1205       1.34819e-06
1206       1.29275e-06
1207       1.21274e-06
1208       1.17831e-06
1209       1.18856e-06
1210       1.22138e-06
1211       1.27419e-06
1212       1.34602e-06
1213       1.39764e-06
1214       1.4008e-06
1215       1.37312e-06
1216       1.36841e-06
1217       1.37512e-06
1218       1.34959e-06
1219       1.32447e-06
1220       1.60546e-06
1221       1.91251e-06
1222       1.95521e-06
1223       1.96193e-06
1224       1.66806e-06
1225       1.38901e-06
1226       1.3931e-06
1227       1.46705e-06
1228       1.48686e-06
1229       1.4588e-06
1230       1.42341e-06
1231       1.41383e-06
1232       1.41183e-06
1233       1.40912e-06
1234       1.38073e-06
1235       1.35178e-06
1236       1.31573e-06
1237       1.31044e-06
1238       1.32509e-06
1239       1.32543e-06
1240       1.32738e-06
1241       1.32029e-06
1242       1.33087e-06
1243       1.35346e-06
1244       1.36109e-06
1245       1.39755e-06
1246       1.44831e-06
1247       1.45836e-06
1248       1.45762e-06
1249       1.47003e-06
1250       1.50926e-06
1251       1.56751e-06
1252       1.52993e-06
1253       1.49678e-06
1254       1.49514e-06
1255       1.47489e-06
1256       1.45406e-06
1257       1.47236e-06
1258       1.822e-06 
1259       2.34969e-06
1260       2.46511e-06
1261       2.41347e-06
1262       2.03924e-06
1263       1.50557e-06
1264       1.40717e-06
1265       1.43643e-06
1266       1.45503e-06
1267       1.47284e-06
1268       1.47694e-06
1269       1.38744e-06
1270       1.26932e-06
1271       1.21067e-06
1272       1.23547e-06
1273       1.24983e-06
1274       1.24873e-06
1275       1.27627e-06
1276       1.29183e-06
1277       1.24701e-06
1278       1.23223e-06
1279       1.24051e-06
1280       1.23587e-06
1281       1.27226e-06
1282       1.27939e-06
1283       1.31858e-06
1284       1.27847e-06
1285       1.20442e-06
1286       1.2019e-06
1287       1.23945e-06
1288       1.30205e-06
1289       1.36116e-06
1290       1.3445e-06
1291       1.29648e-06
1292       1.28821e-06
1293       1.25765e-06
1294       1.27634e-06
1295       1.29021e-06
1296       1.29093e-06
1297       1.32613e-06
1298       1.34287e-06
1299       1.54676e-06
1300       1.6815e-06
1301       1.68639e-06
1302       1.65044e-06
1303       1.39079e-06
1304       1.26764e-06
1305       1.29547e-06
1306       1.29136e-06
1307       1.28272e-06
1308       1.29836e-06
1309       1.36909e-06
1310       1.3675e-06
1311       1.30742e-06
1312       1.28601e-06
1313       1.25358e-06
1314       1.20984e-06
1315       1.23034e-06
1316       1.2747e-06
1317       1.30308e-06
1318       1.56375e-06
1319       2.08582e-06
1320       2.29024e-06
1321       2.3385e-06
1322       2.06068e-06
1323       1.47275e-06
1324       1.30426e-06
1325       1.36135e-06
1326       1.40647e-06
1327       1.44071e-06
1328       1.41651e-06
1329       1.31521e-06
1330       1.25816e-06
1331       1.31033e-06
1332       1.45567e-06
1333       1.57726e-06
1334       1.57711e-06
1335       1.47668e-06
1336       1.39886e-06
1337       1.36887e-06
1338       1.33536e-06
1339       1.32028e-06
1340       1.31768e-06
1341       1.36644e-06
1342       1.46698e-06
1343       1.55461e-06
1344       1.58162e-06
1345       1.5612e-06
1346       1.49809e-06
1347       1.44877e-06
1348       1.47193e-06
1349       1.41543e-06
1350       1.35418e-06
1351       1.34313e-06
1352       1.32541e-06
1353       1.34362e-06
1354       1.40467e-06
1355       1.4338e-06
1356       1.4482e-06
1357       1.44247e-06
1358       1.40868e-06
1359       1.42317e-06
1360       1.37403e-06
1361       1.32396e-06
1362       1.30798e-06
1363       1.2807e-06
1364       1.31579e-06
1365       1.33756e-06
1366       1.23592e-06
1367       1.12237e-06
1368       1.09348e-06
1369       1.15955e-06
1370       1.26065e-06
1371       1.35454e-06
1372       1.43377e-06
1373       1.44931e-06
1374       1.40998e-06
1375       1.36848e-06
1376       1.35631e-06
1377       1.39893e-06
1378       1.87233e-06
1379       2.55462e-06
1380       2.67175e-06
1381       2.58912e-06
1382       2.13486e-06
1383       1.38238e-06
1384       1.12724e-06
1385       1.07928e-06
1386       1.11124e-06
1387       1.1681e-06
1388       1.21245e-06
1389       1.2075e-06
1390       1.18388e-06
1391       1.18632e-06
1392       1.22538e-06
1393       1.2443e-06
1394       1.25661e-06
1395       1.1899e-06
1396       1.08696e-06
1397       1.05959e-06
1398       1.07868e-06
1399       1.15864e-06
1400       1.26134e-06
1401       1.30464e-06
1402       1.28132e-06
1403       1.24113e-06
1404       1.27251e-06
1405       1.28145e-06
1406       1.20561e-06
1407       1.12127e-06
1408       1.13253e-06
1409       1.17389e-06
1410       1.20604e-06
1411       1.22048e-06
1412       1.18886e-06
1413       1.23098e-06
1414       1.31997e-06
1415       1.37355e-06
1416       1.37699e-06
1417       1.3872e-06
1418       1.42905e-06
1419       1.45164e-06
1420       1.4484e-06
1421       1.32744e-06
1422       1.20295e-06
1423       1.18565e-06
1424       1.18831e-06
1425       1.18749e-06
1426       1.24539e-06
1427       1.27323e-06
1428       1.24362e-06
1429       1.22011e-06
1430       1.24911e-06
1431       1.28955e-06
1432       1.31397e-06
1433       1.29655e-06
1434       1.28656e-06
1435       1.30928e-06
1436       1.32061e-06
1437       1.30388e-06
1438       1.53505e-06
1439       2.1121e-06
1440       2.29782e-06
1441       2.3235e-06
1442       2.02612e-06
1443       1.43808e-06
1444       1.23003e-06
1445       1.1924e-06
1446       1.26571e-06
1447       1.36687e-06
1448       1.37731e-06
1449       1.3045e-06
1450       1.27151e-06
1451       1.35445e-06
1452       1.4773e-06
1453       1.54586e-06
1454       1.54168e-06
1455       1.50889e-06
1456       1.49774e-06
1457       1.50326e-06
1458       1.45893e-06
1459       1.3623e-06
1460       1.24347e-06
1461       1.1848e-06
1462       1.18279e-06
1463       1.17506e-06
1464       1.17792e-06
1465       1.18656e-06
1466       1.21028e-06
1467       1.24783e-06
1468       1.30446e-06
1469       1.31356e-06
1470       1.26357e-06
1471       1.18822e-06
1472       1.16296e-06
1473       1.19837e-06
1474       1.22437e-06
1475       1.21894e-06
1476       1.2233e-06
1477       1.25811e-06
1478       1.24972e-06
1479       1.22816e-06
1480       1.22016e-06
1481       1.22553e-06
1482       1.25101e-06
1483       1.22347e-06
1484       1.18965e-06
1485       1.13596e-06
1486       1.04148e-06
1487       9.97526e-07
1488       9.93763e-07
1489       1.04805e-06
1490       1.15162e-06
1491       1.27987e-06
1492       1.32294e-06
1493       1.27177e-06
1494       1.21861e-06
1495       1.14491e-06
1496       1.1404e-06
1497       1.18019e-06
1498       1.5574e-06
1499       2.23056e-06
1500       2.37586e-06
1501       2.38457e-06
1502       2.04876e-06
1503       1.35546e-06
1504       1.12149e-06
1505       1.10137e-06
1506       1.17753e-06
1507       1.25447e-06
1508       1.25322e-06
1509       1.24242e-06
1510       1.23041e-06
1511       1.21668e-06
1512       1.22327e-06
1513       1.24318e-06
1514       1.25628e-06
1515       1.27206e-06
1516       1.20788e-06
1517       1.16621e-06
1518       1.17803e-06
1519       1.21876e-06
1520       1.22675e-06
1521       1.22424e-06
1522       1.27936e-06
1523       1.32896e-06
1524       1.31035e-06
1525       1.29666e-06
1526       1.28953e-06
1527       1.25868e-06
1528       1.29408e-06
1529       1.32782e-06
1530       1.29167e-06
1531       1.26898e-06
1532       1.28573e-06
1533       1.28628e-06
1534       1.2544e-06
1535       1.31019e-06
1536       1.43632e-06
1537       1.52343e-06
1538       1.48553e-06
1539       1.34941e-06
1540       1.31271e-06
1541       1.38059e-06
1542       1.41312e-06
1543       1.44863e-06
1544       1.45814e-06
1545       1.41782e-06
1546       1.41154e-06
1547       1.42387e-06
1548       1.4721e-06
1549       1.5091e-06
1550       1.46404e-06
1551       1.36802e-06
1552       1.29526e-06
1553       1.24941e-06
1554       1.27435e-06
1555       1.3548e-06
1556       1.4078e-06
1557       1.40371e-06
1558       1.58534e-06
1559       2.1142e-06
1560       2.26643e-06
1561       2.20979e-06
1562       1.85841e-06
1563       1.31034e-06
1564       1.27523e-06
1565       1.33285e-06
1566       1.31971e-06
1567       1.24918e-06
1568       1.19913e-06
1569       1.17162e-06
1570       1.12869e-06
1571       1.14925e-06
1572       1.25911e-06
1573       1.3665e-06
1574       1.42231e-06
1575       1.49203e-06
1576       1.47506e-06
1577       1.43375e-06
1578       1.41393e-06
1579       1.32542e-06
1580       1.24541e-06
1581       1.19262e-06
1582       1.2047e-06
1583       1.18821e-06
1584       1.17641e-06
1585       1.19766e-06
1586       1.15827e-06
1587       1.14174e-06
1588       1.19243e-06
1589       1.20339e-06
1590       1.14684e-06
1591       1.10513e-06
1592       1.09195e-06
1593       1.09158e-06
1594       1.12202e-06
1595       1.15826e-06
1596       1.13999e-06
1597       1.16393e-06
1598       1.18269e-06
1599       1.18374e-06
1600       1.1754e-06
