# Freq.    Mag.
0          2.71012e-05
8          2.62527e-05
16         2.29357e-05
24         2.10806e-05
32         2.13653e-05
40         1.96189e-05
48         1.73226e-05
56         1.36179e-05
64         1.10148e-05
72         1.04297e-05
80         1.00197e-05
88         9.49218e-06
96         8.96788e-06
104        9.09658e-06
112        9.22884e-06
120        8.68206e-06
128        8.15089e-06
136        6.61655e-06
144        5.66705e-06
152        5.61551e-06
160        5.45506e-06
168        5.64125e-06
176        5.75449e-06
184        5.88192e-06
192        5.71651e-06
200        5.11808e-06
208        4.7407e-06
216        4.14334e-06
224        4.00643e-06
232        4.04888e-06
240        3.78314e-06
248        3.63538e-06
256        3.70135e-06
264        4.04513e-06
272        4.11159e-06
280        3.98324e-06
288        3.82929e-06
296        3.38593e-06
304        3.27858e-06
312        3.16384e-06
320        2.87191e-06
328        2.70314e-06
336        2.70151e-06
344        3.29749e-06
352        3.72215e-06
360        3.70254e-06
368        3.46126e-06
376        2.69919e-06
384        2.22838e-06
392        2.28181e-06
400        2.53333e-06
408        3.01311e-06
416        3.16732e-06
424        3.31774e-06
432        3.19695e-06
440        2.70653e-06
448        2.31783e-06
456        2.0632e-06
464        2.29255e-06
472        2.60515e-06
480        2.73167e-06
488        2.7304e-06
496        2.32259e-06
504        2.0397e-06
512        2.02676e-06
520        2.19911e-06
528        2.52239e-06
536        2.5558e-06
544        2.47038e-06
552        2.3274e-06
560        1.99571e-06
568        1.91734e-06
576        1.94862e-06
584        2.14507e-06
592        2.36227e-06
600        2.33035e-06
608        2.23572e-06
616        1.90062e-06
624        1.60034e-06
632        1.54342e-06
640        1.73561e-06
648        2.09527e-06
656        2.21783e-06
664        2.19257e-06
672        1.9919e-06
680        1.71993e-06
688        1.58146e-06
696        1.47342e-06
704        1.53708e-06
712        1.62567e-06
720        1.58153e-06
728        1.6265e-06
736        1.62796e-06
744        1.56747e-06
752        1.54926e-06
760        1.48732e-06
768        1.49392e-06
776        1.59092e-06
784        1.65957e-06
792        1.58657e-06
800        1.36235e-06
808        1.24286e-06
816        1.28863e-06
824        1.45643e-06
832        1.59456e-06
840        1.62621e-06
848        1.6569e-06
856        1.60819e-06
864        1.5097e-06
872        1.42546e-06
880        1.37537e-06
888        1.39023e-06
896        1.51323e-06
904        1.58965e-06
912        1.57763e-06
920        1.54214e-06
928        1.50559e-06
936        1.48782e-06
944        1.44531e-06
952        1.39579e-06
960        1.36658e-06
968        1.39287e-06
976        1.39416e-06
984        1.36623e-06
992        1.36183e-06
1000       1.38445e-06
1008       1.42667e-06
1016       1.3761e-06
1024       1.36679e-06
1032       1.35569e-06
1040       1.27119e-06
1048       1.24489e-06
1056       1.25088e-06
1064       1.27711e-06
1072       1.33836e-06
1080       1.35069e-06
1088       1.37211e-06
1096       1.39719e-06
1104       1.37714e-06
1112       1.37047e-06
1120       1.36841e-06
1128       1.44248e-06
1136       1.47848e-06
1144       1.44953e-06
1152       1.40375e-06
1160       1.3383e-06
1168       1.28403e-06
1176       1.28876e-06
1184       1.37881e-06
1192       1.41286e-06
1200       1.37878e-06
1208       1.39342e-06
1216       1.37989e-06
1224       1.32017e-06
1232       1.29929e-06
1240       1.28592e-06
1248       1.27875e-06
1256       1.26112e-06
1264       1.36287e-06
1272       1.42861e-06
1280       1.41164e-06
1288       1.37506e-06
1296       1.3328e-06
1304       1.3189e-06
1312       1.29823e-06
1320       1.26615e-06
1328       1.33491e-06
1336       1.31454e-06
1344       1.21875e-06
1352       1.22779e-06
1360       1.33205e-06
1368       1.46729e-06
1376       1.47668e-06
1384       1.41213e-06
1392       1.32371e-06
1400       1.17027e-06
1408       1.18235e-06
1416       1.24939e-06
1424       1.29652e-06
1432       1.34895e-06
1440       1.36343e-06
1448       1.36969e-06
1456       1.34541e-06
1464       1.32203e-06
1472       1.30893e-06
1480       1.3143e-06
1488       1.34924e-06
1496       1.32691e-06
1504       1.2399e-06
1512       1.07879e-06
1520       1.00105e-06
1528       1.09367e-06
1536       1.20646e-06
1544       1.3046e-06
1552       1.34724e-06
1560       1.39631e-06
1568       1.46035e-06
1576       1.39959e-06
1584       1.35302e-06
1592       1.29158e-06
1600       1.23889e-06
1608       1.26711e-06
1616       1.26575e-06
1624       1.30073e-06
1632       1.33298e-06
1640       1.27587e-06
1648       1.23841e-06
1656       1.20821e-06
1664       1.22393e-06
1672       1.26396e-06
1680       1.24765e-06
1688       1.25824e-06
1696       1.26897e-06
1704       1.31222e-06
1712       1.36581e-06
1720       1.32639e-06
1728       1.24657e-06
1736       1.20362e-06
1744       1.29321e-06
1752       1.32047e-06
1760       1.27984e-06
1768       1.22254e-06
1776       1.13449e-06
1784       1.13434e-06
1792       1.172e-06 
1800       1.19314e-06
1808       1.18795e-06
1816       1.20288e-06
1824       1.27684e-06
1832       1.3245e-06
1840       1.31535e-06
1848       1.29326e-06
1856       1.28426e-06
1864       1.29347e-06
1872       1.23476e-06
1880       1.17237e-06
1888       1.19285e-06
1896       1.237e-06 
1904       1.28934e-06
1912       1.25836e-06
1920       1.19231e-06
1928       1.17514e-06
1936       1.13341e-06
1944       1.0937e-06
1952       1.11577e-06
1960       1.14492e-06
1968       1.17546e-06
1976       1.21426e-06
1984       1.25707e-06
1992       1.21904e-06
2000       1.1261e-06
2008       1.04173e-06
2016       1.03923e-06
2024       1.06559e-06
2032       1.08704e-06
2040       1.08374e-06
2048       1.0341e-06
2056       1.0119e-06
2064       9.94698e-07
2072       9.7509e-07
2080       9.61447e-07
2088       9.43682e-07
2096       9.79836e-07
2104       1.03679e-06
2112       1.05526e-06
2120       1.07779e-06
2128       1.08227e-06
2136       1.07254e-06
2144       1.1141e-06
2152       1.15105e-06
2160       1.17569e-06
2168       1.16001e-06
2176       1.11953e-06
2184       1.15806e-06
2192       1.17688e-06
2200       1.16014e-06
2208       1.17071e-06
2216       1.17481e-06
2224       1.14784e-06
2232       1.13976e-06
2240       1.1242e-06
2248       1.12339e-06
2256       1.14025e-06
2264       1.16204e-06
2272       1.14453e-06
2280       1.11548e-06
2288       1.12182e-06
2296       1.12289e-06
2304       1.15761e-06
2312       1.14396e-06
2320       1.07597e-06
2328       1.01625e-06
2336       9.92825e-07
2344       1.01429e-06
2352       1.00244e-06
2360       9.84739e-07
2368       1.00142e-06
2376       1.03559e-06
2384       1.07692e-06
2392       1.1499e-06
2400       1.18687e-06
2408       1.22918e-06
2416       1.20399e-06
2424       1.16352e-06
2432       1.12898e-06
2440       1.12298e-06
2448       1.12762e-06
2456       1.10022e-06
2464       1.12588e-06
2472       1.17386e-06
2480       1.21896e-06
2488       1.26524e-06
2496       1.21139e-06
2504       1.13959e-06
2512       1.12484e-06
2520       1.12197e-06
2528       1.11068e-06
2536       1.07427e-06
2544       9.90948e-07
2552       9.55717e-07
2560       1.05874e-06
2568       1.1448e-06
2576       1.14585e-06
2584       1.15493e-06
2592       1.18559e-06
2600       1.18502e-06
2608       1.16976e-06
2616       1.1648e-06
2624       1.18229e-06
2632       1.1741e-06
2640       1.15492e-06
2648       1.1454e-06
2656       1.13658e-06
2664       1.13331e-06
2672       1.09879e-06
2680       1.05671e-06
2688       1.05346e-06
2696       1.05498e-06
2704       1.11591e-06
2712       1.19281e-06
2720       1.17591e-06
2728       1.08809e-06
2736       1.04944e-06
2744       1.0554e-06
2752       1.04118e-06
2760       1.0498e-06
2768       1.0629e-06
2776       1.06221e-06
2784       1.06419e-06
2792       1.09058e-06
2800       1.13184e-06
2808       1.1434e-06
2816       1.11522e-06
2824       1.09209e-06
2832       1.05216e-06
2840       1.02662e-06
2848       1.03045e-06
2856       1.03282e-06
2864       9.9237e-07
2872       1.0029e-06
2880       1.06266e-06
2888       1.07701e-06
2896       1.05072e-06
2904       1.07664e-06
2912       1.12285e-06
2920       1.17692e-06
2928       1.21057e-06
2936       1.1883e-06
2944       1.15522e-06
2952       1.08915e-06
2960       1.01117e-06
2968       9.4718e-07
2976       9.60042e-07
2984       9.62536e-07
2992       9.58746e-07
3000       9.60635e-07
3008       9.88547e-07
3016       1.01442e-06
3024       1.10304e-06
3032       1.19618e-06
3040       1.14787e-06
3048       1.02399e-06
3056       9.7915e-07
3064       9.83217e-07
3072       1.00763e-06
3080       1.04504e-06
3088       1.0664e-06
3096       1.06713e-06
3104       1.04379e-06
3112       1.02624e-06
3120       1.03614e-06
3128       1.09507e-06
3136       1.1431e-06
3144       1.1139e-06
3152       1.09855e-06
3160       1.09989e-06
3168       1.0684e-06
3176       1.02025e-06
3184       9.9471e-07
3192       1.07209e-06
3200       1.15177e-06
3208       1.1774e-06
3216       1.12969e-06
3224       1.08439e-06
3232       1.09666e-06
3240       1.11573e-06
3248       1.12732e-06
3256       1.13395e-06
3264       1.09982e-06
3272       1.07767e-06
3280       1.07052e-06
3288       1.06093e-06
3296       1.05019e-06
3304       1.06845e-06
3312       1.06243e-06
3320       1.05497e-06
3328       1.10469e-06
3336       1.107e-06 
3344       1.07012e-06
3352       1.06129e-06
3360       1.02577e-06
3368       1.00079e-06
3376       1.00688e-06
3384       1.00254e-06
3392       1.0313e-06
3400       1.09972e-06
3408       1.16992e-06
3416       1.18379e-06
3424       1.16408e-06
3432       1.10765e-06
3440       1.08197e-06
3448       1.08021e-06
3456       1.07354e-06
3464       1.10149e-06
3472       1.18057e-06
3480       1.21499e-06
3488       1.20088e-06
3496       1.16891e-06
3504       1.15644e-06
3512       1.1583e-06
3520       1.12946e-06
3528       1.09174e-06
3536       1.07136e-06
3544       1.10452e-06
3552       1.12186e-06
3560       1.10167e-06
3568       1.10149e-06
3576       1.11095e-06
3584       1.08807e-06
3592       1.07997e-06
3600       1.10491e-06
3608       1.13167e-06
3616       1.10274e-06
3624       1.06327e-06
3632       1.09974e-06
3640       1.11137e-06
3648       1.06981e-06
3656       1.09973e-06
3664       1.16975e-06
3672       1.18596e-06
3680       1.13379e-06
3688       1.06611e-06
3696       1.03835e-06
3704       1.00355e-06
3712       9.99173e-07
3720       1.05533e-06
3728       1.10248e-06
3736       1.13778e-06
3744       1.07433e-06
3752       9.93094e-07
3760       9.69778e-07
3768       9.95777e-07
3776       1.06305e-06
3784       1.08943e-06
3792       1.09661e-06
3800       1.08703e-06
3808       1.08379e-06
3816       1.10206e-06
3824       1.10299e-06
3832       1.12826e-06
3840       1.15944e-06
3848       1.12774e-06
3856       1.12266e-06
3864       1.13904e-06
3872       1.1718e-06
3880       1.21773e-06
3888       1.18134e-06
3896       1.14228e-06
3904       1.10137e-06
3912       1.07364e-06
3920       1.02742e-06
3928       9.99448e-07
3936       1.03541e-06
3944       1.10445e-06
3952       1.13292e-06
3960       1.08515e-06
3968       1.02697e-06
3976       9.75867e-07
3984       9.60267e-07
3992       9.75421e-07
4000       9.60063e-07
4008       9.88823e-07
4016       9.96627e-07
4024       9.86366e-07
4032       9.99566e-07
4040       1.04308e-06
4048       1.09167e-06
4056       1.13772e-06
4064       1.13574e-06
4072       1.09313e-06
4080       1.06435e-06
4088       1.09967e-06
4096       1.12504e-06
4104       1.08569e-06
4112       1.07733e-06
4120       1.08526e-06
4128       1.09406e-06
4136       1.12631e-06
4144       1.1194e-06
4152       1.07157e-06
4160       1.06237e-06
4168       1.01593e-06
4176       9.73342e-07
4184       1.00714e-06
4192       1.05933e-06
4200       1.05604e-06
4208       1.02432e-06
4216       1.01972e-06
4224       1.03407e-06
4232       1.05684e-06
4240       1.08644e-06
4248       1.13334e-06
4256       1.17782e-06
4264       1.19391e-06
4272       1.08757e-06
4280       9.31961e-07
4288       9.12583e-07
4296       9.87804e-07
4304       1.03378e-06
4312       1.02958e-06
4320       1.00533e-06
4328       1.03502e-06
4336       1.10216e-06
4344       1.11547e-06
4352       1.1281e-06
4360       1.16065e-06
4368       1.14141e-06
4376       1.10789e-06
4384       1.1007e-06
4392       1.07422e-06
4400       1.03108e-06
4408       1.04641e-06
4416       1.09095e-06
4424       1.12367e-06
4432       1.11887e-06
4440       1.07145e-06
4448       1.05631e-06
4456       1.09722e-06
4464       1.13563e-06
4472       1.11493e-06
4480       1.04643e-06
4488       1.01179e-06
4496       9.91863e-07
4504       1.02578e-06
4512       1.09321e-06
4520       1.08513e-06
4528       1.09866e-06
4536       1.14635e-06
4544       1.16486e-06
4552       1.11929e-06
4560       1.11567e-06
4568       1.19703e-06
4576       1.21156e-06
4584       1.1746e-06
4592       1.15775e-06
4600       1.14849e-06
4608       1.16197e-06
4616       1.17791e-06
4624       1.16783e-06
4632       1.13849e-06
4640       1.09499e-06
4648       1.07036e-06
4656       1.01807e-06
4664       9.93987e-07
4672       9.93168e-07
4680       1.04119e-06
4688       1.14343e-06
4696       1.17875e-06
4704       1.1494e-06
4712       1.07098e-06
4720       1.00831e-06
4728       9.83572e-07
4736       9.48455e-07
4744       9.29572e-07
4752       9.26023e-07
4760       9.48658e-07
4768       1.00503e-06
4776       1.03795e-06
4784       1.06576e-06
4792       1.07675e-06
4800       1.06576e-06
4808       1.09955e-06
4816       1.13241e-06
4824       1.11437e-06
4832       1.03315e-06
4840       9.71877e-07
4848       9.64522e-07
4856       9.98106e-07
4864       1.04096e-06
4872       1.06156e-06
4880       1.03019e-06
4888       9.87547e-07
4896       9.59545e-07
4904       9.78338e-07
4912       1.0233e-06
4920       1.10137e-06
4928       1.10849e-06
4936       1.04361e-06
4944       9.78459e-07
4952       9.90375e-07
4960       1.0956e-06
4968       1.16569e-06
4976       1.16215e-06
4984       1.13874e-06
4992       1.13426e-06
5000       1.12128e-06
5008       1.0853e-06
5016       1.03659e-06
5024       1.01009e-06
5032       1.06462e-06
5040       1.12846e-06
5048       1.10911e-06
5056       1.08873e-06
5064       1.10293e-06
5072       1.12599e-06
5080       1.12736e-06
5088       1.10638e-06
5096       1.08316e-06
5104       1.13716e-06
5112       1.18112e-06
5120       1.12828e-06
5128       1.05601e-06
5136       1.02674e-06
5144       9.94468e-07
5152       9.82635e-07
5160       1.01394e-06
5168       1.06425e-06
5176       1.08989e-06
5184       1.01065e-06
5192       9.32989e-07
5200       9.624e-07 
5208       1.03784e-06
5216       1.08367e-06
5224       1.12185e-06
5232       1.11461e-06
5240       1.0812e-06
5248       1.08435e-06
5256       1.02848e-06
5264       9.64318e-07
5272       9.71637e-07
5280       1.01081e-06
5288       1.03145e-06
5296       1.02097e-06
5304       1.00108e-06
5312       9.764e-07 
5320       9.57517e-07
5328       9.58984e-07
5336       9.74739e-07
5344       1.06484e-06
5352       1.11492e-06
5360       1.12397e-06
5368       1.13667e-06
5376       1.15558e-06
5384       1.15339e-06
5392       1.09448e-06
5400       1.0068e-06
5408       9.69496e-07
5416       9.87894e-07
5424       1.02968e-06
5432       1.06961e-06
5440       1.08096e-06
5448       1.10822e-06
5456       1.14938e-06
5464       1.13733e-06
5472       1.1432e-06
5480       1.1571e-06
5488       1.17099e-06
5496       1.17208e-06
5504       1.16974e-06
5512       1.17864e-06
5520       1.16054e-06
5528       1.15363e-06
5536       1.14069e-06
5544       1.11319e-06
5552       1.09604e-06
5560       1.08897e-06
5568       1.12931e-06
5576       1.14654e-06
5584       1.17175e-06
5592       1.12393e-06
5600       1.04216e-06
5608       9.92422e-07
5616       9.68945e-07
5624       9.73965e-07
5632       9.88738e-07
5640       1.01756e-06
5648       9.98471e-07
5656       1.0193e-06
5664       1.0543e-06
5672       1.06432e-06
5680       1.06849e-06
5688       1.0691e-06
5696       1.02601e-06
5704       1.01141e-06
5712       1.0799e-06
5720       1.11819e-06
5728       1.12575e-06
5736       1.14197e-06
5744       1.16007e-06
5752       1.1956e-06
5760       1.1778e-06
5768       1.11541e-06
5776       1.09938e-06
5784       1.09113e-06
5792       1.11466e-06
5800       1.10127e-06
5808       1.09078e-06
5816       1.12839e-06
5824       1.16309e-06
5832       1.16999e-06
5840       1.10048e-06
5848       1.06569e-06
5856       1.07251e-06
5864       1.09078e-06
5872       1.09609e-06
5880       1.11506e-06
5888       1.07683e-06
5896       1.01021e-06
5904       9.67895e-07
5912       1.02776e-06
5920       1.1711e-06
5928       1.23455e-06
5936       1.22331e-06
5944       1.16793e-06
5952       1.09231e-06
5960       1.06817e-06
5968       1.05359e-06
5976       1.01596e-06
5984       1.00703e-06
5992       1.05471e-06
6000       1.13002e-06
6008       1.15901e-06
6016       1.14322e-06
6024       1.13934e-06
6032       1.15394e-06
6040       1.11967e-06
6048       1.04577e-06
6056       1.02143e-06
6064       1.02179e-06
6072       1.02408e-06
6080       1.0497e-06
6088       1.04692e-06
6096       1.01083e-06
6104       9.96234e-07
6112       1.02414e-06
6120       1.07796e-06
6128       1.12375e-06
6136       1.19487e-06
6144       1.24504e-06
6152       1.21057e-06
6160       1.13482e-06
6168       1.10124e-06
6176       1.10941e-06
6184       1.10252e-06
6192       1.09196e-06
6200       1.09499e-06
6208       1.10099e-06
6216       1.07799e-06
6224       1.05681e-06
6232       1.05753e-06
6240       1.08446e-06
6248       1.12623e-06
6256       1.07899e-06
6264       1.04929e-06
6272       1.05746e-06
6280       1.03213e-06
6288       9.90107e-07
6296       9.51497e-07
6304       9.78412e-07
6312       1.00691e-06
6320       1.03066e-06
6328       1.00141e-06
6336       9.54482e-07
6344       9.02066e-07
6352       8.88434e-07
6360       9.86587e-07
6368       1.06002e-06
6376       1.07765e-06
6384       1.07052e-06
6392       1.07472e-06
6400       1.09992e-06
6408       1.11964e-06
6416       1.12712e-06
6424       1.09512e-06
6432       1.09008e-06
6440       1.10989e-06
6448       1.08068e-06
6456       1.07518e-06
6464       1.14373e-06
6472       1.18439e-06
6480       1.16324e-06
6488       1.16019e-06
6496       1.13578e-06
6504       1.07172e-06
6512       1.07056e-06
6520       1.08194e-06
6528       1.05907e-06
6536       1.06049e-06
6544       1.07338e-06
6552       1.12577e-06
6560       1.1704e-06
6568       1.15997e-06
6576       1.16111e-06
6584       1.16773e-06
6592       1.16704e-06
6600       1.13036e-06
6608       1.06471e-06
6616       1.03898e-06
6624       1.0541e-06
6632       1.05609e-06
6640       1.04792e-06
6648       1.10504e-06
6656       1.16732e-06
6664       1.21436e-06
6672       1.24205e-06
6680       1.22453e-06
6688       1.2026e-06
6696       1.17491e-06
6704       1.13501e-06
6712       1.11606e-06
6720       1.07956e-06
6728       1.0589e-06
6736       1.08947e-06
6744       1.10704e-06
6752       1.12119e-06
6760       1.12382e-06
6768       1.10335e-06
6776       1.0794e-06
6784       1.05736e-06
6792       1.03491e-06
6800       1.03801e-06
6808       1.06275e-06
6816       1.08406e-06
6824       1.09144e-06
6832       1.15354e-06
6840       1.16428e-06
6848       1.0867e-06
6856       1.00366e-06
6864       9.34093e-07
6872       9.09767e-07
6880       9.58105e-07
6888       1.02443e-06
6896       1.07071e-06
6904       1.10429e-06
6912       1.11912e-06
6920       1.14043e-06
6928       1.16815e-06
6936       1.15106e-06
6944       1.12915e-06
6952       1.12268e-06
6960       1.11907e-06
6968       1.13823e-06
6976       1.1276e-06
6984       1.09654e-06
6992       1.08135e-06
7000       1.07778e-06
7008       1.1327e-06
7016       1.17078e-06
7024       1.20425e-06
7032       1.19979e-06
7040       1.11973e-06
7048       1.06021e-06
7056       1.06794e-06
7064       1.1241e-06
7072       1.1901e-06
7080       1.19725e-06
7088       1.11176e-06
7096       1.02473e-06
7104       1.017e-06 
7112       1.00993e-06
7120       1.00969e-06
7128       1.02536e-06
7136       9.82557e-07
7144       9.64655e-07
7152       9.74283e-07
7160       9.84514e-07
7168       9.57636e-07
7176       9.2666e-07
7184       9.39908e-07
7192       1.01359e-06
7200       1.07443e-06
7208       1.11732e-06
7216       1.12921e-06
7224       1.12165e-06
7232       1.10612e-06
7240       1.09913e-06
7248       1.08456e-06
7256       1.08836e-06
7264       1.14156e-06
7272       1.17242e-06
7280       1.16371e-06
7288       1.12643e-06
7296       1.0733e-06
7304       1.05951e-06
7312       1.05151e-06
7320       1.08224e-06
7328       1.09713e-06
7336       1.09957e-06
7344       1.11151e-06
7352       1.11111e-06
7360       1.08004e-06
7368       1.05051e-06
7376       1.05125e-06
7384       1.08393e-06
7392       1.1065e-06
7400       1.09111e-06
7408       1.1188e-06
7416       1.18025e-06
7424       1.16758e-06
7432       1.13618e-06
7440       1.14026e-06
7448       1.16364e-06
7456       1.20749e-06
7464       1.23036e-06
7472       1.24966e-06
7480       1.2526e-06
7488       1.25401e-06
7496       1.30654e-06
7504       1.33539e-06
7512       1.2747e-06
7520       1.16139e-06
7528       1.0566e-06
7536       1.01454e-06
7544       9.84026e-07
7552       9.88309e-07
7560       1.05764e-06
7568       1.07818e-06
7576       1.04434e-06
7584       1.02227e-06
7592       1.06237e-06
7600       1.10928e-06
7608       1.1173e-06
7616       1.10427e-06
7624       1.08355e-06
7632       1.06858e-06
7640       1.05686e-06
7648       1.11003e-06
7656       1.16071e-06
7664       1.17792e-06
7672       1.15352e-06
7680       1.11743e-06
7688       1.14875e-06
7696       1.18626e-06
7704       1.16033e-06
7712       1.17125e-06
7720       1.18387e-06
7728       1.17777e-06
7736       1.2105e-06
7744       1.20238e-06
7752       1.1746e-06
7760       1.19197e-06
7768       1.20428e-06
7776       1.14505e-06
7784       1.06411e-06
7792       1.06971e-06
7800       1.09391e-06
7808       1.10501e-06
7816       1.12513e-06
7824       1.16452e-06
7832       1.20912e-06
7840       1.24252e-06
7848       1.27242e-06
7856       1.26414e-06
7864       1.26432e-06
7872       1.28232e-06
7880       1.28007e-06
7888       1.26539e-06
7896       1.22865e-06
7904       1.20091e-06
7912       1.1881e-06
7920       1.14034e-06
7928       1.07189e-06
7936       1.00248e-06
7944       9.70394e-07
7952       1.06957e-06
7960       1.18898e-06
7968       1.17914e-06
7976       1.08564e-06
7984       1.08219e-06
7992       1.11885e-06
8000       1.11701e-06
8008       1.09939e-06
8016       1.05231e-06
8024       1.05918e-06
8032       1.0899e-06
8040       1.1225e-06
8048       1.1737e-06
8056       1.13656e-06
8064       1.0793e-06
8072       1.07946e-06
8080       1.11541e-06
8088       1.151e-06 
8096       1.19402e-06
8104       1.25418e-06
8112       1.24777e-06
8120       1.23825e-06
8128       1.25226e-06
8136       1.23931e-06
8144       1.18891e-06
8152       1.11511e-06
8160       1.06339e-06
8168       1.05921e-06
8176       1.09916e-06
8184       1.13687e-06
8192       1.13866e-06
8200       1.1091e-06
8208       1.11927e-06
8216       1.15587e-06
8224       1.16684e-06
8232       1.14626e-06
8240       1.13096e-06
8248       1.15375e-06
8256       1.18135e-06
8264       1.20078e-06
8272       1.2005e-06
8280       1.18206e-06
8288       1.23421e-06
8296       1.2996e-06
8304       1.31988e-06
8312       1.26077e-06
8320       1.16585e-06
8328       1.16445e-06
8336       1.17559e-06
8344       1.19875e-06
8352       1.25339e-06
8360       1.28325e-06
8368       1.26704e-06
8376       1.23603e-06
8384       1.22506e-06
8392       1.18722e-06
8400       1.21246e-06
8408       1.25185e-06
8416       1.25473e-06
8424       1.24885e-06
8432       1.24549e-06
8440       1.25938e-06
8448       1.28024e-06
8456       1.25826e-06
8464       1.18944e-06
8472       1.11944e-06
8480       1.10824e-06
8488       1.1154e-06
8496       1.12441e-06
8504       1.17518e-06
8512       1.21624e-06
8520       1.22881e-06
8528       1.26717e-06
8536       1.25213e-06
8544       1.1747e-06
8552       1.10458e-06
8560       1.11808e-06
8568       1.15951e-06
8576       1.1652e-06
8584       1.15382e-06
8592       1.15105e-06
8600       1.13226e-06
8608       1.0904e-06
8616       1.07889e-06
8624       1.09079e-06
8632       1.13813e-06
8640       1.15588e-06
8648       1.09255e-06
8656       1.02434e-06
8664       1.04294e-06
8672       1.13353e-06
8680       1.23473e-06
8688       1.3174e-06
8696       1.32901e-06
8704       1.28941e-06
8712       1.24755e-06
8720       1.19925e-06
8728       1.18902e-06
8736       1.21832e-06
8744       1.23982e-06
8752       1.23975e-06
8760       1.2573e-06
8768       1.21276e-06
8776       1.1561e-06
8784       1.16267e-06
8792       1.18487e-06
8800       1.16805e-06
8808       1.15173e-06
8816       1.18334e-06
8824       1.12971e-06
8832       1.08525e-06
8840       1.12289e-06
8848       1.18068e-06
8856       1.23549e-06
8864       1.23073e-06
8872       1.19219e-06
8880       1.20432e-06
8888       1.21836e-06
8896       1.18564e-06
8904       1.17291e-06
8912       1.17697e-06
8920       1.17337e-06
8928       1.17008e-06
8936       1.15517e-06
8944       1.18107e-06
8952       1.26902e-06
8960       1.29367e-06
8968       1.20754e-06
8976       1.11849e-06
8984       1.09251e-06
8992       1.14386e-06
9000       1.23809e-06
9008       1.26413e-06
9016       1.18868e-06
9024       1.18367e-06
9032       1.24358e-06
9040       1.30565e-06
9048       1.34302e-06
9056       1.26901e-06
9064       1.22912e-06
9072       1.22687e-06
9080       1.19941e-06
9088       1.17993e-06
9096       1.1346e-06
9104       1.08938e-06
9112       1.08358e-06
9120       1.12291e-06
9128       1.15235e-06
9136       1.14849e-06
9144       1.20836e-06
9152       1.33745e-06
9160       1.37302e-06
9168       1.30762e-06
9176       1.25507e-06
9184       1.25838e-06
9192       1.30461e-06
9200       1.30253e-06
9208       1.29231e-06
9216       1.27184e-06
9224       1.25255e-06
9232       1.25284e-06
9240       1.26613e-06
9248       1.23881e-06
9256       1.20467e-06
9264       1.20203e-06
9272       1.2024e-06
9280       1.21118e-06
9288       1.21439e-06
9296       1.22378e-06
9304       1.32305e-06
9312       1.37449e-06
9320       1.32095e-06
9328       1.24597e-06
9336       1.18781e-06
9344       1.2167e-06
9352       1.29391e-06
9360       1.33691e-06
9368       1.33694e-06
9376       1.31528e-06
9384       1.30457e-06
9392       1.27919e-06
9400       1.20424e-06
9408       1.16833e-06
9416       1.18723e-06
9424       1.21168e-06
9432       1.25736e-06
9440       1.31826e-06
9448       1.35934e-06
9456       1.28868e-06
9464       1.20178e-06
9472       1.21721e-06
9480       1.2438e-06
9488       1.2697e-06
9496       1.24332e-06
9504       1.22085e-06
9512       1.24022e-06
9520       1.24118e-06
9528       1.28495e-06
9536       1.33006e-06
9544       1.29587e-06
9552       1.16093e-06
9560       1.09597e-06
9568       1.11449e-06
9576       1.12291e-06
9584       1.14892e-06
9592       1.15041e-06
9600       1.17285e-06
9608       1.20545e-06
9616       1.2547e-06
9624       1.31599e-06
9632       1.30149e-06
9640       1.27057e-06
9648       1.21473e-06
9656       1.18221e-06
9664       1.16535e-06
9672       1.16873e-06
9680       1.19025e-06
9688       1.19296e-06
9696       1.22169e-06
9704       1.23253e-06
9712       1.2618e-06
9720       1.31481e-06
9728       1.36414e-06
9736       1.35882e-06
9744       1.33255e-06
9752       1.27281e-06
9760       1.23314e-06
9768       1.22589e-06
9776       1.1765e-06
9784       1.15503e-06
9792       1.17457e-06
9800       1.2495e-06
9808       1.25951e-06
9816       1.22425e-06
9824       1.24695e-06
9832       1.26908e-06
9840       1.27264e-06
9848       1.2852e-06
9856       1.27648e-06
9864       1.23234e-06
9872       1.2316e-06
9880       1.2337e-06
9888       1.27345e-06
9896       1.32231e-06
9904       1.2894e-06
9912       1.24839e-06
9920       1.19787e-06
9928       1.17776e-06
9936       1.14454e-06
9944       1.17688e-06
9952       1.25768e-06
9960       1.26492e-06
9968       1.20488e-06
9976       1.11008e-06
9984       1.03346e-06
9992       1.09197e-06
10000      1.14664e-06
10008      1.19578e-06
10016      1.21867e-06
10024      1.18138e-06
10032      1.10446e-06
10040      1.0259e-06
10048      1.024e-06 
10056      1.10566e-06
10064      1.21474e-06
10072      1.31439e-06
10080      1.35144e-06
10088      1.33803e-06
10096      1.2962e-06
10104      1.19412e-06
10112      1.17766e-06
10120      1.21837e-06
10128      1.21267e-06
10136      1.17739e-06
10144      1.15071e-06
10152      1.20842e-06
10160      1.29553e-06
10168      1.27891e-06
10176      1.1827e-06
10184      1.10672e-06
10192      1.08427e-06
10200      1.08621e-06
10208      1.1162e-06
10216      1.1427e-06
10224      1.18793e-06
10232      1.19403e-06
10240      1.15203e-06
10248      1.09017e-06
10256      1.04267e-06
10264      1.07469e-06
10272      1.1647e-06
10280      1.24394e-06
10288      1.2922e-06
10296      1.26312e-06
10304      1.16877e-06
10312      1.13034e-06
10320      1.10152e-06
10328      1.09049e-06
10336      1.10367e-06
10344      1.11461e-06
10352      1.13176e-06
10360      1.11997e-06
10368      1.1186e-06
10376      1.09659e-06
10384      1.11303e-06
10392      1.15086e-06
10400      1.15857e-06
10408      1.13211e-06
10416      1.08099e-06
10424      1.03077e-06
10432      1.03421e-06
10440      1.08866e-06
10448      1.18609e-06
10456      1.26614e-06
10464      1.26049e-06
10472      1.20946e-06
10480      1.13385e-06
10488      1.09224e-06
10496      1.11063e-06
10504      1.14295e-06
10512      1.18767e-06
10520      1.14937e-06
10528      1.06718e-06
10536      1.01734e-06
10544      1.05647e-06
10552      1.09347e-06
10560      1.10242e-06
10568      1.10672e-06
10576      1.10551e-06
10584      1.15153e-06
10592      1.16919e-06
10600      1.15522e-06
10608      1.16414e-06
10616      1.15658e-06
10624      1.14241e-06
10632      1.14641e-06
10640      1.14425e-06
10648      1.15882e-06
10656      1.14119e-06
10664      1.09274e-06
10672      1.09821e-06
10680      1.11632e-06
10688      1.15032e-06
10696      1.15306e-06
10704      1.0924e-06
10712      1.01215e-06
10720      9.95954e-07
10728      1.03474e-06
10736      1.06531e-06
10744      1.12718e-06
10752      1.15169e-06
10760      1.12642e-06
10768      1.15838e-06
10776      1.20938e-06
10784      1.18447e-06
10792      1.06445e-06
10800      9.53374e-07
10808      9.8103e-07
10816      1.08186e-06
10824      1.11966e-06
10832      1.06693e-06
10840      1.01561e-06
10848      1.00399e-06
10856      1.01725e-06
10864      1.04331e-06
10872      1.10887e-06
10880      1.18813e-06
10888      1.17293e-06
10896      1.13166e-06
10904      1.12052e-06
10912      1.1389e-06
10920      1.16042e-06
10928      1.12949e-06
10936      1.03786e-06
10944      9.78586e-07
10952      9.77278e-07
10960      1.00965e-06
10968      1.06278e-06
10976      1.07636e-06
10984      1.08112e-06
10992      1.11076e-06
11000      1.15468e-06
11008      1.21226e-06
11016      1.19287e-06
11024      1.13396e-06
11032      1.04374e-06
11040      9.55781e-07
11048      9.423e-07 
11056      9.61914e-07
11064      9.76145e-07
11072      1.01055e-06
11080      1.0558e-06
11088      1.0719e-06
11096      1.04037e-06
11104      1.06172e-06
11112      1.09123e-06
11120      1.07768e-06
11128      1.01803e-06
11136      9.48233e-07
11144      9.49561e-07
11152      9.97292e-07
11160      1.00986e-06
11168      1.03363e-06
11176      1.08617e-06
11184      1.08307e-06
11192      1.06861e-06
11200      1.10492e-06
11208      1.13951e-06
11216      1.14626e-06
11224      1.12158e-06
11232      1.04383e-06
11240      1.00488e-06
11248      9.87062e-07
11256      1.01871e-06
11264      1.05802e-06
11272      1.09824e-06
11280      1.11678e-06
11288      1.08814e-06
11296      1.0481e-06
11304      1.06749e-06
11312      1.09997e-06
11320      1.09276e-06
11328      1.04726e-06
11336      1.0175e-06
11344      1.04463e-06
11352      1.05201e-06
11360      1.03163e-06
11368      1.04744e-06
11376      1.14337e-06
11384      1.22883e-06
11392      1.20748e-06
11400      1.1465e-06
11408      1.12455e-06
11416      1.10186e-06
11424      1.04681e-06
11432      1.03248e-06
11440      1.03825e-06
11448      1.06873e-06
11456      1.10033e-06
11464      1.05689e-06
11472      1.01807e-06
11480      9.9254e-07
11488      9.80709e-07
11496      9.58058e-07
11504      9.29866e-07
11512      9.84463e-07
11520      1.0727e-06
11528      1.13634e-06
11536      1.13429e-06
11544      1.09197e-06
11552      1.10094e-06
11560      1.09689e-06
11568      1.07131e-06
11576      1.06979e-06
11584      1.08557e-06
11592      1.1337e-06
11600      1.09944e-06
11608      1.04248e-06
11616      9.88674e-07
11624      1.01599e-06
11632      1.06596e-06
11640      1.09184e-06
11648      1.07973e-06
11656      1.03083e-06
11664      1.02647e-06
11672      1.00667e-06
11680      9.98429e-07
11688      1.03057e-06
11696      1.05439e-06
11704      1.03893e-06
11712      9.92521e-07
11720      9.62374e-07
11728      1.00589e-06
11736      1.05637e-06
11744      1.01633e-06
11752      9.38415e-07
11760      9.20786e-07
11768      1.00801e-06
11776      1.04245e-06
11784      1.02368e-06
11792      1.04592e-06
11800      1.05377e-06
11808      1.04715e-06
11816      1.05424e-06
11824      1.09006e-06
11832      1.14425e-06
11840      1.16719e-06
11848      1.13284e-06
11856      1.06227e-06
11864      9.61438e-07
11872      9.0591e-07
11880      9.46763e-07
11888      1.04939e-06
11896      1.12206e-06
11904      1.15752e-06
11912      1.12899e-06
11920      1.08783e-06
11928      1.06145e-06
11936      1.01214e-06
11944      9.90999e-07
11952      1.0253e-06
11960      1.06e-06  
11968      1.10052e-06
11976      1.12036e-06
11984      1.06956e-06
11992      1.01231e-06
12000      9.92243e-07
12008      1.0188e-06
12016      1.04109e-06
12024      1.02819e-06
12032      1.03399e-06
12040      1.04166e-06
12048      1.03614e-06
12056      1.05009e-06
12064      1.06461e-06
12072      1.09425e-06
12080      1.12185e-06
12088      1.12771e-06
12096      1.10745e-06
12104      1.0681e-06
12112      1.01653e-06
12120      9.81252e-07
12128      9.80513e-07
12136      9.95219e-07
12144      1.0257e-06
12152      1.07324e-06
12160      1.07874e-06
12168      1.07137e-06
12176      1.0359e-06
12184      1.04238e-06
12192      1.09259e-06
12200      1.10974e-06
12208      1.13215e-06
12216      1.15296e-06
12224      1.1519e-06
12232      1.15532e-06
12240      1.128e-06 
12248      1.09544e-06
12256      1.06853e-06
12264      1.02172e-06
12272      9.70925e-07
12280      9.39076e-07
12288      9.27601e-07
12296      9.38351e-07
12304      9.71017e-07
12312      9.37514e-07
12320      8.77724e-07
12328      8.84376e-07
12336      9.1587e-07
12344      9.82719e-07
12352      1.07714e-06
12360      1.1303e-06
12368      1.11626e-06
12376      1.05724e-06
12384      1.00504e-06
12392      9.39043e-07
12400      9.3483e-07
12408      9.89555e-07
12416      1.01236e-06
12424      1.01702e-06
12432      1.00245e-06
12440      1.05408e-06
12448      1.09668e-06
12456      1.08817e-06
12464      1.0883e-06
12472      1.09027e-06
12480      1.05895e-06
12488      1.01213e-06
12496      9.83964e-07
12504      9.75669e-07
12512      9.69492e-07
12520      9.34028e-07
12528      9.02196e-07
12536      9.56782e-07
12544      1.03266e-06
12552      1.07132e-06
12560      1.06031e-06
12568      1.03128e-06
12576      9.9339e-07
12584      9.89921e-07
12592      9.99634e-07
12600      1.0156e-06
12608      1.08246e-06
12616      1.10347e-06
12624      1.06216e-06
12632      1.00308e-06
12640      9.34072e-07
12648      9.51705e-07
12656      9.69008e-07
12664      1.01415e-06
12672      1.02787e-06
12680      9.98368e-07
12688      9.99856e-07
12696      1.04948e-06
12704      1.09119e-06
12712      1.08338e-06
12720      1.06913e-06
12728      1.05722e-06
12736      1.10179e-06
12744      1.12772e-06
12752      1.10455e-06
12760      1.08156e-06
12768      1.10126e-06
12776      1.14481e-06
12784      1.14561e-06
12792      1.13463e-06
12800      1.12144e-06
