# Freq.    Mag.
0          3.23717e-06
8          3.28339e-06
16         3.37518e-06
24         6.34705e-06
32         8.79003e-06
40         9.01495e-06
48         8.63646e-06
56         5.71314e-06
64         2.1028e-06
72         8.84724e-07
80         7.59112e-07
88         7.77457e-07
96         1.08363e-06
104        2.16641e-06
112        2.80071e-06
120        2.85088e-06
128        2.69358e-06
136        1.72811e-06
144        8.68252e-07
152        7.25874e-07
160        8.09399e-07
168        1.14493e-06
176        1.38206e-06
184        1.77444e-06
192        1.89908e-06
200        1.72709e-06
208        1.53586e-06
216        1.02186e-06
224        7.70023e-07
232        7.93336e-07
240        8.11695e-07
248        8.28092e-07
256        9.24003e-07
264        1.26264e-06
272        1.39788e-06
280        1.37369e-06
288        1.21202e-06
296        8.72523e-07
304        7.98771e-07
312        7.92926e-07
320        7.58304e-07
328        7.64956e-07
336        8.92446e-07
344        1.1493e-06
352        1.2615e-06
360        1.28241e-06
368        1.16629e-06
376        8.78806e-07
384        7.94092e-07
392        8.06537e-07
400        8.20304e-07
408        9.09166e-07
416        9.73845e-07
424        1.0649e-06
432        1.05028e-06
440        9.93959e-07
448        8.89425e-07
456        7.70327e-07
464        7.82031e-07
472        8.15569e-07
480        8.09277e-07
488        8.28507e-07
496        9.10649e-07
504        1.023e-06 
512        1.09087e-06
520        1.1602e-06
528        1.12905e-06
536        1.0476e-06
544        8.92823e-07
552        7.46508e-07
560        6.80632e-07
568        7.45391e-07
576        8.72588e-07
584        9.38561e-07
592        9.20061e-07
600        8.42786e-07
608        7.36976e-07
616        6.97043e-07
624        7.00442e-07
632        7.00378e-07
640        6.75822e-07
648        6.79843e-07
656        7.45471e-07
664        8.0524e-07
672        8.28143e-07
680        8.04104e-07
688        7.2402e-07
696        6.81839e-07
704        6.7543e-07
712        6.62069e-07
720        6.55158e-07
728        6.89196e-07
736        7.75805e-07
744        8.13413e-07
752        7.89666e-07
760        7.71864e-07
768        7.38157e-07
776        7.50301e-07
784        7.82175e-07
792        7.48298e-07
800        6.91581e-07
808        6.79695e-07
816        6.89343e-07
824        6.89262e-07
832        7.19662e-07
840        7.51216e-07
848        7.30214e-07
856        7.05158e-07
864        6.78729e-07
872        6.66528e-07
880        6.70006e-07
888        6.77159e-07
896        7.28784e-07
904        7.53882e-07
912        7.516e-07 
920        7.33863e-07
928        7.02924e-07
936        6.7098e-07
944        6.6792e-07
952        6.82627e-07
960        6.99771e-07
968        7.41052e-07
976        7.972e-07 
984        1.10272e-06
992        1.465e-06 
1000       1.52293e-06
1008       1.52195e-06
1016       1.20317e-06
1024       8.43199e-07
1032       8.02937e-07
1040       7.99782e-07
1048       7.81833e-07
1056       7.25206e-07
1064       6.73502e-07
1072       6.69864e-07
1080       6.51934e-07
1088       6.28171e-07
1096       6.33405e-07
1104       6.18092e-07
1112       6.09635e-07
1120       6.54309e-07
1128       7.23031e-07
1136       7.52686e-07
1144       7.53278e-07
1152       7.62559e-07
1160       7.41409e-07
1168       7.53866e-07
1176       7.97052e-07
1184       8.14428e-07
1192       7.76619e-07
1200       6.9712e-07
1208       6.8254e-07
1216       6.7853e-07
1224       6.76329e-07
1232       6.71506e-07
1240       6.58073e-07
1248       6.72164e-07
1256       6.87143e-07
1264       7.15505e-07
1272       7.13849e-07
1280       7.10067e-07
1288       7.12268e-07
1296       6.9977e-07
1304       7.13034e-07
1312       7.46026e-07
1320       7.43305e-07
1328       7.3139e-07
1336       7.37105e-07
1344       7.16858e-07
1352       7.08657e-07
1360       7.45035e-07
1368       8.03775e-07
1376       7.96032e-07
1384       7.26443e-07
1392       6.55822e-07
1400       6.01386e-07
1408       6.13264e-07
1416       6.48489e-07
1424       6.71873e-07
1432       6.89004e-07
1440       6.94753e-07
1448       7.15247e-07
1456       7.41402e-07
1464       7.31712e-07
1472       6.97433e-07
1480       6.75333e-07
1488       7.03139e-07
1496       7.25327e-07
1504       7.29706e-07
1512       7.41812e-07
1520       7.53238e-07
1528       7.39243e-07
1536       7.09648e-07
1544       7.27818e-07
1552       7.58531e-07
1560       7.73932e-07
1568       7.50631e-07
1576       6.96297e-07
1584       6.82707e-07
1592       6.90925e-07
1600       6.90623e-07
1608       7.08158e-07
1616       7.37297e-07
1624       7.34244e-07
1632       6.66963e-07
1640       6.22757e-07
1648       6.31101e-07
1656       6.83442e-07
1664       7.27452e-07
1672       7.51789e-07
1680       7.73869e-07
1688       7.85982e-07
1696       7.78198e-07
1704       7.37118e-07
1712       6.87744e-07
1720       6.75887e-07
1728       6.65134e-07
1736       6.84174e-07
1744       7.73266e-07
1752       8.08506e-07
1760       8.01902e-07
1768       7.56734e-07
1776       6.94397e-07
1784       6.77329e-07
1792       6.77683e-07
1800       6.98885e-07
1808       7.10443e-07
1816       7.24279e-07
1824       7.64333e-07
1832       7.90751e-07
1840       7.84767e-07
1848       7.57046e-07
1856       7.38918e-07
1864       7.46963e-07
1872       7.65208e-07
1880       7.76138e-07
1888       7.62511e-07
1896       7.12962e-07
1904       6.69935e-07
1912       6.81245e-07
1920       7.02704e-07
1928       7.28015e-07
1936       7.16077e-07
1944       6.53728e-07
1952       5.93601e-07
1960       5.9321e-07
1968       6.46973e-07
1976       7.24452e-07
1984       7.69385e-07
1992       7.74777e-07
2000       7.62423e-07
2008       7.35118e-07
2016       7.29414e-07
2024       7.67736e-07
2032       7.83793e-07
2040       7.81197e-07
2048       7.75227e-07
2056       7.85266e-07
2064       7.80531e-07
2072       7.44847e-07
2080       7.42977e-07
2088       7.74277e-07
2096       7.60618e-07
2104       7.03018e-07
2112       6.76511e-07
2120       6.66993e-07
2128       6.6819e-07
2136       6.80878e-07
2144       6.9045e-07
2152       7.40399e-07
2160       7.56217e-07
2168       7.31502e-07
2176       7.0959e-07
2184       7.22424e-07
2192       6.98341e-07
2200       6.53782e-07
2208       6.21298e-07
2216       6.4198e-07
2224       6.96542e-07
2232       7.37675e-07
2240       7.35285e-07
2248       6.97404e-07
2256       6.68038e-07
2264       6.47062e-07
2272       6.55589e-07
2280       6.60825e-07
2288       6.72131e-07
2296       6.88426e-07
2304       6.93919e-07
2312       7.08362e-07
2320       7.04244e-07
2328       6.75612e-07
2336       6.48253e-07
2344       6.23485e-07
2352       6.34704e-07
2360       6.47671e-07
2368       6.74338e-07
2376       7.13245e-07
2384       7.09667e-07
2392       7.00386e-07
2400       7.06414e-07
2408       7.09923e-07
2416       6.82113e-07
2424       6.62872e-07
2432       6.82907e-07
2440       7.20891e-07
2448       7.44229e-07
2456       7.4685e-07
2464       7.39061e-07
2472       7.20177e-07
2480       7.03633e-07
2488       6.94642e-07
2496       6.73055e-07
2504       6.86072e-07
2512       7.24049e-07
2520       7.1856e-07
2528       7.20751e-07
2536       7.17488e-07
2544       7.07719e-07
2552       6.94868e-07
2560       6.54533e-07
2568       6.10139e-07
2576       5.95635e-07
2584       6.35512e-07
2592       6.73861e-07
2600       6.74423e-07
2608       6.81046e-07
2616       7.09404e-07
2624       7.35003e-07
2632       7.48446e-07
2640       7.68735e-07
2648       7.69702e-07
2656       7.27438e-07
2664       6.79634e-07
2672       6.37457e-07
2680       6.10116e-07
2688       6.2905e-07
2696       6.48048e-07
2704       6.83925e-07
2712       6.99624e-07
2720       6.73468e-07
2728       6.90676e-07
2736       7.15209e-07
2744       7.28933e-07
2752       7.46987e-07
2760       7.54745e-07
2768       7.56136e-07
2776       7.40308e-07
2784       7.18255e-07
2792       7.00803e-07
2800       6.91951e-07
2808       6.73297e-07
2816       6.56289e-07
2824       6.5795e-07
2832       6.55677e-07
2840       6.50298e-07
2848       6.56798e-07
2856       6.6053e-07
2864       6.51178e-07
2872       6.55623e-07
2880       6.75565e-07
2888       6.90231e-07
2896       6.71599e-07
2904       6.46691e-07
2912       6.51718e-07
2920       6.72213e-07
2928       7.16094e-07
2936       7.73306e-07
2944       7.56643e-07
2952       7.13581e-07
2960       6.92928e-07
2968       6.89553e-07
2976       6.95361e-07
2984       7.20806e-07
2992       7.57854e-07
3000       7.75377e-07
3008       8.04036e-07
3016       7.73224e-07
3024       7.54704e-07
3032       7.80949e-07
3040       7.78857e-07
3048       7.65293e-07
3056       7.76271e-07
3064       7.81262e-07
3072       7.72698e-07
3080       7.51249e-07
3088       7.10286e-07
3096       6.82227e-07
3104       6.45996e-07
3112       6.20465e-07
3120       6.19648e-07
3128       6.0792e-07
3136       5.79091e-07
3144       5.74796e-07
3152       6.18842e-07
3160       6.62977e-07
3168       6.68995e-07
3176       6.55812e-07
3184       6.50528e-07
3192       6.47257e-07
3200       6.33189e-07
3208       6.31745e-07
3216       6.68887e-07
3224       7.05556e-07
3232       7.06657e-07
3240       6.77573e-07
3248       6.91322e-07
3256       7.33948e-07
3264       7.32497e-07
3272       7.01311e-07
3280       6.79515e-07
3288       7.15466e-07
3296       7.73497e-07
3304       7.86347e-07
3312       7.58371e-07
3320       7.23745e-07
3328       6.63986e-07
3336       6.34295e-07
3344       6.53775e-07
3352       6.71804e-07
3360       7.07781e-07
3368       7.41033e-07
3376       7.47777e-07
3384       7.31859e-07
3392       6.91187e-07
3400       6.65215e-07
3408       6.69938e-07
3416       6.81821e-07
3424       6.99698e-07
3432       7.12097e-07
3440       6.98561e-07
3448       6.77454e-07
3456       6.72707e-07
3464       6.84039e-07
3472       6.95302e-07
3480       6.9466e-07
3488       6.73881e-07
3496       6.22596e-07
3504       5.78357e-07
3512       5.91921e-07
3520       6.49593e-07
3528       7.15999e-07
3536       7.52195e-07
3544       7.62958e-07
3552       7.87219e-07
3560       7.80177e-07
3568       7.37631e-07
3576       7.21291e-07
3584       7.19022e-07
3592       7.05235e-07
3600       7.02422e-07
3608       7.274e-07 
3616       7.22299e-07
3624       6.70345e-07
3632       6.25089e-07
3640       6.29566e-07
3648       6.30156e-07
3656       6.45932e-07
3664       6.78529e-07
3672       7.04132e-07
3680       6.92395e-07
3688       6.8392e-07
3696       7.1158e-07
3704       7.11924e-07
3712       7.28676e-07
3720       7.44544e-07
3728       7.17517e-07
3736       7.12727e-07
3744       7.20936e-07
3752       7.121e-07 
3760       7.23555e-07
3768       7.2992e-07
3776       7.36221e-07
3784       7.77272e-07
3792       7.80065e-07
3800       7.18412e-07
3808       6.61623e-07
3816       6.27731e-07
3824       6.37216e-07
3832       6.72283e-07
3840       6.81437e-07
3848       6.80535e-07
3856       6.86545e-07
3864       6.62407e-07
3872       6.31045e-07
3880       6.30671e-07
3888       6.59019e-07
3896       6.61694e-07
3904       6.60457e-07
3912       6.9214e-07
3920       7.37234e-07
3928       7.42954e-07
3936       7.24033e-07
3944       7.01855e-07
3952       6.7198e-07
3960       6.7505e-07
3968       7.07948e-07
3976       7.41407e-07
3984       7.56682e-07
3992       7.45052e-07
4000       7.04307e-07
4008       7.01989e-07
4016       7.07703e-07
4024       7.13667e-07
4032       7.26864e-07
4040       7.02263e-07
4048       6.70028e-07
4056       6.9935e-07
4064       7.47628e-07
4072       7.38693e-07
4080       7.14705e-07
4088       7.00971e-07
4096       6.77922e-07
4104       6.64647e-07
4112       6.48587e-07
4120       6.70313e-07
4128       7.1385e-07
4136       7.42512e-07
4144       7.43543e-07
4152       7.02079e-07
4160       6.55369e-07
4168       6.46528e-07
4176       6.58983e-07
4184       6.47603e-07
4192       6.64052e-07
4200       7.23873e-07
4208       7.50154e-07
4216       7.16316e-07
4224       6.64339e-07
4232       6.6044e-07
4240       6.76794e-07
4248       6.90755e-07
4256       6.76757e-07
4264       6.32033e-07
4272       6.33917e-07
4280       6.7327e-07
4288       7.17022e-07
4296       7.41684e-07
4304       7.33527e-07
4312       6.9751e-07
4320       6.61011e-07
4328       6.51104e-07
4336       6.97249e-07
4344       7.1541e-07
4352       6.58237e-07
4360       6.10051e-07
4368       6.01595e-07
4376       6.41935e-07
4384       6.71881e-07
4392       6.87767e-07
4400       7.02555e-07
4408       7.33457e-07
4416       7.70966e-07
4424       7.50275e-07
4432       7.06632e-07
4440       6.77286e-07
4448       6.64406e-07
4456       6.77951e-07
4464       7.01179e-07
4472       7.00978e-07
4480       6.79971e-07
4488       6.74993e-07
4496       7.17126e-07
4504       7.80924e-07
4512       7.83918e-07
4520       7.68559e-07
4528       7.60152e-07
4536       7.58938e-07
4544       7.48315e-07
4552       7.14645e-07
4560       6.93834e-07
4568       6.84285e-07
4576       6.78075e-07
4584       6.68063e-07
4592       6.55932e-07
4600       6.44834e-07
4608       6.54645e-07
4616       6.76168e-07
4624       6.74405e-07
4632       6.78924e-07
4640       7.13077e-07
4648       7.51002e-07
4656       8.02445e-07
4664       8.09957e-07
4672       7.87092e-07
4680       7.85333e-07
4688       7.76397e-07
4696       7.42809e-07
4704       6.94702e-07
4712       6.9027e-07
4720       7.14712e-07
4728       7.32118e-07
4736       7.61026e-07
4744       7.7015e-07
4752       7.17621e-07
4760       6.56069e-07
4768       6.37183e-07
4776       6.73217e-07
4784       7.37817e-07
4792       7.51435e-07
4800       7.0353e-07
4808       6.76102e-07
4816       6.63933e-07
4824       6.42877e-07
4832       6.36566e-07
4840       6.00954e-07
4848       5.99353e-07
4856       6.16595e-07
4864       6.18538e-07
4872       6.501e-07 
4880       6.70626e-07
4888       6.76468e-07
4896       6.60417e-07
4904       6.34608e-07
4912       6.30461e-07
4920       6.57232e-07
4928       6.9734e-07
4936       7.21719e-07
4944       7.00962e-07
4952       6.50947e-07
4960       6.12972e-07
4968       6.20155e-07
4976       6.5427e-07
4984       7.03036e-07
4992       7.57317e-07
5000       7.58762e-07
5008       7.5572e-07
5016       7.59992e-07
5024       7.45919e-07
5032       7.22348e-07
5040       7.37516e-07
5048       7.3599e-07
5056       6.94744e-07
5064       6.56461e-07
5072       6.33795e-07
5080       6.20641e-07
5088       6.37952e-07
5096       6.89925e-07
5104       6.95011e-07
5112       6.96419e-07
5120       7.15842e-07
5128       7.28825e-07
5136       6.83072e-07
5144       6.60177e-07
5152       6.73416e-07
5160       6.86449e-07
5168       6.94202e-07
5176       6.86065e-07
5184       6.82174e-07
5192       6.81661e-07
5200       6.56048e-07
5208       6.45115e-07
5216       6.44717e-07
5224       6.54644e-07
5232       6.8909e-07
5240       7.40615e-07
5248       7.54463e-07
5256       7.13798e-07
5264       6.84017e-07
5272       7.05254e-07
5280       7.22029e-07
5288       7.41495e-07
5296       7.46516e-07
5304       7.20561e-07
5312       7.19059e-07
5320       7.37844e-07
5328       7.43016e-07
5336       7.53959e-07
5344       7.66962e-07
5352       7.25886e-07
5360       6.91868e-07
5368       7.05973e-07
5376       7.36709e-07
5384       7.4336e-07
5392       7.0426e-07
5400       6.99628e-07
5408       7.0918e-07
5416       7.18183e-07
5424       7.34999e-07
5432       7.19318e-07
5440       7.10778e-07
5448       7.22402e-07
5456       7.06324e-07
5464       7.11621e-07
5472       7.27542e-07
5480       7.07308e-07
5488       6.78951e-07
5496       6.53844e-07
5504       6.71897e-07
5512       7.32644e-07
5520       7.47794e-07
5528       7.3559e-07
5536       7.91151e-07
5544       9.39396e-07
5552       9.43251e-07
5560       8.90473e-07
5568       7.96203e-07
5576       1.00036e-06
5584       1.655e-06 
5592       1.7999e-06
5600       1.77891e-06
5608       1.50311e-06
5616       9.33479e-07
5624       9.39415e-07
5632       1.01019e-06
5640       1.00359e-06
5648       8.91615e-07
5656       7.28682e-07
5664       7.01063e-07
5672       6.83809e-07
5680       6.72562e-07
5688       6.88956e-07
5696       7.12705e-07
5704       7.55671e-07
5712       7.79615e-07
5720       7.65016e-07
5728       7.67352e-07
5736       7.76844e-07
5744       7.46837e-07
5752       7.05251e-07
5760       6.65857e-07
5768       6.63011e-07
5776       7.08577e-07
5784       7.48094e-07
5792       7.68689e-07
5800       7.56621e-07
5808       7.35012e-07
5816       7.00194e-07
5824       6.84747e-07
5832       6.93669e-07
5840       6.89296e-07
5848       6.92826e-07
5856       7.05273e-07
5864       7.20326e-07
5872       7.51286e-07
5880       7.46679e-07
5888       7.08478e-07
5896       6.6282e-07
5904       6.59392e-07
5912       6.7476e-07
5920       6.67216e-07
5928       6.40694e-07
5936       6.62251e-07
5944       7.06e-07  
5952       7.07548e-07
5960       6.84545e-07
5968       6.75011e-07
5976       6.90924e-07
5984       7.05551e-07
5992       6.66298e-07
6000       6.29479e-07
6008       6.50823e-07
6016       7.09624e-07
6024       7.3942e-07
6032       7.38792e-07
6040       7.41201e-07
6048       7.14742e-07
6056       6.7811e-07
6064       6.44153e-07
6072       6.59062e-07
6080       6.83937e-07
6088       6.93641e-07
6096       6.96885e-07
6104       6.9862e-07
6112       7.01821e-07
6120       6.99355e-07
6128       6.86595e-07
6136       6.73231e-07
6144       6.75049e-07
6152       6.97123e-07
6160       7.52097e-07
6168       7.69172e-07
6176       7.32e-07  
6184       6.97482e-07
6192       6.92278e-07
6200       7.20488e-07
6208       7.34338e-07
6216       7.00598e-07
6224       6.69091e-07
6232       6.96586e-07
6240       7.12091e-07
6248       7.09112e-07
6256       7.08277e-07
6264       7.36592e-07
6272       7.5344e-07
6280       7.35295e-07
6288       7.16346e-07
6296       7.0378e-07
6304       7.25274e-07
6312       7.70637e-07
6320       7.68747e-07
6328       7.62188e-07
6336       7.36623e-07
6344       6.98908e-07
6352       6.45941e-07
6360       6.20938e-07
6368       6.28873e-07
6376       6.42998e-07
6384       6.59388e-07
6392       6.78193e-07
6400       6.96592e-07
6408       7.13388e-07
6416       7.31308e-07
6424       7.29821e-07
6432       7.28612e-07
6440       7.07323e-07
6448       6.72082e-07
6456       6.73758e-07
6464       6.97182e-07
6472       7.25054e-07
6480       7.29033e-07
6488       6.94112e-07
6496       6.70421e-07
6504       6.54611e-07
6512       6.92523e-07
6520       7.46454e-07
6528       7.87873e-07
6536       7.8363e-07
6544       7.40427e-07
6552       7.14987e-07
6560       7.08852e-07
6568       6.9411e-07
6576       6.63553e-07
6584       6.73802e-07
6592       7.11757e-07
6600       7.06854e-07
6608       6.88186e-07
6616       6.79295e-07
6624       6.79372e-07
6632       6.84907e-07
6640       6.77804e-07
6648       6.60789e-07
6656       6.37254e-07
6664       6.37622e-07
6672       6.50743e-07
6680       6.44755e-07
6688       6.68183e-07
6696       7.07883e-07
6704       7.36854e-07
6712       7.61245e-07
6720       7.86973e-07
6728       7.97593e-07
6736       7.63651e-07
6744       7.19438e-07
6752       6.61953e-07
6760       5.94201e-07
6768       5.97563e-07
6776       6.19569e-07
6784       6.58825e-07
6792       6.5603e-07
6800       6.03553e-07
6808       6.17865e-07
6816       6.89309e-07
6824       7.30998e-07
6832       7.24958e-07
6840       6.68808e-07
6848       6.02911e-07
6856       5.87319e-07
6864       6.42046e-07
6872       6.97922e-07
6880       7.08358e-07
6888       7.16636e-07
6896       7.24051e-07
6904       7.24419e-07
6912       7.20029e-07
6920       7.09749e-07
6928       7.05174e-07
6936       6.96939e-07
6944       6.694e-07 
6952       6.53262e-07
6960       6.7374e-07
6968       7.25481e-07
6976       7.39855e-07
6984       7.06745e-07
6992       6.52274e-07
7000       6.43346e-07
7008       6.85193e-07
7016       7.11184e-07
7024       7.32895e-07
7032       7.36763e-07
7040       7.31073e-07
7048       7.41234e-07
7056       7.52355e-07
7064       7.30787e-07
7072       6.93683e-07
7080       6.97611e-07
7088       7.0813e-07
7096       7.00454e-07
7104       6.83017e-07
7112       6.4355e-07
7120       6.35907e-07
7128       6.5794e-07
7136       6.81425e-07
7144       6.84679e-07
7152       7.03375e-07
7160       7.42895e-07
7168       7.5528e-07
7176       7.24862e-07
7184       6.76629e-07
7192       6.6856e-07
7200       7.33355e-07
7208       8.08991e-07
7216       8.14192e-07
7224       7.77399e-07
7232       7.00627e-07
7240       6.47989e-07
7248       6.63754e-07
7256       6.65969e-07
7264       6.49159e-07
7272       6.40247e-07
7280       6.54072e-07
7288       6.77299e-07
7296       7.12463e-07
7304       7.15288e-07
7312       6.71079e-07
7320       6.42181e-07
7328       6.49722e-07
7336       6.9411e-07
7344       7.11875e-07
7352       6.91341e-07
7360       6.73402e-07
7368       6.46734e-07
7376       6.28034e-07
7384       6.63558e-07
7392       7.09951e-07
7400       7.56447e-07
7408       7.91635e-07
7416       7.76048e-07
7424       7.22159e-07
7432       6.83387e-07
7440       6.98199e-07
7448       7.18443e-07
7456       6.65038e-07
7464       6.09131e-07
7472       6.13248e-07
7480       6.3009e-07
7488       6.41507e-07
7496       6.45707e-07
7504       6.67119e-07
7512       6.84599e-07
7520       6.99296e-07
7528       7.1356e-07
7536       7.18244e-07
7544       7.08676e-07
7552       7.0657e-07
7560       7.13491e-07
7568       6.99213e-07
7576       6.84302e-07
7584       6.73283e-07
7592       6.78544e-07
7600       6.82579e-07
7608       6.89565e-07
7616       6.7377e-07
7624       6.66749e-07
7632       6.80417e-07
7640       6.79996e-07
7648       6.86553e-07
7656       7.18247e-07
7664       7.48379e-07
7672       7.42262e-07
7680       6.74056e-07
7688       6.07362e-07
7696       5.82758e-07
7704       6.15603e-07
7712       6.77106e-07
7720       7.08089e-07
7728       7.16874e-07
7736       6.9673e-07
7744       6.75725e-07
7752       7.18105e-07
7760       7.44996e-07
7768       7.18518e-07
7776       6.9324e-07
7784       6.81621e-07
7792       6.6563e-07
7800       6.78772e-07
7808       7.08606e-07
7816       7.46262e-07
7824       7.77836e-07
7832       7.79593e-07
7840       7.635e-07 
7848       7.15504e-07
7856       6.74242e-07
7864       6.67657e-07
7872       6.80686e-07
7880       7.1679e-07
7888       7.27454e-07
7896       7.03884e-07
7904       7.00096e-07
7912       6.84778e-07
7920       6.93918e-07
7928       6.94829e-07
7936       6.73315e-07
7944       6.48894e-07
7952       6.33767e-07
7960       6.55507e-07
7968       6.85443e-07
7976       7.15782e-07
7984       7.26023e-07
7992       7.0704e-07
8000       6.73095e-07
8008       6.4266e-07
8016       6.39864e-07
8024       6.41223e-07
8032       6.41342e-07
8040       6.37015e-07
8048       6.49796e-07
8056       6.53321e-07
8064       6.65346e-07
8072       6.85181e-07
8080       6.75255e-07
8088       6.63007e-07
8096       6.64568e-07
8104       6.74798e-07
8112       7.23382e-07
8120       7.42732e-07
8128       7.51451e-07
8136       7.29265e-07
8144       6.85028e-07
8152       6.89369e-07
8160       7.11894e-07
8168       6.77049e-07
8176       6.59753e-07
8184       6.92359e-07
8192       6.92144e-07
8200       6.58984e-07
8208       6.38532e-07
8216       6.63826e-07
8224       7.28348e-07
8232       7.82982e-07
8240       7.86413e-07
8248       7.31661e-07
8256       6.69304e-07
8264       6.57369e-07
8272       6.97508e-07
8280       7.31571e-07
8288       7.3366e-07
8296       7.17854e-07
8304       6.91368e-07
8312       6.8336e-07
8320       7.08563e-07
8328       7.27174e-07
8336       7.21692e-07
8344       6.71041e-07
8352       6.42001e-07
8360       6.8731e-07
8368       7.34937e-07
8376       7.75746e-07
8384       7.88778e-07
8392       7.74621e-07
8400       7.59115e-07
8408       7.37398e-07
8416       7.34498e-07
8424       7.4044e-07
8432       7.38293e-07
8440       7.3571e-07
8448       7.29448e-07
8456       7.15744e-07
8464       7.22219e-07
8472       7.27781e-07
8480       6.54325e-07
8488       5.98694e-07
8496       6.30369e-07
8504       6.47193e-07
8512       6.36829e-07
8520       6.40321e-07
8528       6.72445e-07
8536       6.84493e-07
8544       6.56464e-07
8552       6.2321e-07
8560       6.12296e-07
8568       6.50285e-07
8576       6.76022e-07
8584       6.55787e-07
8592       6.37499e-07
8600       6.14256e-07
8608       6.20674e-07
8616       6.60084e-07
8624       6.80689e-07
8632       6.76796e-07
8640       6.41879e-07
8648       6.58472e-07
8656       7.00199e-07
8664       7.21887e-07
8672       7.19837e-07
8680       6.89787e-07
8688       6.60772e-07
8696       6.54929e-07
8704       6.72583e-07
8712       6.70129e-07
8720       6.50327e-07
8728       6.36194e-07
8736       6.59322e-07
8744       7.08493e-07
8752       7.31152e-07
8760       7.34485e-07
8768       7.09157e-07
8776       6.31695e-07
8784       5.80443e-07
8792       6.03745e-07
8800       6.72712e-07
8808       7.15967e-07
8816       7.01559e-07
8824       6.49583e-07
8832       6.49963e-07
8840       7.00338e-07
8848       7.31168e-07
8856       7.4602e-07
8864       7.64386e-07
8872       7.69247e-07
8880       7.70805e-07
8888       7.65278e-07
8896       7.5334e-07
8904       7.3607e-07
8912       6.75393e-07
8920       6.34375e-07
8928       5.98891e-07
8936       5.81026e-07
8944       6.18972e-07
8952       6.58755e-07
8960       6.99531e-07
8968       7.17598e-07
8976       7.27092e-07
8984       7.47215e-07
8992       7.56819e-07
9000       7.76964e-07
9008       7.99349e-07
9016       7.86424e-07
9024       7.51331e-07
9032       7.12007e-07
9040       6.83363e-07
9048       6.91382e-07
9056       7.01054e-07
9064       7.02299e-07
9072       6.95135e-07
9080       6.59202e-07
9088       6.39872e-07
9096       6.29077e-07
9104       6.22423e-07
9112       6.40511e-07
9120       6.54617e-07
9128       6.57284e-07
9136       6.43586e-07
9144       6.29768e-07
9152       6.44086e-07
9160       6.83418e-07
9168       7.01935e-07
9176       7.09319e-07
9184       6.99041e-07
9192       6.78839e-07
9200       6.60828e-07
9208       6.73646e-07
9216       6.78149e-07
9224       6.6497e-07
9232       6.67922e-07
9240       6.92357e-07
9248       6.90127e-07
9256       6.66535e-07
9264       6.62631e-07
9272       6.91016e-07
9280       7.27754e-07
9288       7.251e-07 
9296       6.9421e-07
9304       6.68287e-07
9312       6.59305e-07
9320       6.59003e-07
9328       6.37286e-07
9336       6.34269e-07
9344       6.5735e-07
9352       6.82431e-07
9360       6.99215e-07
9368       7.10859e-07
9376       7.54357e-07
9384       7.95949e-07
9392       7.92078e-07
9400       7.62168e-07
9408       7.32284e-07
9416       7.27447e-07
9424       7.32411e-07
9432       7.1421e-07
9440       6.96079e-07
9448       6.84756e-07
9456       6.57386e-07
9464       6.39346e-07
9472       6.60811e-07
9480       6.73485e-07
9488       6.89872e-07
9496       6.9648e-07
9504       7.31618e-07
9512       7.45562e-07
9520       7.25529e-07
9528       7.16453e-07
9536       7.19439e-07
9544       6.97197e-07
9552       6.91205e-07
9560       7.28167e-07
9568       7.3842e-07
9576       7.33019e-07
9584       7.27191e-07
9592       7.17431e-07
9600       6.90309e-07
9608       6.45698e-07
9616       6.35382e-07
9624       6.34356e-07
9632       6.28673e-07
9640       6.23027e-07
9648       6.24751e-07
9656       6.72256e-07
9664       7.29407e-07
9672       7.55945e-07
9680       7.18208e-07
9688       6.72568e-07
9696       6.79365e-07
9704       7.12223e-07
9712       7.06403e-07
9720       6.71763e-07
9728       6.50776e-07
9736       6.66492e-07
9744       6.90287e-07
9752       6.99447e-07
9760       7.06982e-07
9768       6.94349e-07
9776       6.95647e-07
9784       7.14098e-07
9792       7.04905e-07
9800       6.84392e-07
9808       6.52505e-07
9816       6.03918e-07
9824       5.7178e-07
9832       5.88139e-07
9840       6.35384e-07
9848       6.7477e-07
9856       6.73637e-07
9864       6.67208e-07
9872       6.68648e-07
9880       6.7517e-07
9888       6.95187e-07
9896       7.15651e-07
9904       7.24724e-07
9912       7.12154e-07
9920       6.62172e-07
9928       6.27891e-07
9936       6.77426e-07
9944       7.41476e-07
9952       7.53314e-07
9960       7.2006e-07
9968       6.62216e-07
9976       6.45296e-07
9984       6.59737e-07
9992       6.75235e-07
10000      6.9734e-07
10008      6.95098e-07
10016      6.95127e-07
10024      7.01122e-07
10032      6.94227e-07
10040      6.54674e-07
10048      6.23405e-07
10056      6.3774e-07
10064      6.5595e-07
10072      6.47563e-07
10080      6.41165e-07
10088      6.43437e-07
10096      6.29772e-07
10104      6.51438e-07
10112      6.97309e-07
10120      6.96206e-07
10128      7.03235e-07
10136      7.34671e-07
10144      7.27271e-07
10152      6.65353e-07
10160      6.09874e-07
10168      6.18948e-07
10176      6.59334e-07
10184      7.11596e-07
10192      7.38226e-07
10200      7.16301e-07
10208      6.84216e-07
10216      6.97868e-07
10224      7.21705e-07
10232      7.42021e-07
10240      7.41818e-07
10248      7.04867e-07
10256      6.40977e-07
10264      6.23797e-07
10272      6.59145e-07
10280      6.9886e-07
10288      7.29061e-07
10296      7.38793e-07
10304      6.93675e-07
10312      6.232e-07 
10320      5.9047e-07
10328      6.25569e-07
10336      6.62209e-07
10344      6.82791e-07
10352      6.65753e-07
10360      6.76178e-07
10368      7.19909e-07
10376      7.5221e-07
10384      7.28424e-07
10392      6.99617e-07
10400      6.91876e-07
10408      6.84727e-07
10416      6.58714e-07
10424      6.61462e-07
10432      6.90828e-07
10440      6.94577e-07
10448      6.7498e-07
10456      6.73573e-07
10464      7.03638e-07
10472      7.36852e-07
10480      7.6239e-07
10488      7.93744e-07
10496      7.87454e-07
10504      7.49464e-07
10512      7.26332e-07
10520      6.97212e-07
10528      6.92575e-07
10536      6.93986e-07
10544      6.96332e-07
10552      7.23126e-07
10560      7.49727e-07
10568      7.35195e-07
10576      6.93082e-07
10584      6.45513e-07
10592      6.25433e-07
10600      6.32996e-07
10608      6.22163e-07
10616      6.24714e-07
10624      6.4687e-07
10632      6.75564e-07
10640      7.11633e-07
10648      7.33357e-07
10656      7.18513e-07
10664      6.94212e-07
10672      7.00173e-07
10680      7.12388e-07
10688      7.02562e-07
10696      6.47042e-07
10704      6.19658e-07
10712      6.10545e-07
10720      6.17783e-07
10728      6.23675e-07
10736      6.12873e-07
10744      6.05501e-07
10752      6.24043e-07
10760      6.48117e-07
10768      6.61645e-07
10776      6.59304e-07
10784      6.54596e-07
10792      6.6617e-07
10800      6.79057e-07
10808      6.84179e-07
10816      6.70636e-07
10824      6.60314e-07
10832      6.44967e-07
10840      6.42636e-07
10848      6.46018e-07
10856      6.54284e-07
10864      6.56474e-07
10872      6.54974e-07
10880      6.60511e-07
10888      6.65105e-07
10896      6.65809e-07
10904      6.73461e-07
10912      6.65647e-07
10920      6.58957e-07
10928      6.85525e-07
10936      7.10495e-07
10944      6.67183e-07
10952      6.22873e-07
10960      5.83422e-07
10968      5.99091e-07
10976      6.40928e-07
10984      6.69665e-07
10992      6.85658e-07
11000      6.64555e-07
11008      6.64974e-07
11016      6.70005e-07
11024      6.84533e-07
11032      7.00124e-07
11040      6.82376e-07
11048      6.5195e-07
11056      6.39053e-07
11064      6.56125e-07
11072      7.11439e-07
11080      7.59624e-07
11088      7.7419e-07
11096      7.44813e-07
11104      6.92729e-07
11112      6.63629e-07
11120      6.74244e-07
11128      6.85997e-07
11136      7.03555e-07
11144      7.25413e-07
11152      7.42546e-07
11160      7.53233e-07
11168      7.55595e-07
11176      7.32392e-07
11184      7.07465e-07
11192      7.14664e-07
11200      7.294e-07 
11208      7.25396e-07
11216      7.12212e-07
11224      6.56161e-07
11232      5.98624e-07
11240      5.82878e-07
11248      6.14393e-07
11256      6.6771e-07
11264      6.99896e-07
11272      7.15002e-07
11280      7.25519e-07
11288      7.22696e-07
11296      7.03145e-07
11304      6.87803e-07
11312      6.83805e-07
11320      6.74901e-07
11328      6.67383e-07
11336      6.95175e-07
11344      7.13814e-07
11352      7.31005e-07
11360      7.57822e-07
11368      7.45979e-07
11376      7.06001e-07
11384      6.45474e-07
11392      6.21163e-07
11400      6.44518e-07
11408      6.92416e-07
11416      7.28045e-07
11424      7.38948e-07
11432      7.42026e-07
11440      7.40762e-07
11448      7.33495e-07
11456      7.51612e-07
11464      7.68439e-07
11472      7.64942e-07
11480      7.45683e-07
11488      6.99179e-07
11496      6.74508e-07
11504      6.72068e-07
11512      6.79411e-07
11520      6.98198e-07
11528      7.49122e-07
11536      7.80542e-07
11544      7.44364e-07
11552      6.95347e-07
11560      6.85725e-07
11568      7.11526e-07
11576      7.37056e-07
11584      7.44815e-07
11592      7.15581e-07
11600      6.93105e-07
11608      6.7305e-07
11616      6.56866e-07
11624      6.88699e-07
11632      7.14045e-07
11640      7.40994e-07
11648      7.49216e-07
11656      7.66981e-07
11664      7.69671e-07
11672      7.58413e-07
11680      7.5864e-07
11688      7.72623e-07
11696      7.83227e-07
11704      7.74459e-07
11712      7.5827e-07
11720      7.48261e-07
11728      7.41065e-07
11736      7.17851e-07
11744      7.05766e-07
11752      6.97655e-07
11760      6.83394e-07
11768      6.94221e-07
11776      7.11029e-07
11784      6.71888e-07
11792      6.32439e-07
11800      6.24035e-07
11808      6.48628e-07
11816      6.91901e-07
11824      7.24214e-07
11832      7.19633e-07
11840      6.96722e-07
11848      6.93874e-07
11856      6.84761e-07
11864      6.4729e-07
11872      6.35824e-07
11880      6.34167e-07
11888      6.54259e-07
11896      6.75642e-07
11904      6.82598e-07
11912      6.7983e-07
11920      6.77323e-07
11928      6.74361e-07
11936      6.9898e-07
11944      7.09564e-07
11952      7.02721e-07
11960      6.93827e-07
11968      6.61261e-07
11976      6.56089e-07
11984      6.72947e-07
11992      6.67445e-07
12000      6.50318e-07
12008      6.1798e-07
12016      6.01749e-07
12024      6.47443e-07
12032      6.91612e-07
12040      6.77549e-07
12048      6.67395e-07
12056      6.64761e-07
12064      6.50284e-07
12072      6.58587e-07
12080      6.41093e-07
12088      6.05157e-07
12096      6.05623e-07
12104      6.06233e-07
12112      6.17559e-07
12120      6.29028e-07
12128      6.34943e-07
12136      6.18207e-07
12144      6.34349e-07
12152      6.80863e-07
12160      7.08892e-07
12168      7.25372e-07
12176      7.6905e-07
12184      7.75828e-07
12192      7.09686e-07
12200      6.44767e-07
12208      6.29826e-07
12216      6.21962e-07
12224      6.03791e-07
12232      6.13198e-07
12240      6.61346e-07
12248      7.08373e-07
12256      7.4121e-07
12264      7.5018e-07
12272      7.3919e-07
12280      7.23747e-07
12288      6.91122e-07
12296      6.85093e-07
12304      7.14483e-07
12312      7.1776e-07
12320      7.18676e-07
12328      7.09049e-07
12336      7.11448e-07
12344      7.32235e-07
12352      6.93239e-07
12360      6.50158e-07
12368      6.40152e-07
12376      6.38652e-07
12384      6.41041e-07
12392      6.50592e-07
12400      6.5923e-07
12408      6.80195e-07
12416      7.06267e-07
12424      6.99195e-07
12432      6.82583e-07
12440      7.06491e-07
12448      7.12728e-07
12456      7.02584e-07
12464      6.88492e-07
12472      6.67592e-07
12480      6.50432e-07
12488      6.20881e-07
12496      6.28852e-07
12504      6.45623e-07
12512      6.70277e-07
12520      6.66436e-07
12528      6.4942e-07
12536      6.69792e-07
12544      6.97076e-07
12552      7.21491e-07
12560      7.171e-07 
12568      7.27226e-07
12576      7.7274e-07
12584      7.99109e-07
12592      7.74046e-07
12600      7.29689e-07
12608      7.13725e-07
12616      6.96693e-07
12624      6.83472e-07
12632      6.60768e-07
12640      6.38297e-07
12648      6.43644e-07
12656      6.69514e-07
12664      6.71367e-07
12672      6.64522e-07
12680      6.51238e-07
12688      6.30477e-07
12696      6.3292e-07
12704      6.39163e-07
12712      6.5927e-07
12720      6.68479e-07
12728      6.63523e-07
12736      6.27571e-07
12744      6.25198e-07
12752      6.80664e-07
12760      7.23932e-07
12768      7.23619e-07
12776      7.0082e-07
12784      7.05934e-07
12792      7.00111e-07
12800      6.90099e-07
