# Freq.    Mag.
0          3.62589e-05
1          3.53702e-05
2          2.67328e-05
3          1.7292e-05
4          1.60525e-05
5          1.65643e-05
6          1.70817e-05
7          1.69084e-05
8          1.63826e-05
9          1.63603e-05
10         1.71112e-05
11         1.75325e-05
12         1.75404e-05
13         1.76361e-05
14         1.68638e-05
15         1.6086e-05
16         1.63578e-05
17         1.71726e-05
18         1.83484e-05
19         1.87867e-05
20         1.88894e-05
21         1.90021e-05
22         1.85702e-05
23         1.81445e-05
24         1.80144e-05
25         1.79251e-05
26         1.84929e-05
27         1.98216e-05
28         2.05011e-05
29         2.05553e-05
30         1.99697e-05
31         1.94847e-05
32         1.95084e-05
33         1.93102e-05
34         1.90394e-05
35         1.86653e-05
36         1.84818e-05
37         2.97453e-05
38         5.10416e-05
39         5.72896e-05
40         5.71476e-05
41         4.84013e-05
42         2.76518e-05
43         1.98527e-05
44         1.90993e-05
45         1.82394e-05
46         1.86538e-05
47         2.02003e-05
48         2.10351e-05
49         2.1543e-05
50         2.18336e-05
51         2.13397e-05
52         2.01826e-05
53         1.99072e-05
54         2.08208e-05
55         2.12152e-05
56         2.10792e-05
57         2.06808e-05
58         2.00947e-05
59         2.01956e-05
60         2.03691e-05
61         2.0762e-05
62         2.08179e-05
63         2.06408e-05
64         2.02287e-05
65         1.99132e-05
66         2.05577e-05
67         2.16292e-05
68         2.14644e-05
69         2.0774e-05
70         2.05154e-05
71         2.07134e-05
72         2.06999e-05
73         2.03872e-05
74         2.0624e-05
75         2.08104e-05
76         2.01966e-05
77         1.97132e-05
78         1.91836e-05
79         1.93632e-05
80         1.99486e-05
81         2.02876e-05
82         2.04534e-05
83         2.07706e-05
84         2.13473e-05
85         2.17916e-05
86         2.16077e-05
87         2.11268e-05
88         2.05401e-05
89         2.05396e-05
90         2.06499e-05
91         2.0621e-05
92         2.10624e-05
93         2.15879e-05
94         2.15333e-05
95         2.17696e-05
96         2.24092e-05
97         2.23415e-05
98         2.17564e-05
99         2.17714e-05
100        2.16895e-05
101        2.15962e-05
102        2.15216e-05
103        2.13735e-05
104        2.14771e-05
105        2.19966e-05
106        2.2483e-05
107        2.2692e-05
108        2.27105e-05
109        2.18896e-05
110        2.13061e-05
111        2.06262e-05
112        2.02035e-05
113        2.10721e-05
114        2.14787e-05
115        2.19706e-05
116        2.30459e-05
117        2.40709e-05
118        2.47349e-05
119        2.4465e-05
120        2.29717e-05
121        2.21827e-05
122        2.23533e-05
123        2.19932e-05
124        2.05739e-05
125        2.00181e-05
126        2.06124e-05
127        2.08307e-05
128        2.11413e-05
129        2.09462e-05
130        2.04292e-05
131        2.01983e-05
132        1.9965e-05
133        1.98726e-05
134        2.00036e-05
135        2.05634e-05
136        2.15838e-05
137        2.21821e-05
138        2.19549e-05
139        2.16002e-05
140        2.14236e-05
141        2.16207e-05
142        2.17977e-05
143        2.11689e-05
144        2.06719e-05
145        2.07005e-05
146        2.1285e-05
147        2.13903e-05
148        2.11155e-05
149        2.11633e-05
150        2.12491e-05
151        2.19067e-05
152        2.27186e-05
153        2.21977e-05
154        2.14324e-05
155        2.15976e-05
156        2.16092e-05
157        2.11236e-05
158        2.0269e-05
159        2.00484e-05
160        2.06556e-05
161        2.12293e-05
162        2.16792e-05
163        2.13776e-05
164        2.0987e-05
165        2.08802e-05
166        2.091e-05 
167        2.18974e-05
168        2.3099e-05
169        2.37795e-05
170        2.36617e-05
171        2.28677e-05
172        2.23707e-05
173        2.22885e-05
174        2.16778e-05
175        2.15777e-05
176        2.1696e-05
177        2.13158e-05
178        2.10557e-05
179        2.17597e-05
180        2.21209e-05
181        2.20464e-05
182        2.17608e-05
183        2.11561e-05
184        2.06956e-05
185        2.06247e-05
186        2.07851e-05
187        2.11239e-05
188        2.12685e-05
189        2.16196e-05
190        2.19811e-05
191        2.13045e-05
192        2.09602e-05
193        2.1238e-05
194        2.21439e-05
195        2.29303e-05
196        2.33862e-05
197        2.38513e-05
198        2.37488e-05
199        2.25441e-05
200        2.09595e-05
201        2.00845e-05
202        2.00598e-05
203        2.02491e-05
204        2.05993e-05
205        2.01034e-05
206        1.97573e-05
207        2.04606e-05
208        2.13763e-05
209        2.22032e-05
210        2.22464e-05
211        2.16455e-05
212        2.05757e-05
213        2.00164e-05
214        2.04182e-05
215        2.0908e-05
216        2.13301e-05
217        2.14407e-05
218        2.12677e-05
219        2.14512e-05
220        2.26299e-05
221        2.31118e-05
222        2.1894e-05
223        2.08399e-05
224        2.07788e-05
225        2.10048e-05
226        2.18803e-05
227        2.24142e-05
228        2.21992e-05
229        2.22472e-05
230        2.22542e-05
231        2.22894e-05
232        2.20339e-05
233        2.16694e-05
234        2.14659e-05
235        2.15186e-05
236        2.14999e-05
237        2.13901e-05
238        2.19488e-05
239        2.22488e-05
240        2.23086e-05
241        2.2947e-05
242        2.35827e-05
243        2.36684e-05
244        2.33114e-05
245        2.27886e-05
246        2.20833e-05
247        2.1897e-05
248        2.29699e-05
249        2.41979e-05
250        2.41503e-05
251        2.29221e-05
252        2.20891e-05
253        2.21288e-05
254        2.20826e-05
255        2.1518e-05
256        2.19055e-05
257        2.27955e-05
258        2.32641e-05
259        2.35417e-05
260        2.35371e-05
261        2.25637e-05
262        2.14773e-05
263        2.08206e-05
264        2.16529e-05
265        2.29219e-05
266        2.3554e-05
267        2.31758e-05
268        2.2272e-05
269        2.23081e-05
270        2.25959e-05
271        2.23595e-05
272        2.14945e-05
273        2.17766e-05
274        2.1973e-05
275        2.05629e-05
276        1.98723e-05
277        1.97288e-05
278        2.02328e-05
279        2.10248e-05
280        2.16317e-05
281        2.26153e-05
282        2.35734e-05
283        2.4091e-05
284        2.37299e-05
285        2.28976e-05
286        2.18636e-05
287        2.15257e-05
288        2.14221e-05
289        2.10839e-05
290        2.10934e-05
291        2.11642e-05
292        2.13906e-05
293        2.15503e-05
294        2.12715e-05
295        2.175e-05 
296        2.23773e-05
297        2.29047e-05
298        2.29766e-05
299        2.20713e-05
300        2.13959e-05
301        2.16793e-05
302        2.24433e-05
303        2.30339e-05
304        2.26802e-05
305        2.19195e-05
306        2.26493e-05
307        2.3345e-05
308        2.35446e-05
309        2.39371e-05
310        2.37745e-05
311        2.30082e-05
312        2.25571e-05
313        2.26718e-05
314        2.26212e-05
315        2.18115e-05
316        2.13839e-05
317        2.22753e-05
318        2.29278e-05
319        2.28538e-05
320        2.23823e-05
321        2.21176e-05
322        2.2002e-05
323        2.10802e-05
324        2.07228e-05
325        2.15723e-05
326        2.23076e-05
327        2.24838e-05
328        2.20991e-05
329        2.14226e-05
330        2.12963e-05
331        2.17014e-05
332        2.22952e-05
333        2.25371e-05
334        2.21894e-05
335        2.16942e-05
336        2.1602e-05
337        2.19352e-05
338        2.23203e-05
339        2.246e-05 
340        2.26593e-05
341        2.24298e-05
342        2.21505e-05
343        2.21822e-05
344        2.21533e-05
345        2.16299e-05
346        2.15982e-05
347        2.19415e-05
348        2.19546e-05
349        2.18731e-05
350        2.12679e-05
351        2.05683e-05
352        2.04276e-05
353        2.05062e-05
354        2.07998e-05
355        2.1041e-05
356        2.15333e-05
357        2.19329e-05
358        2.19554e-05
359        2.18422e-05
360        2.10768e-05
361        2.12509e-05
362        2.21725e-05
363        2.22688e-05
364        2.16175e-05
365        2.0873e-05
366        2.07971e-05
367        2.12504e-05
368        2.17158e-05
369        2.24503e-05
370        2.28204e-05
371        2.24047e-05
372        2.19816e-05
373        2.16826e-05
374        2.18866e-05
375        2.22411e-05
376        2.1953e-05
377        2.21584e-05
378        2.24201e-05
379        2.20991e-05
380        2.17452e-05
381        2.17444e-05
382        2.22008e-05
383        2.28452e-05
384        2.35874e-05
385        2.324e-05 
386        2.25607e-05
387        2.24552e-05
388        2.25614e-05
389        2.24702e-05
390        2.19071e-05
391        2.20473e-05
392        2.27327e-05
393        2.23127e-05
394        2.17609e-05
395        2.175e-05 
396        2.19081e-05
397        2.24251e-05
398        2.26353e-05
399        2.25873e-05
400        2.30544e-05
401        2.39658e-05
402        2.38356e-05
403        2.34734e-05
404        2.24942e-05
405        2.15967e-05
406        2.1282e-05
407        2.09926e-05
408        2.04076e-05
409        2.10398e-05
410        2.16853e-05
411        2.19665e-05
412        2.25632e-05
413        2.28454e-05
414        2.30584e-05
415        2.30227e-05
416        2.31406e-05
417        2.3168e-05
418        2.31494e-05
419        2.25351e-05
420        2.21157e-05
421        2.24217e-05
422        2.22306e-05
423        2.24004e-05
424        2.30334e-05
425        2.35087e-05
426        2.37377e-05
427        2.30784e-05
428        2.26295e-05
429        2.29563e-05
430        2.34032e-05
431        2.38551e-05
432        2.34034e-05
433        2.19684e-05
434        2.0646e-05
435        2.02425e-05
436        1.97776e-05
437        1.96578e-05
438        2.103e-05 
439        2.20886e-05
440        2.2472e-05
441        2.20976e-05
442        2.10433e-05
443        2.0825e-05
444        2.17919e-05
445        2.26724e-05
446        2.2343e-05
447        2.21026e-05
448        2.24846e-05
449        2.24373e-05
450        2.21506e-05
451        2.15055e-05
452        2.10786e-05
453        2.13331e-05
454        2.16364e-05
455        2.24087e-05
456        2.28453e-05
457        2.29733e-05
458        2.31318e-05
459        2.24993e-05
460        2.16862e-05
461        2.13574e-05
462        2.19179e-05
463        2.23507e-05
464        2.21229e-05
465        2.16931e-05
466        2.12966e-05
467        2.08938e-05
468        2.10835e-05
469        2.10534e-05
470        2.06746e-05
471        2.09938e-05
472        2.16155e-05
473        2.26774e-05
474        2.35724e-05
475        2.34105e-05
476        2.25451e-05
477        2.1949e-05
478        2.18807e-05
479        2.29921e-05
480        2.39114e-05
481        2.41032e-05
482        2.38623e-05
483        2.26412e-05
484        2.16509e-05
485        2.15889e-05
486        2.16584e-05
487        2.14335e-05
488        2.10835e-05
489        2.13033e-05
490        2.14821e-05
491        2.18407e-05
492        2.19349e-05
493        2.16549e-05
494        2.17024e-05
495        2.22879e-05
496        2.25814e-05
497        2.23423e-05
498        2.15707e-05
499        2.11368e-05
500        2.14578e-05
501        2.15607e-05
502        2.12882e-05
503        2.12484e-05
504        2.08204e-05
505        2.04928e-05
506        2.0762e-05
507        2.17294e-05
508        2.33612e-05
509        2.40349e-05
510        2.38918e-05
511        2.34939e-05
512        2.29237e-05
513        2.1759e-05
514        2.12251e-05
515        2.08702e-05
516        2.06442e-05
517        2.05304e-05
518        2.1114e-05
519        2.16139e-05
520        2.2012e-05
521        2.28783e-05
522        2.29237e-05
523        2.25234e-05
524        2.22802e-05
525        2.1959e-05
526        2.22581e-05
527        2.25899e-05
528        2.20975e-05
529        2.17358e-05
530        2.09141e-05
531        2.00925e-05
532        2.03942e-05
533        2.14279e-05
534        2.22567e-05
535        2.24854e-05
536        2.19519e-05
537        2.1156e-05
538        2.13232e-05
539        2.16521e-05
540        2.16582e-05
541        2.19514e-05
542        2.22976e-05
543        2.21826e-05
544        2.16526e-05
545        2.20663e-05
546        2.24817e-05
547        2.21203e-05
548        2.21914e-05
549        2.21537e-05
550        2.12079e-05
551        2.04555e-05
552        2.02715e-05
553        2.02418e-05
554        1.99789e-05
555        2.05481e-05
556        2.08676e-05
557        2.06417e-05
558        2.1091e-05
559        2.17206e-05
560        2.21064e-05
561        2.16679e-05
562        2.10243e-05
563        2.07175e-05
564        2.04681e-05
565        2.08524e-05
566        2.07908e-05
567        2.07301e-05
568        2.08105e-05
569        2.04965e-05
570        2.07129e-05
571        2.12643e-05
572        2.20093e-05
573        2.2425e-05
574        2.2062e-05
575        2.11895e-05
576        2.06298e-05
577        2.06983e-05
578        2.06757e-05
579        2.12373e-05
580        2.11813e-05
581        2.03564e-05
582        2.0518e-05
583        2.02908e-05
584        2.00863e-05
585        2.09514e-05
586        2.19394e-05
587        2.24602e-05
588        2.31178e-05
589        2.40318e-05
590        2.32275e-05
591        2.1492e-05
592        2.08027e-05
593        2.11079e-05
594        2.20181e-05
595        2.18189e-05
596        2.19333e-05
597        2.21778e-05
598        2.10244e-05
599        2.07271e-05
600        2.10925e-05
601        2.08844e-05
602        2.09578e-05
603        2.10634e-05
604        2.09723e-05
605        2.09186e-05
606        2.13008e-05
607        2.16757e-05
608        2.2363e-05
609        2.24662e-05
610        2.17623e-05
611        2.12321e-05
612        2.164e-05 
613        2.15907e-05
614        2.09528e-05
615        2.06167e-05
616        2.0793e-05
617        2.12479e-05
618        2.10582e-05
619        2.01629e-05
620        1.97711e-05
621        2.01836e-05
622        2.1421e-05
623        2.21185e-05
624        2.26601e-05
625        2.29223e-05
626        2.18994e-05
627        2.12584e-05
628        2.14337e-05
629        2.05944e-05
630        1.97228e-05
631        2.00131e-05
632        2.02816e-05
633        2.13832e-05
634        2.2941e-05
635        2.31591e-05
636        2.28482e-05
637        2.29051e-05
638        2.21816e-05
639        2.09535e-05
640        2.03666e-05
641        2.07684e-05
642        2.16214e-05
643        2.22579e-05
644        2.24884e-05
645        2.25407e-05
646        2.25066e-05
647        2.28283e-05
648        2.27512e-05
649        2.22297e-05
650        2.15069e-05
651        2.0965e-05
652        2.13122e-05
653        2.19969e-05
654        2.29563e-05
655        2.34826e-05
656        2.33677e-05
657        2.38823e-05
658        2.39708e-05
659        2.22759e-05
660        2.09405e-05
661        2.15705e-05
662        2.25157e-05
663        2.31807e-05
664        2.27403e-05
665        2.26002e-05
666        2.29129e-05
667        2.25005e-05
668        2.22881e-05
669        2.21881e-05
670        2.22978e-05
671        2.24814e-05
672        2.17523e-05
673        2.1088e-05
674        2.11611e-05
675        2.09803e-05
676        2.1347e-05
677        2.21397e-05
678        2.25955e-05
679        2.2634e-05
680        2.23271e-05
681        2.23991e-05
682        2.27729e-05
683        2.32489e-05
684        2.32959e-05
685        2.22756e-05
686        2.12715e-05
687        2.07722e-05
688        2.01473e-05
689        2.06395e-05
690        2.07477e-05
691        1.9986e-05
692        1.95806e-05
693        1.99783e-05
694        2.06341e-05
695        2.10023e-05
696        2.1293e-05
697        2.11434e-05
698        2.15377e-05
699        2.24504e-05
700        2.29452e-05
701        2.28915e-05
702        2.25301e-05
703        2.19469e-05
704        2.14063e-05
705        2.19405e-05
706        2.21674e-05
707        2.23182e-05
708        2.23518e-05
709        2.19829e-05
710        2.24723e-05
711        2.32364e-05
712        2.32813e-05
713        2.31719e-05
714        2.24906e-05
715        2.18857e-05
716        2.16307e-05
717        2.07954e-05
718        2.06959e-05
719        2.15617e-05
720        2.18392e-05
721        2.17943e-05
722        2.24539e-05
723        2.33676e-05
724        2.36926e-05
725        2.33949e-05
726        2.30348e-05
727        2.28772e-05
728        2.26384e-05
729        2.23232e-05
730        2.2128e-05
731        2.20377e-05
732        2.16972e-05
733        2.16736e-05
734        2.15318e-05
735        2.1723e-05
736        2.24174e-05
737        2.34028e-05
738        2.39361e-05
739        2.30933e-05
740        2.1774e-05
741        2.12222e-05
742        2.138e-05 
743        2.15357e-05
744        2.15731e-05
745        2.0978e-05
746        2.07011e-05
747        2.13828e-05
748        2.25402e-05
749        2.36546e-05
750        2.3931e-05
751        2.34112e-05
752        2.27824e-05
753        2.21093e-05
754        2.15406e-05
755        2.05912e-05
756        1.94969e-05
757        2.00125e-05
758        2.13307e-05
759        2.24599e-05
760        2.2887e-05
761        2.26793e-05
762        2.22624e-05
763        2.17718e-05
764        2.16706e-05
765        2.20516e-05
766        2.25298e-05
767        2.20323e-05
768        2.12166e-05
769        2.13943e-05
770        2.28428e-05
771        2.40834e-05
772        2.43653e-05
773        2.3995e-05
774        2.27964e-05
775        2.17251e-05
776        2.14268e-05
777        2.12311e-05
778        2.10803e-05
779        2.12735e-05
780        2.17547e-05
781        2.23101e-05
782        2.24779e-05
783        2.278e-05 
784        2.30067e-05
785        2.30329e-05
786        2.35239e-05
787        2.3846e-05
788        2.29928e-05
789        2.14413e-05
790        2.06666e-05
791        2.07048e-05
792        2.07337e-05
793        2.10888e-05
794        2.15422e-05
795        2.10864e-05
796        2.08744e-05
797        2.10721e-05
798        2.20308e-05
799        2.28876e-05
800        2.32468e-05
801        2.33374e-05
802        2.26047e-05
803        2.19376e-05
804        2.14192e-05
805        2.10899e-05
806        2.10729e-05
807        2.12603e-05
808        2.11969e-05
809        2.05255e-05
810        2.11895e-05
811        2.27537e-05
812        2.3634e-05
813        2.35158e-05
814        2.21121e-05
815        2.16472e-05
816        2.20862e-05
817        2.20507e-05
818        2.20542e-05
819        2.1666e-05
820        2.1483e-05
821        2.13765e-05
822        2.1615e-05
823        2.19696e-05
824        2.15657e-05
825        2.16042e-05
826        2.23305e-05
827        2.24698e-05
828        2.19127e-05
829        2.13509e-05
830        2.1845e-05
831        2.20355e-05
832        2.18163e-05
833        2.19395e-05
834        2.23373e-05
835        2.25279e-05
836        2.18213e-05
837        2.14188e-05
838        2.16691e-05
839        2.17422e-05
840        2.16657e-05
841        2.17835e-05
842        2.21033e-05
843        2.24953e-05
844        2.26804e-05
845        2.28381e-05
846        2.31714e-05
847        2.3167e-05
848        2.29416e-05
849        2.20788e-05
850        2.15775e-05
851        2.20315e-05
852        2.29727e-05
853        2.30879e-05
854        2.34063e-05
855        2.34613e-05
856        2.32916e-05
857        2.25749e-05
858        2.12509e-05
859        2.04029e-05
860        2.04431e-05
861        2.1005e-05
862        2.14614e-05
863        2.23978e-05
864        2.30749e-05
865        2.30486e-05
866        2.24536e-05
867        2.13741e-05
868        2.10223e-05
869        2.10446e-05
870        2.20928e-05
871        2.29492e-05
872        2.25396e-05
873        2.17411e-05
874        2.14813e-05
875        2.15245e-05
876        2.20307e-05
877        2.20924e-05
878        2.21281e-05
879        2.203e-05 
880        2.20066e-05
881        2.1755e-05
882        2.13673e-05
883        2.1493e-05
884        2.20334e-05
885        2.24041e-05
886        2.15876e-05
887        2.10155e-05
888        2.12603e-05
889        2.20213e-05
890        2.2832e-05
891        2.31287e-05
892        2.23559e-05
893        2.16039e-05
894        2.17806e-05
895        2.149e-05 
896        2.12925e-05
897        2.19163e-05
898        2.30502e-05
899        2.36129e-05
900        2.29426e-05
901        2.16676e-05
902        2.125e-05 
903        2.14257e-05
904        2.20185e-05
905        2.31472e-05
906        2.31918e-05
907        2.24247e-05
908        2.21835e-05
909        2.25168e-05
910        2.29899e-05
911        2.2482e-05
912        2.20381e-05
913        2.16313e-05
914        2.16644e-05
915        2.17507e-05
916        2.15474e-05
917        2.15157e-05
918        2.18447e-05
919        2.18395e-05
920        2.11162e-05
921        2.10269e-05
922        2.12819e-05
923        2.11738e-05
924        2.06266e-05
925        2.05023e-05
926        2.1099e-05
927        2.13441e-05
928        2.13171e-05
929        2.08673e-05
930        2.02183e-05
931        2.04078e-05
932        2.07781e-05
933        2.11528e-05
934        2.22579e-05
935        2.31932e-05
936        2.30864e-05
937        2.24348e-05
938        2.19633e-05
939        2.17861e-05
940        2.13081e-05
941        2.05199e-05
942        2.00362e-05
943        2.04818e-05
944        2.12077e-05
945        2.19981e-05
946        2.24037e-05
947        2.17624e-05
948        2.12005e-05
949        2.13278e-05
950        2.19408e-05
951        2.28288e-05
952        2.3951e-05
953        2.42874e-05
954        2.3706e-05
955        2.31895e-05
956        2.27855e-05
957        2.20217e-05
958        2.10586e-05
959        2.0567e-05
960        2.05987e-05
961        2.09438e-05
962        2.17101e-05
963        2.23268e-05
964        2.24667e-05
965        2.25573e-05
966        2.19745e-05
967        2.11987e-05
968        2.10356e-05
969        2.1138e-05
970        2.11361e-05
971        2.11471e-05
972        2.19861e-05
973        2.30252e-05
974        2.28216e-05
975        2.24171e-05
976        2.14956e-05
977        2.02004e-05
978        2.03405e-05
979        2.13818e-05
980        2.19802e-05
981        2.23008e-05
982        2.22382e-05
983        2.19841e-05
984        2.14435e-05
985        2.14984e-05
986        2.20203e-05
987        2.20039e-05
988        2.20917e-05
989        2.1722e-05
990        2.1135e-05
991        2.07897e-05
992        2.08169e-05
993        2.11815e-05
994        2.18709e-05
995        2.27092e-05
996        2.32719e-05
997        2.29158e-05
998        2.24506e-05
999        2.26829e-05
1000       2.27114e-05
1001       2.32442e-05
1002       2.40253e-05
1003       2.42865e-05
1004       2.41426e-05
1005       2.36073e-05
1006       2.26981e-05
1007       2.20118e-05
1008       2.22079e-05
1009       2.24241e-05
1010       2.24765e-05
1011       2.22613e-05
1012       2.21854e-05
1013       2.27869e-05
1014       2.28364e-05
1015       2.18493e-05
1016       2.13377e-05
1017       2.08002e-05
1018       2.06675e-05
1019       2.17938e-05
1020       2.24944e-05
1021       2.22498e-05
1022       2.1822e-05
1023       2.14353e-05
1024       2.19708e-05
1025       2.22869e-05
1026       2.22924e-05
1027       2.1967e-05
1028       2.11117e-05
1029       2.10378e-05
1030       2.13885e-05
1031       2.23069e-05
1032       2.30528e-05
1033       2.35336e-05
1034       2.37945e-05
1035       2.34539e-05
1036       2.23783e-05
1037       2.17543e-05
1038       2.15998e-05
1039       2.18885e-05
1040       2.26134e-05
1041       2.25208e-05
1042       2.19724e-05
1043       2.13783e-05
1044       2.16261e-05
1045       2.23683e-05
1046       2.25925e-05
1047       2.25587e-05
1048       2.30046e-05
1049       2.32165e-05
1050       2.26308e-05
1051       2.15831e-05
1052       2.07912e-05
1053       2.02724e-05
1054       2.01149e-05
1055       2.05867e-05
1056       2.16384e-05
1057       2.27002e-05
1058       2.35534e-05
1059       2.35838e-05
1060       2.27355e-05
1061       2.09605e-05
1062       2.03039e-05
1063       2.04664e-05
1064       2.0874e-05
1065       2.08738e-05
1066       2.08257e-05
1067       2.13514e-05
1068       2.25195e-05
1069       2.3719e-05
1070       2.51069e-05
1071       2.52359e-05
1072       2.43792e-05
1073       2.24607e-05
1074       2.06802e-05
1075       2.01728e-05
1076       2.06822e-05
1077       2.15662e-05
1078       2.19565e-05
1079       2.16674e-05
1080       2.16423e-05
1081       2.23942e-05
1082       2.33061e-05
1083       2.38205e-05
1084       2.27954e-05
1085       2.15239e-05
1086       2.13849e-05
1087       2.24607e-05
1088       2.28798e-05
1089       2.32934e-05
1090       2.37906e-05
1091       2.43561e-05
1092       2.45407e-05
1093       2.35176e-05
1094       2.30995e-05
1095       2.26636e-05
1096       2.14497e-05
1097       2.10977e-05
1098       2.05703e-05
1099       2.02737e-05
1100       2.02381e-05
1101       2.00059e-05
1102       2.07115e-05
1103       2.21514e-05
1104       2.32995e-05
1105       2.37329e-05
1106       2.33337e-05
1107       2.32241e-05
1108       2.2904e-05
1109       2.25973e-05
1110       2.33564e-05
1111       2.35778e-05
1112       2.38732e-05
1113       2.34058e-05
1114       2.23553e-05
1115       2.19967e-05
1116       2.17907e-05
1117       2.19814e-05
1118       2.22748e-05
1119       2.25989e-05
1120       2.27302e-05
1121       2.29361e-05
1122       2.28265e-05
1123       2.29694e-05
1124       2.35549e-05
1125       2.37789e-05
1126       2.3685e-05
1127       2.38334e-05
1128       2.36476e-05
1129       2.37436e-05
1130       2.34207e-05
1131       2.28469e-05
1132       2.25847e-05
1133       2.28561e-05
1134       2.30335e-05
1135       2.3469e-05
1136       2.38325e-05
1137       2.3644e-05
1138       2.30808e-05
1139       2.25559e-05
1140       2.219e-05 
1141       2.17778e-05
1142       2.16863e-05
1143       2.26483e-05
1144       2.32806e-05
1145       2.38916e-05
1146       2.43576e-05
1147       2.44261e-05
1148       2.37491e-05
1149       2.26793e-05
1150       2.18971e-05
1151       2.10381e-05
1152       2.04681e-05
1153       2.01415e-05
1154       1.97456e-05
1155       2.00879e-05
1156       2.09202e-05
1157       2.128e-05 
1158       2.09608e-05
1159       2.10493e-05
1160       2.10649e-05
1161       2.07133e-05
1162       2.06367e-05
1163       2.10288e-05
1164       2.09338e-05
1165       2.12536e-05
1166       2.182e-05 
1167       2.27073e-05
1168       2.38565e-05
1169       2.38008e-05
1170       2.33303e-05
1171       2.24581e-05
1172       2.16811e-05
1173       2.14606e-05
1174       2.11038e-05
1175       2.12759e-05
1176       2.10151e-05
1177       1.99512e-05
1178       2.04383e-05
1179       2.21216e-05
1180       2.28199e-05
1181       2.23051e-05
1182       2.15339e-05
1183       2.14028e-05
1184       2.16932e-05
1185       2.1597e-05
1186       2.15529e-05
1187       2.19376e-05
1188       2.19264e-05
1189       2.12526e-05
1190       2.07255e-05
1191       2.04053e-05
1192       2.0183e-05
1193       1.98649e-05
1194       1.98976e-05
1195       2.01661e-05
1196       1.99257e-05
1197       1.94872e-05
1198       2.01484e-05
1199       2.15913e-05
1200       2.2243e-05
1201       2.17974e-05
1202       2.12242e-05
1203       2.08818e-05
1204       2.13405e-05
1205       2.19444e-05
1206       2.26062e-05
1207       2.26367e-05
1208       2.23236e-05
1209       2.1804e-05
1210       2.15118e-05
1211       2.23673e-05
1212       2.34841e-05
1213       2.39774e-05
1214       2.29546e-05
1215       2.13662e-05
1216       1.99869e-05
1217       1.97419e-05
1218       2.09737e-05
1219       2.16548e-05
1220       2.12605e-05
1221       2.12523e-05
1222       2.14521e-05
1223       2.15344e-05
1224       2.11857e-05
1225       2.08947e-05
1226       2.03527e-05
1227       2.02649e-05
1228       2.03379e-05
1229       2.05412e-05
1230       2.08769e-05
1231       2.05642e-05
1232       2.16229e-05
1233       2.25652e-05
1234       2.33431e-05
1235       2.35915e-05
1236       2.36676e-05
1237       2.3203e-05
1238       2.26747e-05
1239       2.28099e-05
1240       2.30378e-05
1241       2.37463e-05
1242       2.39951e-05
1243       2.29515e-05
1244       2.25806e-05
1245       2.29794e-05
1246       2.29315e-05
1247       2.2862e-05
1248       2.30292e-05
1249       2.34049e-05
1250       2.34416e-05
1251       2.37651e-05
1252       2.41795e-05
1253       2.35529e-05
1254       2.28081e-05
1255       2.21627e-05
1256       2.13387e-05
1257       2.16133e-05
1258       2.29314e-05
1259       2.35275e-05
1260       2.29297e-05
1261       2.2181e-05
1262       2.18746e-05
1263       2.13627e-05
1264       2.10811e-05
1265       2.11423e-05
1266       2.1266e-05
1267       2.18891e-05
1268       2.28645e-05
1269       2.30031e-05
1270       2.2174e-05
1271       2.21691e-05
1272       2.29958e-05
1273       2.33334e-05
1274       2.36877e-05
1275       2.33671e-05
1276       2.24762e-05
1277       2.2006e-05
1278       2.19332e-05
1279       2.20787e-05
1280       2.16243e-05
1281       2.12068e-05
1282       2.15572e-05
1283       2.18577e-05
1284       2.2892e-05
1285       2.39682e-05
1286       2.44587e-05
1287       2.4476e-05
1288       2.37555e-05
1289       2.30709e-05
1290       2.22749e-05
1291       2.20403e-05
1292       2.23858e-05
1293       2.21347e-05
1294       2.22409e-05
1295       2.25585e-05
1296       2.25424e-05
1297       2.2006e-05
1298       2.2103e-05
1299       2.24793e-05
1300       2.21745e-05
1301       2.24744e-05
1302       2.29086e-05
1303       2.20841e-05
1304       2.09845e-05
1305       2.04362e-05
1306       2.09775e-05
1307       2.14964e-05
1308       2.10033e-05
1309       2.07722e-05
1310       2.0562e-05
1311       2.0258e-05
1312       2.03316e-05
1313       2.03615e-05
1314       2.14032e-05
1315       2.2512e-05
1316       2.25671e-05
1317       2.20667e-05
1318       2.20775e-05
1319       2.21845e-05
1320       2.21831e-05
1321       2.15062e-05
1322       2.06806e-05
1323       2.04197e-05
1324       2.06137e-05
1325       2.13776e-05
1326       2.16421e-05
1327       2.15412e-05
1328       2.21136e-05
1329       2.22823e-05
1330       2.17119e-05
1331       2.10984e-05
1332       2.09951e-05
1333       2.11985e-05
1334       2.14408e-05
1335       2.16969e-05
1336       2.23127e-05
1337       2.33409e-05
1338       2.3684e-05
1339       2.3212e-05
1340       2.30527e-05
1341       2.28592e-05
1342       2.18565e-05
1343       2.12135e-05
1344       2.11309e-05
1345       2.20152e-05
1346       2.21966e-05
1347       2.23037e-05
1348       2.31243e-05
1349       2.32558e-05
1350       2.24197e-05
1351       2.13804e-05
1352       2.0555e-05
1353       2.0687e-05
1354       2.13446e-05
1355       2.27264e-05
1356       2.3276e-05
1357       2.24903e-05
1358       2.21255e-05
1359       2.2056e-05
1360       2.18138e-05
1361       2.11983e-05
1362       2.08501e-05
1363       2.07223e-05
1364       2.05121e-05
1365       2.05888e-05
1366       2.03493e-05
1367       2.09312e-05
1368       2.16268e-05
1369       2.13891e-05
1370       2.13648e-05
1371       2.15313e-05
1372       2.18733e-05
1373       2.22087e-05
1374       2.27624e-05
1375       2.24554e-05
1376       2.20429e-05
1377       2.20872e-05
1378       2.18054e-05
1379       2.10151e-05
1380       2.08408e-05
1381       2.12717e-05
1382       2.20705e-05
1383       2.2691e-05
1384       2.30925e-05
1385       2.22738e-05
1386       2.14901e-05
1387       2.17409e-05
1388       2.18442e-05
1389       2.21133e-05
1390       2.23059e-05
1391       2.25159e-05
1392       2.26157e-05
1393       2.25669e-05
1394       2.25013e-05
1395       2.28954e-05
1396       2.30301e-05
1397       2.23517e-05
1398       2.1975e-05
1399       2.2302e-05
1400       2.26348e-05
1401       2.17921e-05
1402       2.11634e-05
1403       2.20684e-05
1404       2.27854e-05
1405       2.24874e-05
1406       2.22545e-05
1407       2.20609e-05
1408       2.14055e-05
1409       2.08933e-05
1410       2.0769e-05
1411       2.12864e-05
1412       2.24486e-05
1413       2.34493e-05
1414       2.33222e-05
1415       2.19977e-05
1416       2.0865e-05
1417       2.03874e-05
1418       2.03852e-05
1419       2.10106e-05
1420       2.24837e-05
1421       2.42838e-05
1422       2.52396e-05
1423       2.49085e-05
1424       2.34028e-05
1425       2.21182e-05
1426       2.08342e-05
1427       2.0621e-05
1428       2.10614e-05
1429       2.09117e-05
1430       2.09699e-05
1431       2.07361e-05
1432       2.0548e-05
1433       2.04497e-05
1434       2.0318e-05
1435       2.0281e-05
1436       2.05458e-05
1437       2.12734e-05
1438       2.17308e-05
1439       2.18171e-05
1440       2.11963e-05
1441       2.03612e-05
1442       2.05184e-05
1443       2.12377e-05
1444       2.11605e-05
1445       2.04224e-05
1446       2.03405e-05
1447       1.99251e-05
1448       2.00592e-05
1449       2.07974e-05
1450       2.10417e-05
1451       2.07403e-05
1452       2.06641e-05
1453       2.1531e-05
1454       2.23662e-05
1455       2.22549e-05
1456       2.17931e-05
1457       2.14329e-05
1458       2.10278e-05
1459       2.16059e-05
1460       2.20722e-05
1461       2.21584e-05
1462       2.13951e-05
1463       2.03738e-05
1464       1.98809e-05
1465       2.12175e-05
1466       2.23961e-05
1467       2.23766e-05
1468       2.17239e-05
1469       2.11753e-05
1470       2.10044e-05
1471       2.17122e-05
1472       2.23613e-05
1473       2.20881e-05
1474       2.19261e-05
1475       2.19291e-05
1476       2.13874e-05
1477       2.06041e-05
1478       2.03434e-05
1479       2.06679e-05
1480       2.13391e-05
1481       2.18516e-05
1482       2.28232e-05
1483       2.3028e-05
1484       2.21257e-05
1485       2.11156e-05
1486       2.11309e-05
1487       2.17596e-05
1488       2.23025e-05
1489       2.31018e-05
1490       2.42563e-05
1491       2.47543e-05
1492       2.41907e-05
1493       2.38685e-05
1494       2.43227e-05
1495       2.50452e-05
1496       2.44047e-05
1497       2.29274e-05
1498       2.16468e-05
1499       2.15987e-05
1500       2.21101e-05
1501       2.21805e-05
1502       2.19931e-05
1503       2.15716e-05
1504       2.13716e-05
1505       2.11705e-05
1506       2.0678e-05
1507       2.0392e-05
1508       2.04266e-05
1509       2.05095e-05
1510       2.14408e-05
1511       2.28024e-05
1512       2.40163e-05
1513       2.48187e-05
1514       2.47578e-05
1515       2.40244e-05
1516       2.28287e-05
1517       2.2022e-05
1518       2.15445e-05
1519       2.19766e-05
1520       2.21518e-05
1521       2.18252e-05
1522       2.14625e-05
1523       2.08698e-05
1524       2.10327e-05
1525       2.10968e-05
1526       2.09311e-05
1527       2.13175e-05
1528       2.13158e-05
1529       2.08908e-05
1530       2.04173e-05
1531       2.04893e-05
1532       2.1361e-05
1533       2.26268e-05
1534       2.31199e-05
1535       2.27079e-05
1536       2.21911e-05
1537       2.2049e-05
1538       2.22165e-05
1539       2.22294e-05
1540       2.23791e-05
1541       2.29062e-05
1542       2.36036e-05
1543       2.37535e-05
1544       2.26532e-05
1545       2.15391e-05
1546       2.16343e-05
1547       2.1381e-05
1548       2.08887e-05
1549       2.05892e-05
1550       2.02569e-05
1551       2.08643e-05
1552       2.13545e-05
1553       2.14525e-05
1554       2.1831e-05
1555       2.23385e-05
1556       2.28722e-05
1557       2.27783e-05
1558       2.16867e-05
1559       2.07314e-05
1560       2.05049e-05
1561       2.05884e-05
1562       2.14517e-05
1563       2.22043e-05
1564       2.2067e-05
1565       2.17303e-05
1566       2.23363e-05
1567       2.28239e-05
1568       2.26988e-05
1569       2.27532e-05
1570       2.30241e-05
1571       2.26247e-05
1572       2.22164e-05
1573       2.23267e-05
1574       2.26266e-05
1575       2.29338e-05
1576       2.27336e-05
1577       2.225e-05 
1578       2.19487e-05
1579       2.19439e-05
1580       2.22411e-05
1581       2.29492e-05
1582       2.28115e-05
1583       2.13332e-05
1584       2.01702e-05
1585       1.96849e-05
1586       2.01856e-05
1587       2.0825e-05
1588       2.15886e-05
1589       2.19223e-05
1590       2.19026e-05
1591       2.21049e-05
1592       2.18986e-05
1593       2.23301e-05
1594       2.25406e-05
1595       2.2216e-05
1596       2.17536e-05
1597       2.17842e-05
1598       2.27242e-05
1599       2.32638e-05
1600       2.24036e-05
