# Freq.    Mag.
0          0.000134627
0.0625     0.000130259
0.125      8.7531e-05
0.1875     2.78908e-05
0.25       1.02909e-05
0.3125     1.14662e-05
0.375      1.33121e-05
0.4375     1.55071e-05
0.5        1.73381e-05
0.5625     1.85839e-05
0.625      1.84095e-05
0.6875     1.6154e-05
0.75       1.47286e-05
0.8125     1.60769e-05
0.875      1.85362e-05
0.9375     2.02686e-05
1          1.95183e-05
1.0625     1.80545e-05
1.125      1.77388e-05
1.1875     1.91214e-05
1.25       2.01597e-05
1.3125     2.11038e-05
1.375      2.25863e-05
1.4375     2.27267e-05
1.5        2.08091e-05
1.5625     1.90562e-05
1.625      1.89747e-05
1.6875     2.0002e-05
1.75       2.15744e-05
1.8125     2.28164e-05
1.875      2.34835e-05
1.9375     2.25571e-05
2          2.12882e-05
2.0625     1.99603e-05
2.125      1.8219e-05
2.1875     1.76701e-05
2.25       1.87844e-05
2.3125     2.00724e-05
2.375      2.01147e-05
2.4375     1.93498e-05
2.5        1.89213e-05
2.5625     1.86032e-05
2.625      1.85872e-05
2.6875     1.8938e-05
2.75       1.9248e-05
2.8125     1.98403e-05
2.875      2.07666e-05
2.9375     2.14683e-05
3          2.15381e-05
3.0625     2.11844e-05
3.125      2.22233e-05
3.1875     2.33516e-05
3.25       2.29533e-05
3.3125     2.26864e-05
3.375      2.21547e-05
3.4375     1.99449e-05
3.5        1.79653e-05
3.5625     1.73844e-05
3.625      1.76505e-05
3.6875     1.79488e-05
3.75       1.81528e-05
3.8125     1.824e-05 
3.875      1.83771e-05
3.9375     1.86099e-05
4          1.98666e-05
4.0625     2.04668e-05
4.125      1.98473e-05
4.1875     2.01056e-05
4.25       2.13374e-05
4.3125     2.19929e-05
4.375      2.10822e-05
4.4375     1.99858e-05
4.5        1.93538e-05
4.5625     1.92415e-05
4.625      1.91934e-05
4.6875     1.89152e-05
4.75       1.82963e-05
4.8125     1.68704e-05
4.875      1.54065e-05
4.9375     1.48957e-05
5          1.50189e-05
5.0625     1.56822e-05
5.125      1.50118e-05
5.1875     1.46827e-05
5.25       1.60539e-05
5.3125     1.85016e-05
5.375      2.10189e-05
5.4375     2.14021e-05
5.5        2.06581e-05
5.5625     1.92579e-05
5.625      1.8234e-05
5.6875     1.76706e-05
5.75       1.79087e-05
5.8125     1.85796e-05
5.875      1.8863e-05
5.9375     1.92088e-05
6          1.8685e-05
6.0625     1.7963e-05
6.125      1.72202e-05
6.1875     1.68855e-05
6.25       1.73808e-05
6.3125     1.83383e-05
6.375      1.83468e-05
6.4375     1.84554e-05
6.5        1.87785e-05
6.5625     1.84941e-05
6.625      2.0378e-05
6.6875     2.25981e-05
6.75       2.23982e-05
6.8125     2.0893e-05
6.875      1.99056e-05
6.9375     1.95701e-05
7          2.01838e-05
7.0625     2.07519e-05
7.125      2.09696e-05
7.1875     2.03231e-05
7.25       1.95812e-05
7.3125     1.85541e-05
7.375      1.64781e-05
7.4375     1.56955e-05
7.5        1.75132e-05
7.5625     2.03518e-05
7.625      2.18906e-05
7.6875     2.22233e-05
7.75       2.1035e-05
7.8125     2.01981e-05
7.875      2.00393e-05
7.9375     2.09005e-05
8          2.17858e-05
8.0625     2.07096e-05
8.125      1.90984e-05
8.1875     1.94819e-05
8.25       1.94166e-05
8.3125     1.86918e-05
8.375      1.71908e-05
8.4375     1.66659e-05
8.5        1.78241e-05
8.5625     1.80742e-05
8.625      1.81584e-05
8.6875     1.96922e-05
8.75       1.9687e-05
8.8125     1.88046e-05
8.875      1.93173e-05
8.9375     2.02754e-05
9          2.12591e-05
9.0625     2.07618e-05
9.125      2.10031e-05
9.1875     2.10378e-05
9.25       1.92191e-05
9.3125     1.69691e-05
9.375      1.67096e-05
9.4375     1.7066e-05
9.5        1.79067e-05
9.5625     1.86041e-05
9.625      1.91816e-05
9.6875     1.98753e-05
9.75       1.94502e-05
9.8125     1.843e-05 
9.875      1.73317e-05
9.9375     1.64696e-05
10         1.63561e-05
10.0625    1.57787e-05
10.125     1.63707e-05
10.1875    1.8439e-05
10.25      1.97836e-05
10.3125    1.98484e-05
10.375     1.84144e-05
10.4375    1.68386e-05
10.5       1.72253e-05
10.5625    1.85857e-05
10.625     1.94229e-05
10.6875    1.89151e-05
10.75      1.83755e-05
10.8125    1.84282e-05
10.875     1.90164e-05
10.9375    2.06349e-05
11         2.16378e-05
11.0625    2.16344e-05
11.125     2.00929e-05
11.1875    1.8171e-05
11.25      1.70801e-05
11.3125    1.62308e-05
11.375     1.7141e-05
11.4375    1.92066e-05
11.5       1.97391e-05
11.5625    1.822e-05 
11.625     1.7426e-05
11.6875    1.80009e-05
11.75      1.92538e-05
11.8125    2.01725e-05
11.875     2.02135e-05
11.9375    2.04513e-05
12         1.98249e-05
12.0625    1.96617e-05
12.125     1.9956e-05
12.1875    2.05016e-05
12.25      1.98639e-05
12.3125    1.87416e-05
12.375     1.72494e-05
12.4375    1.74514e-05
12.5       1.95392e-05
12.5625    2.07941e-05
12.625     2.02749e-05
12.6875    1.98492e-05
12.75      1.99119e-05
12.8125    1.95635e-05
12.875     1.91506e-05
12.9375    1.83975e-05
13         1.73226e-05
13.0625    1.65556e-05
13.125     1.65663e-05
13.1875    1.65498e-05
13.25      1.60977e-05
13.3125    1.48076e-05
13.375     1.41427e-05
13.4375    1.48657e-05
13.5       1.57872e-05
13.5625    1.5835e-05
13.625     1.56767e-05
13.6875    1.46184e-05
13.75      1.33292e-05
13.8125    1.42022e-05
13.875     1.63407e-05
13.9375    1.71194e-05
14         1.6649e-05
14.0625    1.54296e-05
14.125     1.5308e-05
14.1875    1.56837e-05
14.25      1.59785e-05
14.3125    1.72553e-05
14.375     1.8127e-05
14.4375    1.78308e-05
14.5       1.81318e-05
14.5625    1.94242e-05
14.625     1.9348e-05
14.6875    1.78535e-05
14.75      1.56476e-05
14.8125    1.45802e-05
14.875     1.51551e-05
14.9375    1.62336e-05
15         1.58566e-05
15.0625    1.56982e-05
15.125     1.7853e-05
15.1875    1.91109e-05
15.25      1.87431e-05
15.3125    1.84031e-05
15.375     1.79697e-05
15.4375    1.85783e-05
15.5       1.94358e-05
15.5625    1.95222e-05
15.625     1.81325e-05
15.6875    1.63416e-05
15.75      1.6118e-05
15.8125    1.74419e-05
15.875     1.90541e-05
15.9375    1.9357e-05
16         1.82483e-05
16.0625    1.71704e-05
16.125     1.68108e-05
16.1875    1.69537e-05
16.25      1.73164e-05
16.3125    1.74526e-05
16.375     1.71414e-05
16.4375    1.65372e-05
16.5       1.65728e-05
16.5625    1.67019e-05
16.625     1.57952e-05
16.6875    1.53479e-05
16.75      1.61892e-05
16.8125    1.65962e-05
16.875     1.62096e-05
16.9375    1.59577e-05
17         1.58721e-05
17.0625    1.69152e-05
17.125     1.84591e-05
17.1875    1.84841e-05
17.25      1.77124e-05
17.3125    1.67609e-05
17.375     1.58103e-05
17.4375    1.56941e-05
17.5       1.54972e-05
17.5625    1.45662e-05
17.625     1.45588e-05
17.6875    1.50938e-05
17.75      1.65987e-05
17.8125    1.76918e-05
17.875     1.72722e-05
17.9375    1.73349e-05
18         1.81324e-05
18.0625    1.89085e-05
18.125     1.88279e-05
18.1875    1.82986e-05
18.25      1.83441e-05
18.3125    1.91315e-05
18.375     2.04162e-05
18.4375    2.06073e-05
18.5       1.92728e-05
18.5625    1.77699e-05
18.625     1.68768e-05
18.6875    1.60967e-05
18.75      1.52122e-05
18.8125    1.46328e-05
18.875     1.5898e-05
18.9375    1.75565e-05
19         1.82813e-05
19.0625    1.73943e-05
19.125     1.68877e-05
19.1875    1.73158e-05
19.25      1.79511e-05
19.3125    1.97828e-05
19.375     2.07991e-05
19.4375    2.11494e-05
19.5       2.01586e-05
19.5625    1.86836e-05
19.625     1.80215e-05
19.6875    1.81472e-05
19.75      1.87061e-05
19.8125    1.78967e-05
19.875     1.70308e-05
19.9375    1.73629e-05
20         1.74799e-05
20.0625    1.74116e-05
20.125     1.75075e-05
20.1875    1.75571e-05
20.25      1.72244e-05
20.3125    1.68564e-05
20.375     1.69363e-05
20.4375    1.7563e-05
20.5       1.75938e-05
20.5625    1.81604e-05
20.625     1.75806e-05
20.6875    1.59471e-05
20.75      1.50133e-05
20.8125    1.58955e-05
20.875     1.79653e-05
20.9375    1.84141e-05
21         1.7195e-05
21.0625    1.5342e-05
21.125     1.49585e-05
21.1875    1.57027e-05
21.25      1.66827e-05
21.3125    1.78658e-05
21.375     1.90484e-05
21.4375    1.96093e-05
21.5       1.85751e-05
21.5625    1.76893e-05
21.625     1.72237e-05
21.6875    1.76052e-05
21.75      1.8335e-05
21.8125    1.91186e-05
21.875     1.96002e-05
21.9375    1.92519e-05
22         1.90518e-05
22.0625    1.7875e-05
22.125     1.64034e-05
22.1875    1.58466e-05
22.25      1.56457e-05
22.3125    1.59389e-05
22.375     1.59576e-05
22.4375    1.50396e-05
22.5       1.5119e-05
22.5625    1.61868e-05
22.625     1.66184e-05
22.6875    1.58356e-05
22.75      1.5518e-05
22.8125    1.60149e-05
22.875     1.67266e-05
22.9375    1.70225e-05
23         1.77516e-05
23.0625    1.80394e-05
23.125     1.74929e-05
23.1875    1.64966e-05
23.25      1.62882e-05
23.3125    1.72618e-05
23.375     1.75822e-05
23.4375    1.6951e-05
23.5       1.64784e-05
23.5625    1.61538e-05
23.625     1.68083e-05
23.6875    1.84092e-05
23.75      1.95566e-05
23.8125    1.94526e-05
23.875     1.81094e-05
23.9375    1.68055e-05
24         1.52859e-05
24.0625    1.50257e-05
24.125     1.62802e-05
24.1875    1.75135e-05
24.25      1.8076e-05
24.3125    1.7767e-05
24.375     1.75819e-05
24.4375    1.71759e-05
24.5       1.70462e-05
24.5625    1.63807e-05
24.625     1.53618e-05
24.6875    1.59398e-05
24.75      1.59482e-05
24.8125    1.5897e-05
24.875     1.56033e-05
24.9375    1.46409e-05
25         1.431e-05 
25.0625    1.44895e-05
25.125     1.58308e-05
25.1875    1.63807e-05
25.25      1.67458e-05
25.3125    1.7043e-05
25.375     1.70639e-05
25.4375    1.70194e-05
25.5       1.66801e-05
25.5625    1.64937e-05
25.625     1.63915e-05
25.6875    1.58059e-05
25.75      1.5318e-05
25.8125    1.51607e-05
25.875     1.51842e-05
25.9375    1.49351e-05
26         1.50675e-05
26.0625    1.55187e-05
26.125     1.49184e-05
26.1875    1.39789e-05
26.25      1.34946e-05
26.3125    1.36395e-05
26.375     1.39376e-05
26.4375    1.38717e-05
26.5       1.39176e-05
26.5625    1.46452e-05
26.625     1.52801e-05
26.6875    1.61308e-05
26.75      1.63171e-05
26.8125    1.66113e-05
26.875     1.80041e-05
26.9375    1.92277e-05
27         1.85846e-05
27.0625    1.61881e-05
27.125     1.38834e-05
27.1875    1.32519e-05
27.25      1.26917e-05
27.3125    1.30256e-05
27.375     1.35093e-05
27.4375    1.27883e-05
27.5       1.17551e-05
27.5625    1.22699e-05
27.625     1.37946e-05
27.6875    1.45404e-05
27.75      1.4158e-05
27.8125    1.39268e-05
27.875     1.5253e-05
27.9375    1.65902e-05
28         1.7472e-05
28.0625    1.70803e-05
28.125     1.56124e-05
28.1875    1.53465e-05
28.25      1.55679e-05
28.3125    1.49715e-05
28.375     1.36612e-05
28.4375    1.35556e-05
28.5       1.53892e-05
28.5625    1.69858e-05
28.625     1.64015e-05
28.6875    1.53539e-05
28.75      1.51894e-05
28.8125    1.4916e-05
28.875     1.56074e-05
28.9375    1.61934e-05
29         1.54165e-05
29.0625    1.41739e-05
29.125     1.40003e-05
29.1875    1.40391e-05
29.25      1.39621e-05
29.3125    1.46109e-05
29.375     1.54768e-05
29.4375    1.59344e-05
29.5       1.50052e-05
29.5625    1.40263e-05
29.625     1.37439e-05
29.6875    1.33647e-05
29.75      1.35405e-05
29.8125    1.35746e-05
29.875     1.41226e-05
29.9375    1.47877e-05
30         1.50727e-05
30.0625    1.49624e-05
30.125     1.48885e-05
30.1875    1.51533e-05
30.25      1.55113e-05
30.3125    1.56589e-05
30.375     1.45196e-05
30.4375    1.36249e-05
30.5       1.34227e-05
30.5625    1.35021e-05
30.625     1.31136e-05
30.6875    1.2511e-05
30.75      1.17053e-05
30.8125    1.1462e-05
30.875     1.29414e-05
30.9375    1.59724e-05
31         1.78383e-05
31.0625    1.82653e-05
31.125     1.75527e-05
31.1875    1.6296e-05
31.25      1.48792e-05
31.3125    1.35932e-05
31.375     1.30602e-05
31.4375    1.33099e-05
31.5       1.34458e-05
31.5625    1.4225e-05
31.625     1.46783e-05
31.6875    1.46961e-05
31.75      1.44291e-05
31.8125    1.43441e-05
31.875     1.33317e-05
31.9375    1.19763e-05
32         1.23497e-05
32.0625    1.33528e-05
32.125     1.42089e-05
32.1875    1.46291e-05
32.25      1.42711e-05
32.3125    1.34798e-05
32.375     1.25876e-05
32.4375    1.26042e-05
32.5       1.35459e-05
32.5625    1.40891e-05
32.625     1.41999e-05
32.6875    1.36693e-05
32.75      1.26468e-05
32.8125    1.15494e-05
32.875     1.10787e-05
32.9375    1.18224e-05
33         1.3218e-05
33.0625    1.41689e-05
33.125     1.40735e-05
33.1875    1.3286e-05
33.25      1.30485e-05
33.3125    1.3769e-05
33.375     1.52231e-05
33.4375    1.50273e-05
33.5       1.3825e-05
33.5625    1.34682e-05
33.625     1.38733e-05
33.6875    1.43403e-05
33.75      1.45527e-05
33.8125    1.4084e-05
33.875     1.37755e-05
33.9375    1.29798e-05
34         1.31969e-05
34.0625    1.41337e-05
34.125     1.37127e-05
34.1875    1.29302e-05
34.25      1.27401e-05
34.3125    1.32914e-05
34.375     1.45417e-05
34.4375    1.41972e-05
34.5       1.41219e-05
34.5625    1.40942e-05
34.625     1.29372e-05
34.6875    1.25745e-05
34.75      1.36494e-05
34.8125    1.53239e-05
34.875     1.64282e-05
34.9375    1.62638e-05
35         1.55233e-05
35.0625    1.4331e-05
35.125     1.32299e-05
35.1875    1.26569e-05
35.25      1.32672e-05
35.3125    1.43798e-05
35.375     1.46219e-05
35.4375    1.42953e-05
35.5       1.38151e-05
35.5625    1.50767e-05
35.625     1.67615e-05
35.6875    1.63515e-05
35.75      1.52348e-05
35.8125    1.45334e-05
35.875     1.3523e-05
35.9375    1.21756e-05
36         1.11715e-05
36.0625    1.06043e-05
36.125     1.08876e-05
36.1875    1.24043e-05
36.25      1.35298e-05
36.3125    1.37721e-05
36.375     1.27378e-05
36.4375    1.17584e-05
36.5       1.20781e-05
36.5625    1.3144e-05
36.625     1.34523e-05
36.6875    1.2987e-05
36.75      1.20643e-05
36.8125    1.08829e-05
36.875     1.0923e-05
36.9375    1.1081e-05
37         1.12196e-05
37.0625    1.20602e-05
37.125     1.27458e-05
37.1875    1.26251e-05
37.25      1.22381e-05
37.3125    1.13871e-05
37.375     1.05841e-05
37.4375    1.12197e-05
37.5       1.19375e-05
37.5625    1.20752e-05
37.625     1.18463e-05
37.6875    1.20675e-05
37.75      1.24299e-05
37.8125    1.21275e-05
37.875     1.21072e-05
37.9375    1.25291e-05
38         1.26378e-05
38.0625    1.27606e-05
38.125     1.27958e-05
38.1875    1.29475e-05
38.25      1.40046e-05
38.3125    1.46108e-05
38.375     1.46219e-05
38.4375    1.43517e-05
38.5       1.40672e-05
38.5625    1.40458e-05
38.625     1.33577e-05
38.6875    1.28399e-05
38.75      1.19435e-05
38.8125    1.14098e-05
38.875     1.17555e-05
38.9375    1.16869e-05
39         1.13164e-05
39.0625    1.15788e-05
39.125     1.20213e-05
39.1875    1.22703e-05
39.25      1.27814e-05
39.3125    1.44792e-05
39.375     1.55024e-05
39.4375    1.50703e-05
39.5       1.41973e-05
39.5625    1.34033e-05
39.625     1.34822e-05
39.6875    1.34185e-05
39.75      1.27065e-05
39.8125    1.19818e-05
39.875     1.10982e-05
39.9375    1.09867e-05
40         1.21553e-05
40.0625    1.36865e-05
40.125     1.37012e-05
40.1875    1.24834e-05
40.25      1.06051e-05
40.3125    9.1417e-06
40.375     8.60166e-06
40.4375    9.47753e-06
40.5       1.11408e-05
40.5625    1.22449e-05
40.625     1.24455e-05
40.6875    1.22908e-05
40.75      1.28444e-05
40.8125    1.2705e-05
40.875     1.16737e-05
40.9375    1.13179e-05
41         1.18391e-05
41.0625    1.28855e-05
41.125     1.4411e-05
41.1875    1.47723e-05
41.25      1.37612e-05
41.3125    1.32862e-05
41.375     1.346e-05 
41.4375    1.31913e-05
41.5       1.27152e-05
41.5625    1.20852e-05
41.625     1.17522e-05
41.6875    1.22164e-05
41.75      1.27465e-05
41.8125    1.29009e-05
41.875     1.26648e-05
41.9375    1.20163e-05
42         1.17854e-05
42.0625    1.25353e-05
42.125     1.30469e-05
42.1875    1.25722e-05
42.25      1.22314e-05
42.3125    1.24314e-05
42.375     1.24169e-05
42.4375    1.20126e-05
42.5       1.10802e-05
42.5625    1.01203e-05
42.625     1.01063e-05
42.6875    1.13735e-05
42.75      1.24631e-05
42.8125    1.27128e-05
42.875     1.20688e-05
42.9375    1.18016e-05
43         1.19161e-05
43.0625    1.18203e-05
43.125     1.19902e-05
43.1875    1.24518e-05
43.25      1.27074e-05
43.3125    1.2559e-05
43.375     1.2064e-05
43.4375    1.22875e-05
43.5       1.26885e-05
43.5625    1.29116e-05
43.625     1.31138e-05
43.6875    1.2797e-05
43.75      1.26341e-05
43.8125    1.22173e-05
43.875     1.17093e-05
43.9375    1.12301e-05
44         1.11204e-05
44.0625    1.16376e-05
44.125     1.22099e-05
44.1875    1.22133e-05
44.25      1.16502e-05
44.3125    1.13418e-05
44.375     1.15875e-05
44.4375    1.24019e-05
44.5       1.20603e-05
44.5625    1.12149e-05
44.625     1.07474e-05
44.6875    1.06859e-05
44.75      1.14491e-05
44.8125    1.15299e-05
44.875     1.15727e-05
44.9375    1.17418e-05
45         1.15207e-05
45.0625    1.13166e-05
45.125     1.08913e-05
45.1875    1.01138e-05
45.25      1.002e-05 
45.3125    1.09999e-05
45.375     1.13831e-05
45.4375    1.09435e-05
45.5       1.10731e-05
45.5625    1.12788e-05
45.625     1.13471e-05
45.6875    1.18197e-05
45.75      1.26357e-05
45.8125    1.2835e-05
45.875     1.15355e-05
45.9375    1.08223e-05
46         1.13574e-05
46.0625    1.16557e-05
46.125     1.14037e-05
46.1875    1.04366e-05
46.25      1.02746e-05
46.3125    1.0764e-05
46.375     1.14292e-05
46.4375    1.15494e-05
46.5       1.07954e-05
46.5625    1.04529e-05
46.625     1.08921e-05
46.6875    1.15694e-05
46.75      1.14556e-05
46.8125    1.14264e-05
46.875     1.18061e-05
46.9375    1.16752e-05
47         1.19139e-05
47.0625    1.17238e-05
47.125     1.14255e-05
47.1875    1.20707e-05
47.25      1.15835e-05
47.3125    1.03694e-05
47.375     9.90492e-06
47.4375    1.01341e-05
47.5       1.07324e-05
47.5625    1.06801e-05
47.625     1.04935e-05
47.6875    9.97078e-06
47.75      9.61726e-06
47.8125    1.03374e-05
47.875     1.19339e-05
47.9375    1.29203e-05
48         1.25878e-05
48.0625    1.17625e-05
48.125     1.1096e-05
48.1875    1.12523e-05
48.25      1.16378e-05
48.3125    1.162e-05 
48.375     1.08281e-05
48.4375    9.85714e-06
48.5       9.12791e-06
48.5625    9.18064e-06
48.625     9.72365e-06
48.6875    1.03198e-05
48.75      1.06206e-05
48.8125    1.12409e-05
48.875     1.18524e-05
48.9375    1.16508e-05
49         1.09641e-05
49.0625    9.80233e-06
49.125     9.58484e-06
49.1875    1.04748e-05
49.25      1.10231e-05
49.3125    1.0879e-05
49.375     1.04757e-05
49.4375    9.67186e-06
49.5       9.96789e-06
49.5625    1.07026e-05
49.625     1.03049e-05
49.6875    9.42477e-06
49.75      8.76836e-06
49.8125    9.37862e-06
49.875     1.00961e-05
49.9375    1.0322e-05
50         9.79953e-06
50.0625    9.30955e-06
50.125     9.8135e-06
50.1875    1.07613e-05
50.25      1.12824e-05
50.3125    1.15892e-05
50.375     1.15877e-05
50.4375    1.11395e-05
50.5       1.19151e-05
50.5625    1.25208e-05
50.625     1.19743e-05
50.6875    1.04602e-05
50.75      9.18671e-06
50.8125    9.33249e-06
50.875     1.04904e-05
50.9375    1.11604e-05
51         1.15205e-05
51.0625    1.12739e-05
51.125     1.11714e-05
51.1875    1.09327e-05
51.25      1.05511e-05
51.3125    9.96705e-06
51.375     9.44631e-06
51.4375    9.62142e-06
51.5       9.70395e-06
51.5625    9.88552e-06
51.625     1.00017e-05
51.6875    9.51933e-06
51.75      8.68561e-06
51.8125    8.35796e-06
51.875     9.22139e-06
51.9375    9.85784e-06
52         1.03161e-05
52.0625    1.09036e-05
52.125     1.11321e-05
52.1875    1.1608e-05
52.25      1.22498e-05
52.3125    1.1765e-05
52.375     1.08601e-05
52.4375    1.10443e-05
52.5       1.15593e-05
52.5625    1.19128e-05
52.625     1.23043e-05
52.6875    1.19382e-05
52.75      1.10002e-05
52.8125    1.02301e-05
52.875     9.37459e-06
52.9375    8.07618e-06
53         8.30051e-06
53.0625    9.38184e-06
53.125     9.55735e-06
53.1875    1.02452e-05
53.25      1.04247e-05
53.3125    1.03268e-05
53.375     1.06839e-05
53.4375    1.06858e-05
53.5       1.07664e-05
53.5625    1.05171e-05
53.625     1.01061e-05
53.6875    1.00618e-05
53.75      9.57303e-06
53.8125    9.44364e-06
53.875     9.52098e-06
53.9375    9.73021e-06
54         1.03454e-05
54.0625    1.08206e-05
54.125     1.12854e-05
54.1875    1.12282e-05
54.25      1.13016e-05
54.3125    1.15391e-05
54.375     1.12475e-05
54.4375    1.05046e-05
54.5       1.00446e-05
54.5625    9.84018e-06
54.625     9.26187e-06
54.6875    9.26659e-06
54.75      1.01927e-05
54.8125    1.08844e-05
54.875     1.15703e-05
54.9375    1.16843e-05
55         1.08692e-05
55.0625    1.0396e-05
55.125     1.0151e-05
55.1875    1.00398e-05
55.25      1.04646e-05
55.3125    1.0879e-05
55.375     1.12211e-05
55.4375    1.13021e-05
55.5       1.05439e-05
55.5625    9.91918e-06
55.625     9.97875e-06
55.6875    1.00996e-05
55.75      9.88373e-06
55.8125    1.00514e-05
55.875     1.03802e-05
55.9375    1.06283e-05
56         1.0729e-05
56.0625    1.03241e-05
56.125     1.02315e-05
56.1875    1.03101e-05
56.25      1.08433e-05
56.3125    1.08847e-05
56.375     1.0587e-05
56.4375    9.92088e-06
56.5       9.8391e-06
56.5625    9.59108e-06
56.625     9.60471e-06
56.6875    1.01641e-05
56.75      1.10517e-05
56.8125    1.1505e-05
56.875     1.06006e-05
56.9375    1.01299e-05
57         1.00908e-05
57.0625    1.0325e-05
57.125     1.10744e-05
57.1875    1.21402e-05
57.25      1.28777e-05
57.3125    1.22556e-05
57.375     1.09156e-05
57.4375    1.0215e-05
57.5       1.00906e-05
57.5625    1.05597e-05
57.625     1.08503e-05
57.6875    1.02192e-05
57.75      9.72123e-06
57.8125    9.48337e-06
57.875     9.4155e-06
57.9375    9.95038e-06
58         1.07154e-05
58.0625    1.11671e-05
58.125     1.10444e-05
58.1875    1.08493e-05
58.25      1.05871e-05
58.3125    1.04586e-05
58.375     1.05655e-05
58.4375    1.0308e-05
58.5       9.93212e-06
58.5625    9.74807e-06
58.625     9.45395e-06
58.6875    9.4811e-06
58.75      9.82891e-06
58.8125    9.90308e-06
58.875     9.85431e-06
58.9375    1.00928e-05
59         1.07264e-05
59.0625    1.1119e-05
59.125     1.09215e-05
59.1875    1.04017e-05
59.25      1.00825e-05
59.3125    1.02454e-05
59.375     1.05744e-05
59.4375    1.0673e-05
59.5       1.01419e-05
59.5625    1.0205e-05
59.625     1.07766e-05
59.6875    1.0883e-05
59.75      1.01341e-05
59.8125    9.0056e-06
59.875     1.00569e-05
59.9375    1.22288e-05
60         1.31993e-05
60.0625    1.32927e-05
60.125     1.10843e-05
60.1875    9.54952e-06
60.25      9.88382e-06
60.3125    1.03607e-05
60.375     1.11764e-05
60.4375    1.19077e-05
60.5       1.17186e-05
60.5625    1.12664e-05
60.625     1.07832e-05
60.6875    1.00723e-05
60.75      9.42874e-06
60.8125    9.00495e-06
60.875     8.75058e-06
60.9375    8.75446e-06
61         8.78277e-06
61.0625    9.16372e-06
61.125     9.3823e-06
61.1875    9.24812e-06
61.25      9.12249e-06
61.3125    9.26485e-06
61.375     9.57985e-06
61.4375    9.58723e-06
61.5       9.60586e-06
61.5625    9.44404e-06
61.625     8.89125e-06
61.6875    8.31592e-06
61.75      8.22694e-06
61.8125    8.61789e-06
61.875     8.89199e-06
61.9375    9.30481e-06
62         9.37527e-06
62.0625    8.91693e-06
62.125     9.26591e-06
62.1875    1.03343e-05
62.25      1.0712e-05
62.3125    1.06139e-05
62.375     9.77224e-06
62.4375    8.13476e-06
62.5       7.36273e-06
62.5625    8.19621e-06
62.625     9.36462e-06
62.6875    9.8602e-06
62.75      9.36247e-06
62.8125    9.15326e-06
62.875     9.88103e-06
62.9375    1.03815e-05
63         1.02806e-05
63.0625    1.04103e-05
63.125     1.01548e-05
63.1875    9.30047e-06
63.25      9.12464e-06
63.3125    9.62836e-06
63.375     1.02534e-05
63.4375    1.05565e-05
63.5       1.01513e-05
63.5625    9.47951e-06
63.625     8.8839e-06
63.6875    8.48425e-06
63.75      8.92718e-06
63.8125    9.38944e-06
63.875     9.38984e-06
63.9375    9.37687e-06
64         9.27962e-06
64.0625    9.39257e-06
64.125     8.64787e-06
64.1875    8.20158e-06
64.25      8.55491e-06
64.3125    8.96992e-06
64.375     9.04486e-06
64.4375    8.69336e-06
64.5       8.36766e-06
64.5625    8.42721e-06
64.625     8.43911e-06
64.6875    7.88061e-06
64.75      7.47953e-06
64.8125    7.7429e-06
64.875     8.68354e-06
64.9375    9.29583e-06
65         9.26255e-06
65.0625    8.892e-06 
65.125     9.2177e-06
65.1875    9.566e-06 
65.25      9.50658e-06
65.3125    9.04712e-06
65.375     8.46725e-06
65.4375    8.71181e-06
65.5       9.45617e-06
65.5625    1.01767e-05
65.625     1.07905e-05
65.6875    1.08292e-05
65.75      1.0441e-05
65.8125    1.02161e-05
65.875     1.01026e-05
65.9375    9.7916e-06
66         9.38501e-06
66.0625    8.50236e-06
66.125     7.78775e-06
66.1875    7.69828e-06
66.25      7.75643e-06
66.3125    8.14074e-06
66.375     8.37592e-06
66.4375    8.60136e-06
66.5       8.51339e-06
66.5625    8.57279e-06
66.625     8.79253e-06
66.6875    8.62534e-06
66.75      8.68714e-06
66.8125    8.5695e-06
66.875     8.05128e-06
66.9375    7.96046e-06
67         7.95085e-06
67.0625    8.50444e-06
67.125     9.44689e-06
67.1875    1.00325e-05
67.25      1.0062e-05
67.3125    9.53869e-06
67.375     8.42231e-06
67.4375    7.35953e-06
67.5       7.46361e-06
67.5625    8.76122e-06
67.625     9.84109e-06
67.6875    1.00474e-05
67.75      9.7376e-06
67.8125    8.88909e-06
67.875     7.9129e-06
67.9375    7.78916e-06
68         8.51192e-06
68.0625    9.60289e-06
68.125     9.96204e-06
68.1875    9.31802e-06
68.25      9.02984e-06
68.3125    9.4084e-06
68.375     9.98355e-06
68.4375    1.02608e-05
68.5       1.03857e-05
68.5625    1.06084e-05
68.625     1.07134e-05
68.6875    1.06089e-05
68.75      1.05794e-05
68.8125    1.0491e-05
68.875     1.01077e-05
68.9375    9.8647e-06
69         9.33028e-06
69.0625    7.92912e-06
69.125     7.33754e-06
69.1875    7.68288e-06
69.25      8.7257e-06
69.3125    9.66813e-06
69.375     9.95197e-06
69.4375    9.64313e-06
69.5       8.79154e-06
69.5625    8.29299e-06
69.625     8.49476e-06
69.6875    9.07801e-06
69.75      9.0852e-06
69.8125    8.4025e-06
69.875     7.55746e-06
69.9375    7.02812e-06
70         7.57809e-06
70.0625    8.27787e-06
70.125     8.49815e-06
70.1875    8.50739e-06
70.25      8.61808e-06
70.3125    8.82541e-06
70.375     8.66197e-06
70.4375    8.07072e-06
70.5       8.08189e-06
70.5625    8.65521e-06
70.625     9.26123e-06
70.6875    9.22651e-06
70.75      9.16931e-06
70.8125    9.59001e-06
70.875     9.76395e-06
70.9375    9.51248e-06
71         9.1846e-06
71.0625    8.92246e-06
71.125     8.55397e-06
71.1875    8.04951e-06
71.25      7.46329e-06
71.3125    7.34419e-06
71.375     7.45399e-06
71.4375    7.21803e-06
71.5       7.35075e-06
71.5625    7.96672e-06
71.625     7.87228e-06
71.6875    7.76301e-06
71.75      8.33365e-06
71.8125    8.39884e-06
71.875     7.96579e-06
71.9375    8.0464e-06
72         8.37119e-06
72.0625    8.72735e-06
72.125     8.58943e-06
72.1875    8.15628e-06
72.25      8.42912e-06
72.3125    8.60393e-06
72.375     8.65819e-06
72.4375    8.782e-06 
72.5       9.31915e-06
72.5625    1.00568e-05
72.625     9.7269e-06
72.6875    8.66063e-06
72.75      8.11586e-06
72.8125    8.24518e-06
72.875     8.76613e-06
72.9375    8.71768e-06
73         8.53627e-06
73.0625    7.87958e-06
73.125     6.92284e-06
73.1875    6.65087e-06
73.25      7.03705e-06
73.3125    7.53792e-06
73.375     7.80048e-06
73.4375    8.15997e-06
73.5       8.08314e-06
73.5625    8.12339e-06
73.625     8.56402e-06
73.6875    8.66301e-06
73.75      8.71084e-06
73.8125    8.56225e-06
73.875     8.10023e-06
73.9375    7.30029e-06
74         6.68089e-06
74.0625    6.63038e-06
74.125     7.4259e-06
74.1875    7.85171e-06
74.25      7.60688e-06
74.3125    7.11229e-06
74.375     6.87061e-06
74.4375    7.15985e-06
74.5       7.87216e-06
74.5625    8.19471e-06
74.625     8.37396e-06
74.6875    8.61272e-06
74.75      8.99092e-06
74.8125    9.59501e-06
74.875     9.82552e-06
74.9375    9.43695e-06
75         8.57471e-06
75.0625    7.63599e-06
75.125     7.65452e-06
75.1875    8.42683e-06
75.25      8.78035e-06
75.3125    8.41568e-06
75.375     8.11965e-06
75.4375    8.23646e-06
75.5       8.48281e-06
75.5625    9.18021e-06
75.625     9.19793e-06
75.6875    8.93134e-06
75.75      8.91859e-06
75.8125    8.56583e-06
75.875     8.34401e-06
75.9375    8.81665e-06
76         8.98529e-06
76.0625    8.88326e-06
76.125     8.69241e-06
76.1875    8.86536e-06
76.25      8.77018e-06
76.3125    8.45423e-06
76.375     8.00271e-06
76.4375    7.44094e-06
76.5       7.45764e-06
76.5625    7.65695e-06
76.625     8.16679e-06
76.6875    8.89345e-06
76.75      9.07446e-06
76.8125    8.64027e-06
76.875     8.36733e-06
76.9375    8.25878e-06
77         8.44218e-06
77.0625    8.67156e-06
77.125     9.01979e-06
77.1875    9.1185e-06
77.25      8.67324e-06
77.3125    8.47894e-06
77.375     8.33667e-06
77.4375    8.25385e-06
77.5       8.34481e-06
77.5625    8.29206e-06
77.625     8.17244e-06
77.6875    8.32233e-06
77.75      7.76862e-06
77.8125    7.04512e-06
77.875     6.85399e-06
77.9375    6.801e-06 
78         6.87718e-06
78.0625    6.95056e-06
78.125     6.96912e-06
78.1875    6.98906e-06
78.25      7.15926e-06
78.3125    7.51908e-06
78.375     7.91618e-06
78.4375    7.67013e-06
78.5       7.3499e-06
78.5625    7.17559e-06
78.625     6.86567e-06
78.6875    7.13849e-06
78.75      7.93198e-06
78.8125    8.29302e-06
78.875     7.93608e-06
78.9375    7.45339e-06
79         7.01495e-06
79.0625    6.74633e-06
79.125     6.64748e-06
79.1875    6.44206e-06
79.25      6.73531e-06
79.3125    7.30497e-06
79.375     7.83026e-06
79.4375    8.11036e-06
79.5       8.28185e-06
79.5625    8.66394e-06
79.625     9.1129e-06
79.6875    8.66525e-06
79.75      7.97184e-06
79.8125    7.60492e-06
79.875     7.49702e-06
79.9375    7.55878e-06
80         7.5628e-06
80.0625    7.41071e-06
80.125     7.18183e-06
80.1875    7.10429e-06
80.25      7.56299e-06
80.3125    8.04986e-06
80.375     8.28655e-06
80.4375    8.25368e-06
80.5       8.44339e-06
80.5625    8.66927e-06
80.625     8.6473e-06
80.6875    9.17513e-06
80.75      9.47685e-06
80.8125    9.27184e-06
80.875     9.14047e-06
80.9375    8.81604e-06
81         8.4808e-06
81.0625    7.8243e-06
81.125     7.6146e-06
81.1875    7.72882e-06
81.25      7.65251e-06
81.3125    7.70626e-06
81.375     7.5864e-06
81.4375    7.34035e-06
81.5       7.53479e-06
81.5625    7.58681e-06
81.625     7.0997e-06
81.6875    7.10968e-06
81.75      7.27256e-06
81.8125    7.23881e-06
81.875     7.1632e-06
81.9375    7.59907e-06
82         8.30269e-06
82.0625    8.79804e-06
82.125     8.4987e-06
82.1875    8.05341e-06
82.25      7.91466e-06
82.3125    7.90722e-06
82.375     7.90092e-06
82.4375    7.67263e-06
82.5       7.6268e-06
82.5625    7.60795e-06
82.625     7.82305e-06
82.6875    8.16539e-06
82.75      7.68697e-06
82.8125    7.24783e-06
82.875     7.26767e-06
82.9375    6.70118e-06
83         6.64955e-06
83.0625    7.23534e-06
83.125     7.41353e-06
83.1875    7.30573e-06
83.25      7.20893e-06
83.3125    6.89438e-06
83.375     6.92912e-06
83.4375    6.89604e-06
83.5       6.729e-06 
83.5625    6.72689e-06
83.625     6.91146e-06
83.6875    7.63099e-06
83.75      8.20679e-06
83.8125    8.049e-06 
83.875     7.65247e-06
83.9375    6.82686e-06
84         6.07717e-06
84.0625    6.55314e-06
84.125     6.83008e-06
84.1875    6.47057e-06
84.25      6.21257e-06
84.3125    6.63432e-06
84.375     7.26578e-06
84.4375    7.50545e-06
84.5       7.26503e-06
84.5625    6.47209e-06
84.625     6.02071e-06
84.6875    6.20515e-06
84.75      6.7731e-06
84.8125    7.02038e-06
84.875     6.99959e-06
84.9375    6.81107e-06
85         6.66336e-06
85.0625    6.80774e-06
85.125     7.5992e-06
85.1875    7.68811e-06
85.25      6.9619e-06
85.3125    6.52555e-06
85.375     7.38231e-06
85.4375    8.0973e-06
85.5       8.267e-06 
85.5625    8.5408e-06
85.625     8.82963e-06
85.6875    8.52526e-06
85.75      7.50966e-06
85.8125    6.89762e-06
85.875     6.80784e-06
85.9375    6.82513e-06
86         6.87637e-06
86.0625    6.89479e-06
86.125     6.87757e-06
86.1875    6.446e-06 
86.25      5.92944e-06
86.3125    6.18244e-06
86.375     6.68292e-06
86.4375    7.04259e-06
86.5       7.55612e-06
86.5625    7.94259e-06
86.625     8.29867e-06
86.6875    8.10618e-06
86.75      7.59339e-06
86.8125    7.04662e-06
86.875     6.87876e-06
86.9375    6.99878e-06
87         6.71267e-06
87.0625    6.37888e-06
87.125     6.10597e-06
87.1875    6.25654e-06
87.25      6.75864e-06
87.3125    7.17438e-06
87.375     7.27555e-06
87.4375    7.20438e-06
87.5       7.10467e-06
87.5625    6.72094e-06
87.625     6.50595e-06
87.6875    6.92688e-06
87.75      6.54757e-06
87.8125    6.09087e-06
87.875     5.86685e-06
87.9375    5.9181e-06
88         6.29383e-06
88.0625    6.11329e-06
88.125     5.89972e-06
88.1875    6.12722e-06
88.25      6.66447e-06
88.3125    6.8011e-06
88.375     6.65579e-06
88.4375    6.43757e-06
88.5       6.66862e-06
88.5625    6.97021e-06
88.625     7.1784e-06
88.6875    6.96575e-06
88.75      6.28359e-06
88.8125    5.88748e-06
88.875     6.29148e-06
88.9375    6.59497e-06
89         6.77535e-06
89.0625    6.83624e-06
89.125     6.62766e-06
89.1875    6.17856e-06
89.25      6.16613e-06
89.3125    6.48842e-06
89.375     6.93969e-06
89.4375    7.38686e-06
89.5       7.83255e-06
89.5625    8.43054e-06
89.625     9.03569e-06
89.6875    9.1727e-06
89.75      8.87344e-06
89.8125    8.50545e-06
89.875     8.35641e-06
89.9375    8.29842e-06
90         7.89355e-06
90.0625    7.71258e-06
90.125     7.50431e-06
90.1875    6.67071e-06
90.25      6.56363e-06
90.3125    6.5356e-06
90.375     6.59183e-06
90.4375    6.76685e-06
90.5       6.81031e-06
90.5625    7.12028e-06
90.625     6.97484e-06
90.6875    6.60097e-06
90.75      6.53859e-06
90.8125    6.36789e-06
90.875     6.61879e-06
90.9375    7.15859e-06
91         7.38701e-06
91.0625    7.39193e-06
91.125     7.37333e-06
91.1875    6.90336e-06
91.25      6.47832e-06
91.3125    6.4363e-06
91.375     6.64437e-06
91.4375    7.04754e-06
91.5       7.02498e-06
91.5625    7.11173e-06
91.625     7.65378e-06
91.6875    7.82365e-06
91.75      7.7517e-06
91.8125    7.68656e-06
91.875     7.4094e-06
91.9375    7.06891e-06
92         6.41796e-06
92.0625    5.73934e-06
92.125     5.67625e-06
92.1875    6.31306e-06
92.25      7.19239e-06
92.3125    7.33696e-06
92.375     6.57984e-06
92.4375    5.95275e-06
92.5       6.35518e-06
92.5625    7.13475e-06
92.625     7.25572e-06
92.6875    6.94331e-06
92.75      6.39939e-06
92.8125    5.9138e-06
92.875     5.753e-06 
92.9375    5.94871e-06
93         5.92802e-06
93.0625    5.92037e-06
93.125     6.27687e-06
93.1875    6.65478e-06
93.25      6.97283e-06
93.3125    6.94786e-06
93.375     6.71165e-06
93.4375    6.44047e-06
93.5       6.39481e-06
93.5625    6.72205e-06
93.625     7.10524e-06
93.6875    7.26144e-06
93.75      6.87646e-06
93.8125    6.49646e-06
93.875     6.50115e-06
93.9375    6.51279e-06
94         6.40133e-06
94.0625    6.03069e-06
94.125     6.33032e-06
94.1875    7.11709e-06
94.25      7.46954e-06
94.3125    7.53953e-06
94.375     7.13114e-06
94.4375    6.76759e-06
94.5       6.50256e-06
94.5625    6.94178e-06
94.625     7.1032e-06
94.6875    6.87671e-06
94.75      6.81831e-06
94.8125    6.64769e-06
94.875     6.25079e-06
94.9375    5.86409e-06
95         5.6424e-06
95.0625    5.68093e-06
95.125     6.12735e-06
95.1875    6.79083e-06
95.25      7.30091e-06
95.3125    7.09671e-06
95.375     6.29201e-06
95.4375    5.99909e-06
95.5       5.84605e-06
95.5625    5.59992e-06
95.625     5.8701e-06
95.6875    6.31826e-06
95.75      6.55645e-06
95.8125    6.48944e-06
95.875     6.5365e-06
95.9375    6.35307e-06
96         6.51037e-06
96.0625    7.11196e-06
96.125     7.38647e-06
96.1875    7.39726e-06
96.25      7.18337e-06
96.3125    7.30931e-06
96.375     7.28977e-06
96.4375    6.78274e-06
96.5       6.40952e-06
96.5625    6.12186e-06
96.625     6.23386e-06
96.6875    6.52985e-06
96.75      6.62565e-06
96.8125    6.62332e-06
96.875     6.62957e-06
96.9375    6.56837e-06
97         6.6775e-06
97.0625    6.31741e-06
97.125     5.96821e-06
97.1875    6.19717e-06
97.25      6.57031e-06
97.3125    6.61428e-06
97.375     6.27721e-06
97.4375    6.16286e-06
97.5       6.30141e-06
97.5625    6.50688e-06
97.625     6.34654e-06
97.6875    6.39523e-06
97.75      6.73231e-06
97.8125    6.76866e-06
97.875     6.4555e-06
97.9375    6.40767e-06
98         6.80249e-06
98.0625    7.46476e-06
98.125     7.96335e-06
98.1875    7.84248e-06
98.25      7.21856e-06
98.3125    6.27188e-06
98.375     5.85506e-06
98.4375    5.97849e-06
98.5       6.24953e-06
98.5625    6.3823e-06
98.625     6.04219e-06
98.6875    5.78791e-06
98.75      5.9273e-06
98.8125    6.14753e-06
98.875     6.12825e-06
98.9375    5.75042e-06
99         5.14082e-06
99.0625    4.7546e-06
99.125     4.51758e-06
99.1875    4.44228e-06
99.25      4.64379e-06
99.3125    5.38505e-06
99.375     6.3231e-06
99.4375    6.89318e-06
99.5       7.00291e-06
99.5625    6.79909e-06
99.625     6.40945e-06
99.6875    5.64558e-06
99.75      5.06862e-06
99.8125    4.98052e-06
99.875     5.42225e-06
99.9375    5.85396e-06
100        6.22543e-06
