# Freq.    Mag.
0          0.000121489
0.0625     0.000117693
0.125      7.90299e-05
0.1875     2.56647e-05
0.25       9.87933e-06
0.3125     9.98066e-06
0.375      1.16748e-05
0.4375     1.37889e-05
0.5        1.57356e-05
0.5625     1.65426e-05
0.625      1.63115e-05
0.6875     1.61082e-05
0.75       1.6931e-05
0.8125     1.85685e-05
0.875      1.89503e-05
0.9375     1.95944e-05
1          1.87821e-05
1.0625     1.81178e-05
1.125      1.87834e-05
1.1875     1.8347e-05
1.25       1.83526e-05
1.3125     1.88572e-05
1.375      1.89973e-05
1.4375     1.90186e-05
1.5        1.88137e-05
1.5625     1.91086e-05
1.625      2.01209e-05
1.6875     2.22258e-05
1.75       2.36312e-05
1.8125     2.24615e-05
1.875      1.99397e-05
1.9375     1.78522e-05
2          1.67511e-05
2.0625     1.69577e-05
2.125      1.64528e-05
2.1875     1.70509e-05
2.25       1.89001e-05
2.3125     1.85546e-05
2.375      1.75501e-05
2.4375     1.69569e-05
2.5        1.58194e-05
2.5625     1.57024e-05
2.625      1.69574e-05
2.6875     1.77592e-05
2.75       1.69194e-05
2.8125     1.75347e-05
2.875      1.86561e-05
2.9375     1.8827e-05
3          1.94014e-05
3.0625     2.07904e-05
3.125      2.06452e-05
3.1875     1.98067e-05
3.25       1.98516e-05
3.3125     1.88727e-05
3.375      1.84089e-05
3.4375     1.86678e-05
3.5        1.99438e-05
3.5625     2.06629e-05
3.625      2.03909e-05
3.6875     1.98849e-05
3.75       1.9215e-05
3.8125     1.82895e-05
3.875      1.79385e-05
3.9375     1.88691e-05
4          1.96372e-05
4.0625     2.00838e-05
4.125      2.0336e-05
4.1875     2.06774e-05
4.25       2.04357e-05
4.3125     2.04833e-05
4.375      2.09346e-05
4.4375     2.12098e-05
4.5        2.11913e-05
4.5625     1.89031e-05
4.625      1.74526e-05
4.6875     1.70062e-05
4.75       1.7217e-05
4.8125     1.79985e-05
4.875      1.80319e-05
4.9375     1.81942e-05
5          1.7513e-05
5.0625     1.68568e-05
5.125      1.65678e-05
5.1875     1.59625e-05
5.25       1.57202e-05
5.3125     1.66618e-05
5.375      1.81564e-05
5.4375     1.87837e-05
5.5        1.90453e-05
5.5625     1.91905e-05
5.625      1.82854e-05
5.6875     1.74456e-05
5.75       1.86011e-05
5.8125     2.01813e-05
5.875      2.19222e-05
5.9375     2.23054e-05
6          2.03901e-05
6.0625     1.87184e-05
6.125      1.87338e-05
6.1875     1.91203e-05
6.25       1.93159e-05
6.3125     1.85383e-05
6.375      1.69084e-05
6.4375     1.55614e-05
6.5        1.45674e-05
6.5625     1.39866e-05
6.625      1.63124e-05
6.6875     1.9263e-05
6.75       2.08601e-05
6.8125     2.14247e-05
6.875      2.12825e-05
6.9375     2.12227e-05
7          2.09429e-05
7.0625     1.9276e-05
7.125      1.75352e-05
7.1875     1.70998e-05
7.25       1.7302e-05
7.3125     1.86074e-05
7.375      1.84899e-05
7.4375     1.84979e-05
7.5        1.92273e-05
7.5625     1.90971e-05
7.625      1.90001e-05
7.6875     1.92466e-05
7.75       1.85836e-05
7.8125     1.83082e-05
7.875      1.81978e-05
7.9375     1.80896e-05
8          1.82165e-05
8.0625     1.90111e-05
8.125      1.91755e-05
8.1875     1.78058e-05
8.25       1.71473e-05
8.3125     1.65161e-05
8.375      1.64339e-05
8.4375     1.77216e-05
8.5        1.84481e-05
8.5625     1.77857e-05
8.625      1.74624e-05
8.6875     1.78917e-05
8.75       1.70676e-05
8.8125     1.65568e-05
8.875      1.70342e-05
8.9375     1.76548e-05
9          1.96567e-05
9.0625     2.07639e-05
9.125      1.95761e-05
9.1875     1.85873e-05
9.25       1.8211e-05
9.3125     1.86234e-05
9.375      1.97731e-05
9.4375     2.0668e-05
9.5        2.05817e-05
9.5625     1.93181e-05
9.625      1.81475e-05
9.6875     1.68912e-05
9.75       1.60692e-05
9.8125     1.57565e-05
9.875      1.63722e-05
9.9375     1.72471e-05
10         1.82967e-05
10.0625    1.97847e-05
10.125     1.90079e-05
10.1875    1.81837e-05
10.25      1.75441e-05
10.3125    1.58718e-05
10.375     1.52237e-05
10.4375    1.62145e-05
10.5       1.73245e-05
10.5625    1.81051e-05
10.625     1.79849e-05
10.6875    1.73753e-05
10.75      1.73909e-05
10.8125    1.78448e-05
10.875     1.73732e-05
10.9375    1.71749e-05
11         1.70594e-05
11.0625    1.65752e-05
11.125     1.6149e-05
11.1875    1.55198e-05
11.25      1.5554e-05
11.3125    1.60745e-05
11.375     1.62536e-05
11.4375    1.49987e-05
11.5       1.44974e-05
11.5625    1.50451e-05
11.625     1.51117e-05
11.6875    1.54119e-05
11.75      1.60561e-05
11.8125    1.70635e-05
11.875     1.77394e-05
11.9375    1.87522e-05
12         1.97263e-05
12.0625    1.97681e-05
12.125     1.85184e-05
12.1875    1.71889e-05
12.25      1.74837e-05
12.3125    1.7957e-05
12.375     1.78732e-05
12.4375    1.78603e-05
12.5       1.76195e-05
12.5625    1.6232e-05
12.625     1.53639e-05
12.6875    1.54686e-05
12.75      1.6217e-05
12.8125    1.70511e-05
12.875     1.71364e-05
12.9375    1.72185e-05
13         1.72721e-05
13.0625    1.71211e-05
13.125     1.59182e-05
13.1875    1.43324e-05
13.25      1.41932e-05
13.3125    1.55224e-05
13.375     1.62066e-05
13.4375    1.58826e-05
13.5       1.52009e-05
13.5625    1.52033e-05
13.625     1.54198e-05
13.6875    1.51847e-05
13.75      1.56307e-05
13.8125    1.7156e-05
13.875     1.79763e-05
13.9375    1.84339e-05
14         1.94129e-05
14.0625    1.94346e-05
14.125     1.84351e-05
14.1875    1.83805e-05
14.25      1.88929e-05
14.3125    1.83213e-05
14.375     1.77335e-05
14.4375    1.7293e-05
14.5       1.67984e-05
14.5625    1.61358e-05
14.625     1.45241e-05
14.6875    1.43862e-05
14.75      1.53531e-05
14.8125    1.69724e-05
14.875     1.7498e-05
14.9375    1.72504e-05
15         1.81249e-05
15.0625    1.81885e-05
15.125     1.75696e-05
15.1875    1.67887e-05
15.25      1.66956e-05
15.3125    1.81056e-05
15.375     1.91899e-05
15.4375    1.87179e-05
15.5       1.73026e-05
15.5625    1.6728e-05
15.625     1.73144e-05
15.6875    1.82461e-05
15.75      1.75297e-05
15.8125    1.61175e-05
15.875     1.62397e-05
15.9375    1.75846e-05
16         1.81246e-05
16.0625    1.71123e-05
16.125     1.74336e-05
16.1875    1.81361e-05
16.25      1.77349e-05
16.3125    1.62672e-05
16.375     1.56106e-05
16.4375    1.62536e-05
16.5       1.72723e-05
16.5625    1.85888e-05
16.625     1.83349e-05
16.6875    1.81112e-05
16.75      1.78624e-05
16.8125    1.7408e-05
16.875     1.75812e-05
16.9375    1.70746e-05
17         1.76526e-05
17.0625    1.8199e-05
17.125     1.79857e-05
17.1875    1.75018e-05
17.25      1.62755e-05
17.3125    1.57157e-05
17.375     1.70114e-05
17.4375    1.78958e-05
17.5       1.74468e-05
17.5625    1.70309e-05
17.625     1.65701e-05
17.6875    1.64712e-05
17.75      1.65788e-05
17.8125    1.70927e-05
17.875     1.82425e-05
17.9375    1.81971e-05
18         1.72212e-05
18.0625    1.51691e-05
18.125     1.33369e-05
18.1875    1.35054e-05
18.25      1.442e-05 
18.3125    1.57674e-05
18.375     1.68836e-05
18.4375    1.69554e-05
18.5       1.6888e-05
18.5625    1.67151e-05
18.625     1.64277e-05
18.6875    1.58449e-05
18.75      1.55177e-05
18.8125    1.51413e-05
18.875     1.50927e-05
18.9375    1.57441e-05
19         1.50384e-05
19.0625    1.43018e-05
19.125     1.37379e-05
19.1875    1.45378e-05
19.25      1.60486e-05
19.3125    1.67174e-05
19.375     1.64425e-05
19.4375    1.61182e-05
19.5       1.66318e-05
19.5625    1.71729e-05
19.625     1.67765e-05
19.6875    1.58232e-05
19.75      1.55703e-05
19.8125    1.59246e-05
19.875     1.68207e-05
19.9375    1.82363e-05
20         1.89921e-05
20.0625    1.84299e-05
20.125     1.71853e-05
20.1875    1.66029e-05
20.25      1.69077e-05
20.3125    1.68498e-05
20.375     1.69331e-05
20.4375    1.73608e-05
20.5       1.78628e-05
20.5625    1.79461e-05
20.625     1.80584e-05
20.6875    1.68663e-05
20.75      1.50743e-05
20.8125    1.45e-05  
20.875     1.53192e-05
20.9375    1.64615e-05
21         1.65419e-05
21.0625    1.61076e-05
21.125     1.59961e-05
21.1875    1.70625e-05
21.25      1.72571e-05
21.3125    1.68654e-05
21.375     1.58574e-05
21.4375    1.49999e-05
21.5       1.55293e-05
21.5625    1.59014e-05
21.625     1.62503e-05
21.6875    1.60542e-05
21.75      1.59842e-05
21.8125    1.58049e-05
21.875     1.56123e-05
21.9375    1.52275e-05
22         1.43087e-05
22.0625    1.39354e-05
22.125     1.42413e-05
22.1875    1.43223e-05
22.25      1.47232e-05
22.3125    1.53266e-05
22.375     1.60354e-05
22.4375    1.67678e-05
22.5       1.64282e-05
22.5625    1.56517e-05
22.625     1.50798e-05
22.6875    1.33905e-05
22.75      1.31271e-05
22.8125    1.50313e-05
22.875     1.64904e-05
22.9375    1.68029e-05
23         1.63001e-05
23.0625    1.58648e-05
23.125     1.5718e-05
23.1875    1.52771e-05
23.25      1.49185e-05
23.3125    1.44401e-05
23.375     1.43869e-05
23.4375    1.5078e-05
23.5       1.58816e-05
23.5625    1.64597e-05
23.625     1.62257e-05
23.6875    1.50281e-05
23.75      1.46173e-05
23.8125    1.50177e-05
23.875     1.55985e-05
23.9375    1.60262e-05
24         1.55469e-05
24.0625    1.54021e-05
24.125     1.49091e-05
24.1875    1.4449e-05
24.25      1.43004e-05
24.3125    1.48827e-05
24.375     1.50477e-05
24.4375    1.49049e-05
24.5       1.43678e-05
24.5625    1.42089e-05
24.625     1.45162e-05
24.6875    1.48517e-05
24.75      1.55057e-05
24.8125    1.58561e-05
24.875     1.63029e-05
24.9375    1.59802e-05
25         1.57812e-05
25.0625    1.63206e-05
25.125     1.66043e-05
25.1875    1.58864e-05
25.25      1.48152e-05
25.3125    1.4437e-05
25.375     1.44627e-05
25.4375    1.4947e-05
25.5       1.5753e-05
25.5625    1.64265e-05
25.625     1.67338e-05
25.6875    1.66641e-05
25.75      1.64114e-05
25.8125    1.6271e-05
25.875     1.61181e-05
25.9375    1.63811e-05
26         1.7699e-05
26.0625    1.79368e-05
26.125     1.70558e-05
26.1875    1.61409e-05
26.25      1.55004e-05
26.3125    1.59122e-05
26.375     1.73872e-05
26.4375    1.82922e-05
26.5       1.75178e-05
26.5625    1.68138e-05
26.625     1.61826e-05
26.6875    1.56234e-05
26.75      1.47759e-05
26.8125    1.43236e-05
26.875     1.46715e-05
26.9375    1.50235e-05
27         1.56428e-05
27.0625    1.52787e-05
27.125     1.4214e-05
27.1875    1.34328e-05
27.25      1.3045e-05
27.3125    1.31758e-05
27.375     1.35851e-05
27.4375    1.42458e-05
27.5       1.41468e-05
27.5625    1.35628e-05
27.625     1.31339e-05
27.6875    1.32606e-05
27.75      1.42516e-05
27.8125    1.51514e-05
27.875     1.56836e-05
27.9375    1.55794e-05
28         1.50558e-05
28.0625    1.4854e-05
28.125     1.43522e-05
28.1875    1.40106e-05
28.25      1.37197e-05
28.3125    1.3167e-05
28.375     1.34406e-05
28.4375    1.41584e-05
28.5       1.45403e-05
28.5625    1.56229e-05
28.625     1.6332e-05
28.6875    1.59605e-05
28.75      1.50738e-05
28.8125    1.3951e-05
28.875     1.25853e-05
28.9375    1.2485e-05
29         1.43279e-05
29.0625    1.58765e-05
29.125     1.60654e-05
29.1875    1.49857e-05
29.25      1.41924e-05
29.3125    1.40924e-05
29.375     1.39754e-05
29.4375    1.42741e-05
29.5       1.50639e-05
29.5625    1.4361e-05
29.625     1.36995e-05
29.6875    1.41736e-05
29.75      1.48109e-05
29.8125    1.46184e-05
29.875     1.47408e-05
29.9375    1.51196e-05
30         1.48223e-05
30.0625    1.45642e-05
30.125     1.3937e-05
30.1875    1.2412e-05
30.25      1.1829e-05
30.3125    1.19353e-05
30.375     1.3069e-05
30.4375    1.43688e-05
30.5       1.37392e-05
30.5625    1.25275e-05
30.625     1.28299e-05
30.6875    1.46142e-05
30.75      1.60809e-05
30.8125    1.67271e-05
30.875     1.65365e-05
30.9375    1.54171e-05
31         1.44672e-05
31.0625    1.37135e-05
31.125     1.41294e-05
31.1875    1.45634e-05
31.25      1.52348e-05
31.3125    1.49645e-05
31.375     1.41372e-05
31.4375    1.33746e-05
31.5       1.33221e-05
31.5625    1.44056e-05
31.625     1.47127e-05
31.6875    1.5325e-05
31.75      1.58548e-05
31.8125    1.55559e-05
31.875     1.4089e-05
31.9375    1.22658e-05
32         1.26699e-05
32.0625    1.32898e-05
32.125     1.39438e-05
32.1875    1.46505e-05
32.25      1.42138e-05
32.3125    1.23753e-05
32.375     1.15208e-05
32.4375    1.30168e-05
32.5       1.50524e-05
32.5625    1.53953e-05
32.625     1.43749e-05
32.6875    1.29261e-05
32.75      1.23204e-05
32.8125    1.30669e-05
32.875     1.39264e-05
32.9375    1.39352e-05
33         1.31531e-05
33.0625    1.29276e-05
33.125     1.28981e-05
33.1875    1.31517e-05
33.25      1.31181e-05
33.3125    1.23641e-05
33.375     1.25862e-05
33.4375    1.36544e-05
33.5       1.54061e-05
33.5625    1.61292e-05
33.625     1.48617e-05
33.6875    1.27865e-05
33.75      1.24368e-05
33.8125    1.36228e-05
33.875     1.46313e-05
33.9375    1.48951e-05
34         1.41541e-05
34.0625    1.38348e-05
34.125     1.39074e-05
34.1875    1.42238e-05
34.25      1.43505e-05
34.3125    1.41581e-05
34.375     1.37917e-05
34.4375    1.36757e-05
34.5       1.32564e-05
34.5625    1.27822e-05
34.625     1.17121e-05
34.6875    1.04507e-05
34.75      1.08901e-05
34.8125    1.29842e-05
34.875     1.39341e-05
34.9375    1.35027e-05
35         1.33401e-05
35.0625    1.36944e-05
35.125     1.44378e-05
35.1875    1.461e-05 
35.25      1.38367e-05
35.3125    1.34341e-05
35.375     1.28367e-05
35.4375    1.25618e-05
35.5       1.37132e-05
35.5625    1.39497e-05
35.625     1.36388e-05
35.6875    1.35449e-05
35.75      1.39864e-05
35.8125    1.33459e-05
35.875     1.13359e-05
35.9375    9.85691e-06
36         1.01194e-05
36.0625    1.10804e-05
36.125     1.16589e-05
36.1875    1.13717e-05
36.25      1.09602e-05
36.3125    1.17866e-05
36.375     1.2778e-05
36.4375    1.32698e-05
36.5       1.30756e-05
36.5625    1.30219e-05
36.625     1.33134e-05
36.6875    1.35216e-05
36.75      1.30127e-05
36.8125    1.22905e-05
36.875     1.35202e-05
36.9375    1.55357e-05
37         1.61485e-05
37.0625    1.52289e-05
37.125     1.35594e-05
37.1875    1.31399e-05
37.25      1.35892e-05
37.3125    1.3483e-05
37.375     1.19167e-05
37.4375    1.04735e-05
37.5       1.11036e-05
37.5625    1.23278e-05
37.625     1.30024e-05
37.6875    1.30174e-05
37.75      1.26861e-05
37.8125    1.29019e-05
37.875     1.36815e-05
37.9375    1.46555e-05
38         1.5861e-05
38.0625    1.61877e-05
38.125     1.57803e-05
38.1875    1.55642e-05
38.25      1.51613e-05
38.3125    1.4904e-05
38.375     1.43782e-05
38.4375    1.45483e-05
38.5       1.48792e-05
38.5625    1.4669e-05
38.625     1.40148e-05
38.6875    1.33142e-05
38.75      1.28407e-05
38.8125    1.25981e-05
38.875     1.25828e-05
38.9375    1.21275e-05
39         1.17663e-05
39.0625    1.16012e-05
39.125     1.166e-05 
39.1875    1.22922e-05
39.25      1.34692e-05
39.3125    1.53329e-05
39.375     1.58784e-05
39.4375    1.48806e-05
39.5       1.37302e-05
39.5625    1.27205e-05
39.625     1.30163e-05
39.6875    1.33506e-05
39.75      1.30422e-05
39.8125    1.24232e-05
39.875     1.15803e-05
39.9375    1.10987e-05
40         1.17297e-05
40.0625    1.23506e-05
40.125     1.24343e-05
40.1875    1.15478e-05
40.25      1.11232e-05
40.3125    1.15076e-05
40.375     1.16083e-05
40.4375    1.17286e-05
40.5       1.21944e-05
40.5625    1.29858e-05
40.625     1.2842e-05
40.6875    1.23524e-05
40.75      1.21471e-05
40.8125    1.16234e-05
40.875     1.16929e-05
40.9375    1.19707e-05
41         1.23162e-05
41.0625    1.31594e-05
41.125     1.36816e-05
41.1875    1.29208e-05
41.25      1.09535e-05
41.3125    1.0436e-05
41.375     1.15451e-05
41.4375    1.20601e-05
41.5       1.19796e-05
41.5625    1.14499e-05
41.625     1.06212e-05
41.6875    1.06678e-05
41.75      1.13729e-05
41.8125    1.14701e-05
41.875     1.2174e-05
41.9375    1.26569e-05
42         1.25361e-05
42.0625    1.23191e-05
42.125     1.20003e-05
42.1875    1.19664e-05
42.25      1.20289e-05
42.3125    1.14909e-05
42.375     1.1328e-05
42.4375    1.14996e-05
42.5       1.18389e-05
42.5625    1.22495e-05
42.625     1.24198e-05
42.6875    1.20176e-05
42.75      1.10515e-05
42.8125    1.04847e-05
42.875     1.08209e-05
42.9375    1.09635e-05
43         1.10622e-05
43.0625    1.09034e-05
43.125     1.10738e-05
43.1875    1.16195e-05
43.25      1.15665e-05
43.3125    1.15166e-05
43.375     1.1999e-05
43.4375    1.22019e-05
43.5       1.21996e-05
43.5625    1.17847e-05
43.625     1.08263e-05
43.6875    1.0724e-05
43.75      1.16766e-05
43.8125    1.20236e-05
43.875     1.12554e-05
43.9375    1.09893e-05
44         1.04507e-05
44.0625    1.06318e-05
44.125     1.2038e-05
44.1875    1.28599e-05
44.25      1.35735e-05
44.3125    1.33696e-05
44.375     1.28716e-05
44.4375    1.21714e-05
44.5       1.18036e-05
44.5625    1.21635e-05
44.625     1.25312e-05
44.6875    1.26068e-05
44.75      1.20043e-05
44.8125    1.1296e-05
44.875     1.10284e-05
44.9375    1.07972e-05
45         1.08553e-05
45.0625    1.15724e-05
45.125     1.24223e-05
45.1875    1.30536e-05
45.25      1.29432e-05
45.3125    1.28313e-05
45.375     1.27805e-05
45.4375    1.23841e-05
45.5       1.193e-05 
45.5625    1.21532e-05
45.625     1.32024e-05
45.6875    1.36834e-05
45.75      1.29438e-05
45.8125    1.23724e-05
45.875     1.17094e-05
45.9375    1.07479e-05
46         1.12146e-05
46.0625    1.15323e-05
46.125     1.16241e-05
46.1875    1.20488e-05
46.25      1.16329e-05
46.3125    1.04958e-05
46.375     1.00665e-05
46.4375    1.11532e-05
46.5       1.21713e-05
46.5625    1.23074e-05
46.625     1.1867e-05
46.6875    1.09068e-05
46.75      9.84407e-06
46.8125    9.85457e-06
46.875     1.03032e-05
46.9375    1.01811e-05
47         1.03468e-05
47.0625    1.10633e-05
47.125     1.13442e-05
47.1875    1.108e-05 
47.25      1.01297e-05
47.3125    9.42389e-06
47.375     9.56603e-06
47.4375    9.9564e-06
47.5       9.70693e-06
47.5625    9.52285e-06
47.625     9.71208e-06
47.6875    9.49421e-06
47.75      8.70524e-06
47.8125    8.70079e-06
47.875     9.66477e-06
47.9375    1.03893e-05
48         1.02835e-05
48.0625    9.71523e-06
48.125     9.783e-06 
48.1875    1.00659e-05
48.25      1.03267e-05
48.3125    1.03936e-05
48.375     1.01026e-05
48.4375    1.0094e-05
48.5       1.01777e-05
48.5625    1.0125e-05
48.625     1.13263e-05
48.6875    1.24311e-05
48.75      1.34335e-05
48.8125    1.39571e-05
48.875     1.36081e-05
48.9375    1.31877e-05
49         1.23825e-05
49.0625    1.17506e-05
49.125     1.18313e-05
49.1875    1.10989e-05
49.25      1.07112e-05
49.3125    1.04e-05  
49.375     1.01248e-05
49.4375    1.03966e-05
49.5       1.073e-05 
49.5625    1.0952e-05
49.625     1.07798e-05
49.6875    1.119e-05 
49.75      1.17233e-05
49.8125    1.15705e-05
49.875     1.14613e-05
49.9375    1.12133e-05
50         1.09098e-05
50.0625    1.0988e-05
50.125     1.11179e-05
50.1875    1.12845e-05
50.25      1.17593e-05
50.3125    1.17241e-05
50.375     1.11953e-05
50.4375    1.0173e-05
50.5       8.96608e-06
50.5625    8.04126e-06
50.625     8.47143e-06
50.6875    9.62453e-06
50.75      1.08921e-05
50.8125    1.17035e-05
50.875     1.12535e-05
50.9375    1.09049e-05
51         1.01808e-05
51.0625    8.8856e-06
51.125     8.62637e-06
51.1875    8.99414e-06
51.25      9.62343e-06
51.3125    9.58888e-06
51.375     9.93671e-06
51.4375    1.07883e-05
51.5       1.09799e-05
51.5625    1.04112e-05
51.625     9.3963e-06
51.6875    8.70597e-06
51.75      8.93185e-06
51.8125    9.68287e-06
51.875     1.0236e-05
51.9375    1.06757e-05
52         1.07738e-05
52.0625    1.07104e-05
52.125     1.05466e-05
52.1875    9.86658e-06
52.25      9.80389e-06
52.3125    1.04667e-05
52.375     1.12784e-05
52.4375    1.18724e-05
52.5       1.1273e-05
52.5625    9.63117e-06
52.625     9.39822e-06
52.6875    9.90265e-06
52.75      1.02362e-05
52.8125    1.03824e-05
52.875     1.00036e-05
52.9375    1.00515e-05
53         9.98685e-06
53.0625    9.78733e-06
53.125     9.51465e-06
53.1875    1.0164e-05
53.25      1.12481e-05
53.3125    1.10357e-05
53.375     1.04052e-05
53.4375    1.03839e-05
53.5       1.05471e-05
53.5625    1.11664e-05
53.625     1.10969e-05
53.6875    1.02388e-05
53.75      9.77964e-06
53.8125    9.74527e-06
53.875     9.67078e-06
53.9375    9.79294e-06
54         1.05261e-05
54.0625    1.08123e-05
54.125     1.12887e-05
54.1875    1.13213e-05
54.25      1.05678e-05
54.3125    1.03508e-05
54.375     1.04324e-05
54.4375    9.95986e-06
54.5       9.31222e-06
54.5625    8.42442e-06
54.625     7.19605e-06
54.6875    7.06323e-06
54.75      8.47219e-06
54.8125    9.31162e-06
54.875     8.94097e-06
54.9375    8.87015e-06
55         9.45257e-06
55.0625    1.0089e-05
55.125     9.94765e-06
55.1875    9.5357e-06
55.25      9.90086e-06
55.3125    1.01269e-05
55.375     1.05805e-05
55.4375    1.10743e-05
55.5       1.1144e-05
55.5625    1.03525e-05
55.625     9.18167e-06
55.6875    8.8521e-06
55.75      9.25651e-06
55.8125    1.07242e-05
55.875     1.20277e-05
55.9375    1.2405e-05
56         1.1668e-05
56.0625    1.03478e-05
56.125     1.02138e-05
56.1875    1.00025e-05
56.25      9.84666e-06
56.3125    9.22399e-06
56.375     8.72829e-06
56.4375    9.45706e-06
56.5       1.0121e-05
56.5625    1.00079e-05
56.625     9.81984e-06
56.6875    9.50034e-06
56.75      8.94862e-06
56.8125    8.9373e-06
56.875     9.92631e-06
56.9375    1.02784e-05
57         1.01276e-05
57.0625    9.99194e-06
57.125     1.02691e-05
57.1875    1.02404e-05
57.25      1.00604e-05
57.3125    9.88814e-06
57.375     9.82709e-06
57.4375    9.96985e-06
57.5       9.93085e-06
57.5625    9.75054e-06
57.625     9.63557e-06
57.6875    1.03718e-05
57.75      1.10751e-05
57.8125    1.15362e-05
57.875     1.12157e-05
57.9375    1.05309e-05
58         9.83605e-06
58.0625    9.00885e-06
58.125     8.36389e-06
58.1875    9.03292e-06
58.25      9.77896e-06
58.3125    1.00664e-05
58.375     1.03844e-05
58.4375    1.04111e-05
58.5       1.0045e-05
58.5625    9.72782e-06
58.625     9.17844e-06
58.6875    8.68204e-06
58.75      8.09157e-06
58.8125    7.83572e-06
58.875     8.46115e-06
58.9375    9.14848e-06
59         9.62108e-06
59.0625    9.88357e-06
59.125     1.03378e-05
59.1875    1.02569e-05
59.25      1.03677e-05
59.3125    1.0383e-05
59.375     9.84274e-06
59.4375    9.68828e-06
59.5       9.8619e-06
59.5625    9.60917e-06
59.625     9.56952e-06
59.6875    9.88216e-06
59.75      1.05266e-05
59.8125    1.12812e-05
59.875     1.28756e-05
59.9375    1.43446e-05
60         1.39769e-05
60.0625    1.32347e-05
60.125     1.04765e-05
60.1875    7.77844e-06
60.25      7.90268e-06
60.3125    8.21664e-06
60.375     8.04666e-06
60.4375    8.21653e-06
60.5       8.49795e-06
60.5625    9.11876e-06
60.625     9.07779e-06
60.6875    9.01614e-06
60.75      8.61392e-06
60.8125    8.47638e-06
60.875     9.14005e-06
60.9375    9.53746e-06
61         9.70235e-06
61.0625    9.61293e-06
61.125     9.35335e-06
61.1875    9.54518e-06
61.25      9.81956e-06
61.3125    9.8728e-06
61.375     9.74927e-06
61.4375    9.2113e-06
61.5       9.21314e-06
61.5625    9.86862e-06
61.625     9.84269e-06
61.6875    9.3712e-06
61.75      8.89264e-06
61.8125    8.30517e-06
61.875     8.22107e-06
61.9375    8.26865e-06
62         8.6989e-06
62.0625    8.66836e-06
62.125     8.36435e-06
62.1875    8.4536e-06
62.25      8.45476e-06
62.3125    8.95832e-06
62.375     9.32414e-06
62.4375    9.66292e-06
62.5       9.46255e-06
62.5625    9.50327e-06
62.625     9.31037e-06
62.6875    8.5806e-06
62.75      8.28637e-06
62.8125    7.83734e-06
62.875     7.87057e-06
62.9375    8.72185e-06
63         9.70703e-06
63.0625    9.76881e-06
63.125     9.20118e-06
63.1875    8.85068e-06
63.25      8.49338e-06
63.3125    8.48905e-06
63.375     8.92335e-06
63.4375    9.44271e-06
63.5       9.31138e-06
63.5625    8.82132e-06
63.625     8.08781e-06
63.6875    7.49328e-06
63.75      7.21849e-06
63.8125    7.04084e-06
63.875     7.52307e-06
63.9375    8.38117e-06
64         8.85454e-06
64.0625    9.02186e-06
64.125     8.94706e-06
64.1875    8.82692e-06
64.25      9.34567e-06
64.3125    1.05478e-05
64.375     1.08584e-05
64.4375    1.05293e-05
64.5       1.01537e-05
64.5625    9.35034e-06
64.625     8.66415e-06
64.6875    8.5038e-06
64.75      9.00277e-06
64.8125    9.84949e-06
64.875     1.00701e-05
64.9375    9.3815e-06
65         8.54233e-06
65.0625    8.2445e-06
65.125     8.36914e-06
65.1875    9.09248e-06
65.25      9.80201e-06
65.3125    1.01322e-05
65.375     1.01782e-05
65.4375    9.36944e-06
65.5       8.27772e-06
65.5625    7.51372e-06
65.625     7.69563e-06
65.6875    8.16049e-06
65.75      8.40844e-06
65.8125    8.74525e-06
65.875     8.89924e-06
65.9375    9.06149e-06
66         8.81099e-06
66.0625    8.48633e-06
66.125     8.79214e-06
66.1875    8.95262e-06
66.25      8.5094e-06
66.3125    7.94855e-06
66.375     7.32208e-06
66.4375    7.59225e-06
66.5       8.81999e-06
66.5625    9.80956e-06
66.625     9.94749e-06
66.6875    9.28575e-06
66.75      8.292e-06 
66.8125    7.90653e-06
66.875     8.06855e-06
66.9375    8.55173e-06
67         8.83319e-06
67.0625    8.68731e-06
67.125     8.3946e-06
67.1875    8.52368e-06
67.25      8.67216e-06
67.3125    8.90976e-06
67.375     8.93028e-06
67.4375    8.56173e-06
67.5       9.18194e-06
67.5625    1.0406e-05
67.625     1.09797e-05
67.6875    1.05302e-05
67.75      9.33147e-06
67.8125    8.09441e-06
67.875     7.80835e-06
67.9375    8.18664e-06
68         8.57942e-06
68.0625    9.45025e-06
68.125     1.01997e-05
68.1875    1.00588e-05
68.25      9.10249e-06
68.3125    8.48923e-06
68.375     7.95708e-06
68.4375    7.91368e-06
68.5       7.74745e-06
68.5625    7.58875e-06
68.625     7.26429e-06
68.6875    6.66607e-06
68.75      6.51826e-06
68.8125    7.45903e-06
68.875     8.28057e-06
68.9375    8.40711e-06
69         7.98749e-06
69.0625    7.38724e-06
69.125     7.7213e-06
69.1875    8.33201e-06
69.25      8.60594e-06
69.3125    8.3586e-06
69.375     8.46417e-06
69.4375    8.41121e-06
69.5       7.80795e-06
69.5625    8.21845e-06
69.625     8.64829e-06
69.6875    7.59934e-06
69.75      6.46977e-06
69.8125    6.75155e-06
69.875     7.6576e-06
69.9375    8.20746e-06
70         8.44422e-06
70.0625    8.33856e-06
70.125     8.40595e-06
70.1875    8.20197e-06
70.25      7.6783e-06
70.3125    7.60598e-06
70.375     7.86876e-06
70.4375    8.12711e-06
70.5       8.41866e-06
70.5625    8.78073e-06
70.625     8.85188e-06
70.6875    8.35102e-06
70.75      7.8929e-06
70.8125    8.23364e-06
70.875     8.64224e-06
70.9375    8.16395e-06
71         7.1713e-06
71.0625    6.92318e-06
71.125     7.34975e-06
71.1875    7.55271e-06
71.25      7.88827e-06
71.3125    7.83048e-06
71.375     7.55687e-06
71.4375    7.7949e-06
71.5       8.71506e-06
71.5625    8.94652e-06
71.625     8.19315e-06
71.6875    7.18871e-06
71.75      6.97854e-06
71.8125    7.33555e-06
71.875     7.62082e-06
71.9375    7.6703e-06
72         7.26795e-06
72.0625    6.80868e-06
72.125     6.49438e-06
72.1875    6.41375e-06
72.25      6.81558e-06
72.3125    7.32945e-06
72.375     7.57901e-06
72.4375    7.78178e-06
72.5       8.41117e-06
72.5625    9.15414e-06
72.625     9.30805e-06
72.6875    9.18526e-06
72.75      8.87996e-06
72.8125    8.77397e-06
72.875     9.14357e-06
72.9375    9.34893e-06
73         9.39259e-06
73.0625    9.04824e-06
73.125     8.57767e-06
73.1875    8.01373e-06
73.25      7.49224e-06
73.3125    7.55779e-06
73.375     7.81551e-06
73.4375    8.04896e-06
73.5       8.20543e-06
73.5625    8.25789e-06
73.625     8.45136e-06
73.6875    8.67031e-06
73.75      8.71902e-06
73.8125    8.473e-06 
73.875     8.34639e-06
73.9375    7.92321e-06
74         7.1427e-06
74.0625    6.89525e-06
74.125     7.21047e-06
74.1875    7.90855e-06
74.25      8.37213e-06
74.3125    8.29488e-06
74.375     8.36768e-06
74.4375    7.9528e-06
74.5       7.23641e-06
74.5625    7.47749e-06
74.625     8.02611e-06
74.6875    7.92934e-06
74.75      7.4005e-06
74.8125    7.30098e-06
74.875     7.61039e-06
74.9375    7.99174e-06
75         8.3615e-06
75.0625    8.39717e-06
75.125     7.8741e-06
75.1875    7.23433e-06
75.25      6.6514e-06
75.3125    6.59752e-06
75.375     6.98988e-06
75.4375    7.5282e-06
75.5       8.08763e-06
75.5625    8.32899e-06
75.625     8.35861e-06
75.6875    8.16271e-06
75.75      8.40958e-06
75.8125    8.96008e-06
75.875     8.91421e-06
75.9375    8.52961e-06
76         8.27207e-06
76.0625    7.93319e-06
76.125     7.46008e-06
76.1875    6.45542e-06
76.25      6.21366e-06
76.3125    7.07992e-06
76.375     7.5208e-06
76.4375    7.47827e-06
76.5       7.5345e-06
76.5625    7.81378e-06
76.625     7.91749e-06
76.6875    7.69064e-06
76.75      7.44295e-06
76.8125    6.9295e-06
76.875     6.15097e-06
76.9375    5.71089e-06
77         5.88116e-06
77.0625    6.46827e-06
77.125     7.39711e-06
77.1875    7.9777e-06
77.25      8.18192e-06
77.3125    8.18289e-06
77.375     7.75201e-06
77.4375    6.94822e-06
77.5       6.20223e-06
77.5625    6.30101e-06
77.625     6.85702e-06
77.6875    7.14979e-06
77.75      8.0917e-06
77.8125    9.29609e-06
77.875     9.32845e-06
77.9375    8.55856e-06
78         7.42821e-06
78.0625    6.691e-06 
78.125     7.14704e-06
78.1875    7.85285e-06
78.25      8.36719e-06
78.3125    8.09309e-06
78.375     7.69963e-06
78.4375    7.87942e-06
78.5       8.2507e-06
78.5625    8.60584e-06
78.625     8.45116e-06
78.6875    7.69612e-06
78.75      6.88239e-06
78.8125    6.63844e-06
78.875     6.77244e-06
78.9375    7.43558e-06
79         8.4942e-06
79.0625    9.13856e-06
79.125     8.73882e-06
79.1875    8.14523e-06
79.25      8.25783e-06
79.3125    8.94291e-06
79.375     9.27853e-06
79.4375    8.80724e-06
79.5       8.11262e-06
79.5625    7.92167e-06
79.625     8.34735e-06
79.6875    8.69459e-06
79.75      8.68616e-06
79.8125    8.2073e-06
79.875     8.02469e-06
79.9375    8.32705e-06
80         8.80409e-06
80.0625    8.61522e-06
80.125     7.84859e-06
80.1875    7.1808e-06
80.25      7.13969e-06
80.3125    7.79833e-06
80.375     8.40971e-06
80.4375    8.39538e-06
80.5       8.04442e-06
80.5625    7.80117e-06
80.625     7.84593e-06
80.6875    7.88422e-06
80.75      8.02982e-06
80.8125    7.77297e-06
80.875     7.32094e-06
80.9375    6.77716e-06
81         6.1573e-06
81.0625    6.63739e-06
81.125     7.30776e-06
81.1875    8.01819e-06
81.25      8.55403e-06
81.3125    8.6806e-06
81.375     8.33628e-06
81.4375    7.70489e-06
81.5       7.25831e-06
81.5625    7.27651e-06
81.625     7.74725e-06
81.6875    7.77504e-06
81.75      7.2197e-06
81.8125    6.61314e-06
81.875     6.44297e-06
81.9375    7.01048e-06
82         6.91886e-06
82.0625    6.21011e-06
82.125     5.55345e-06
82.1875    5.54332e-06
82.25      6.23136e-06
82.3125    6.57971e-06
82.375     6.72965e-06
82.4375    6.92839e-06
82.5       7.13135e-06
82.5625    7.29474e-06
82.625     7.82144e-06
82.6875    8.06504e-06
82.75      7.91897e-06
82.8125    7.81534e-06
82.875     7.60883e-06
82.9375    7.87678e-06
83         8.15435e-06
83.0625    8.40517e-06
83.125     8.27449e-06
83.1875    7.62767e-06
83.25      7.31631e-06
83.3125    7.45841e-06
83.375     7.49032e-06
83.4375    6.96891e-06
83.5       6.54604e-06
83.5625    6.68194e-06
83.625     6.97084e-06
83.6875    7.1471e-06
83.75      7.15942e-06
83.8125    6.93891e-06
83.875     6.92016e-06
83.9375    7.02187e-06
84         6.91508e-06
84.0625    7.09848e-06
84.125     7.23972e-06
84.1875    6.50329e-06
84.25      5.72333e-06
84.3125    6.0884e-06
84.375     7.08099e-06
84.4375    7.72602e-06
84.5       7.73244e-06
84.5625    7.5656e-06
84.625     7.40536e-06
84.6875    6.93229e-06
84.75      7.05308e-06
84.8125    7.9512e-06
84.875     8.93582e-06
84.9375    9.3742e-06
85         8.84271e-06
85.0625    8.15268e-06
85.125     7.6301e-06
85.1875    7.19389e-06
85.25      6.74493e-06
85.3125    6.17279e-06
85.375     5.84161e-06
85.4375    5.82414e-06
85.5       5.98693e-06
85.5625    6.17638e-06
85.625     6.01768e-06
85.6875    6.06972e-06
85.75      6.34276e-06
85.8125    6.73433e-06
85.875     7.097e-06 
85.9375    7.33967e-06
86         7.85824e-06
86.0625    8.23678e-06
86.125     8.16736e-06
86.1875    7.81621e-06
86.25      7.55149e-06
86.3125    7.62034e-06
86.375     7.56667e-06
86.4375    7.25591e-06
86.5       7.14563e-06
86.5625    7.08171e-06
86.625     7.1356e-06
86.6875    7.10128e-06
86.75      6.91659e-06
86.8125    6.62244e-06
86.875     6.30742e-06
86.9375    6.75998e-06
87         7.27569e-06
87.0625    7.13737e-06
87.125     6.58423e-06
87.1875    6.39202e-06
87.25      6.7405e-06
87.3125    6.96942e-06
87.375     7.02941e-06
87.4375    7.22411e-06
87.5       7.14692e-06
87.5625    6.50773e-06
87.625     5.91156e-06
87.6875    6.00162e-06
87.75      6.16335e-06
87.8125    6.56983e-06
87.875     7.30565e-06
87.9375    7.72624e-06
88         7.39646e-06
88.0625    6.68069e-06
88.125     6.33213e-06
88.1875    6.51158e-06
88.25      7.00194e-06
88.3125    7.27965e-06
88.375     7.1332e-06
88.4375    6.82304e-06
88.5       7.04868e-06
88.5625    7.6994e-06
88.625     7.74499e-06
88.6875    7.20903e-06
88.75      7.10657e-06
88.8125    7.39537e-06
88.875     7.39053e-06
88.9375    6.49644e-06
89         6.27243e-06
89.0625    7.07734e-06
89.125     7.45256e-06
89.1875    7.39752e-06
89.25      6.99557e-06
89.3125    6.60591e-06
89.375     6.47912e-06
89.4375    6.47146e-06
89.5       6.263e-06 
89.5625    6.36924e-06
89.625     6.98333e-06
89.6875    7.44028e-06
89.75      7.48192e-06
89.8125    7.25366e-06
89.875     6.83918e-06
89.9375    6.82761e-06
90         7.31418e-06
90.0625    7.45603e-06
90.125     7.19818e-06
90.1875    6.86776e-06
90.25      6.45494e-06
90.3125    6.40366e-06
90.375     6.47829e-06
90.4375    6.63147e-06
90.5       6.94876e-06
90.5625    7.26344e-06
90.625     7.49513e-06
90.6875    7.42351e-06
90.75      7.21044e-06
90.8125    7.1908e-06
90.875     7.31987e-06
90.9375    7.37863e-06
91         7.33129e-06
91.0625    7.33419e-06
91.125     7.35226e-06
91.1875    7.13209e-06
91.25      6.81446e-06
91.3125    6.31059e-06
91.375     6.69226e-06
91.4375    7.19905e-06
91.5       7.12091e-06
91.5625    6.67789e-06
91.625     6.19668e-06
91.6875    6.09546e-06
91.75      6.25518e-06
91.8125    6.58417e-06
91.875     6.84894e-06
91.9375    6.66087e-06
92         6.0477e-06
92.0625    5.54546e-06
92.125     5.92315e-06
92.1875    6.70056e-06
92.25      7.40537e-06
92.3125    7.72358e-06
92.375     7.80135e-06
92.4375    7.46559e-06
92.5       6.95542e-06
92.5625    6.89328e-06
92.625     6.99134e-06
92.6875    7.40097e-06
92.75      7.87963e-06
92.8125    7.70919e-06
92.875     6.82691e-06
92.9375    5.90492e-06
93         5.89839e-06
93.0625    6.51141e-06
93.125     6.77333e-06
93.1875    6.5685e-06
93.25      6.41719e-06
93.3125    6.32341e-06
93.375     6.31172e-06
93.4375    5.9958e-06
93.5       5.58175e-06
93.5625    5.86407e-06
93.625     6.36971e-06
93.6875    6.80948e-06
93.75      6.77179e-06
93.8125    6.78819e-06
93.875     6.9038e-06
93.9375    7.23089e-06
94         7.359e-06 
94.0625    6.96156e-06
94.125     6.42068e-06
94.1875    6.30787e-06
94.25      6.35172e-06
94.3125    6.2407e-06
94.375     6.53967e-06
94.4375    6.61852e-06
94.5       6.39093e-06
94.5625    6.10566e-06
94.625     5.7624e-06
94.6875    5.86862e-06
94.75      5.87439e-06
94.8125    6.09992e-06
94.875     6.28461e-06
94.9375    6.44306e-06
95         6.40088e-06
95.0625    6.12106e-06
95.125     5.90859e-06
95.1875    5.82014e-06
95.25      5.60228e-06
95.3125    5.76426e-06
95.375     6.13527e-06
95.4375    6.11462e-06
95.5       6.18037e-06
95.5625    6.621e-06 
95.625     6.6924e-06
95.6875    6.44112e-06
95.75      6.05349e-06
95.8125    5.34954e-06
95.875     4.77621e-06
95.9375    5.28766e-06
96         6.34807e-06
96.0625    6.9536e-06
96.125     6.77056e-06
96.1875    6.14819e-06
96.25      5.78697e-06
96.3125    5.75202e-06
96.375     5.5605e-06
96.4375    5.75941e-06
96.5       6.18133e-06
96.5625    6.17339e-06
96.625     5.79667e-06
96.6875    5.74291e-06
96.75      5.79952e-06
96.8125    5.78134e-06
96.875     6.15594e-06
96.9375    6.19366e-06
97         5.51343e-06
97.0625    5.19131e-06
97.125     5.45614e-06
97.1875    5.98376e-06
97.25      6.30137e-06
97.3125    6.50669e-06
97.375     6.40834e-06
97.4375    5.68238e-06
97.5       5.26919e-06
97.5625    5.23849e-06
97.625     5.44268e-06
97.6875    5.89543e-06
97.75      6.23936e-06
97.8125    6.12861e-06
97.875     6.02648e-06
97.9375    5.9373e-06
98         5.6648e-06
98.0625    5.42373e-06
98.125     5.56387e-06
98.1875    6.33967e-06
98.25      6.95643e-06
98.3125    7.21054e-06
98.375     7.18772e-06
98.4375    7.25398e-06
98.5       7.34587e-06
98.5625    7.45354e-06
98.625     7.18595e-06
98.6875    6.96876e-06
98.75      6.7904e-06
98.8125    6.84362e-06
98.875     7.08431e-06
98.9375    6.77355e-06
99         6.00494e-06
99.0625    5.70731e-06
99.125     5.92294e-06
99.1875    6.2014e-06
99.25      6.55921e-06
99.3125    6.65363e-06
99.375     6.10112e-06
99.4375    5.3677e-06
99.5       5.32963e-06
99.5625    5.5939e-06
99.625     5.66775e-06
99.6875    6.03306e-06
99.75      6.21324e-06
99.8125    6.3145e-06
99.875     6.51572e-06
99.9375    6.49075e-06
100        6.208e-06 
