# Freq.    Mag.
0          8.02498e-06
1          7.84711e-06
2          5.43317e-06
3          2.38572e-06
4          1.8148e-06
5          1.54156e-06
6          1.23418e-06
7          1.05924e-06
8          9.75885e-07
9          9.80153e-07
10         1.03295e-06
11         1.07582e-06
12         1.10308e-06
13         1.12062e-06
14         1.14028e-06
15         1.14041e-06
16         1.13214e-06
17         1.10878e-06
18         1.06543e-06
19         1.06636e-06
20         1.12132e-06
21         1.16539e-06
22         1.19032e-06
23         1.22342e-06
24         1.19972e-06
25         1.17854e-06
26         1.26026e-06
27         1.31961e-06
28         1.27778e-06
29         1.18707e-06
30         1.05165e-06
31         9.65049e-07
32         9.51257e-07
33         9.73066e-07
34         9.4528e-07
35         9.27124e-07
36         3.93246e-06
37         1.9205e-05
38         3.77206e-05
39         4.2638e-05
40         4.25714e-05
41         3.54484e-05
42         1.58388e-05
43         2.67424e-06
44         9.28585e-07
45         9.40003e-07
46         9.29831e-07
47         1.18351e-06
48         1.77355e-06
49         1.96026e-06
50         1.89747e-06
51         1.63193e-06
52         9.99157e-07
53         7.91371e-07
54         8.09285e-07
55         8.22068e-07
56         8.47305e-07
57         1.10116e-06
58         2.19888e-06
59         3.02288e-06
60         3.05802e-06
61         2.93232e-06
62         2.03351e-06
63         1.00696e-06
64         8.64287e-07
65         9.26557e-07
66         9.9961e-07
67         9.75466e-07
68         9.36381e-07
69         9.01689e-07
70         9.04425e-07
71         8.86382e-07
72         8.39715e-07
73         8.20707e-07
74         7.76229e-07
75         7.5424e-07
76         7.8547e-07
77         1.00928e-06
78         1.19364e-06
79         1.20632e-06
80         1.21018e-06
81         1.08131e-06
82         9.4527e-07
83         8.58698e-07
84         8.04077e-07
85         8.24492e-07
86         8.75987e-07
87         9.0137e-07
88         9.08448e-07
89         9.47896e-07
90         9.52298e-07
91         9.32509e-07
92         9.09381e-07
93         9.24577e-07
94         9.47836e-07
95         9.53639e-07
96         9.71898e-07
97         1.02854e-06
98         1.10501e-06
99         1.09079e-06
100        1.02192e-06
101        9.6217e-07
102        8.82128e-07
103        8.51086e-07
104        8.86407e-07
105        8.94757e-07
106        8.79378e-07
107        8.70623e-07
108        9.05359e-07
109        9.41185e-07
110        9.33705e-07
111        9.10697e-07
112        8.64268e-07
113        7.79967e-07
114        7.0373e-07
115        1.80938e-06
116        7.1015e-06
117        1.23842e-05
118        1.36888e-05
119        1.39401e-05
120        1.11385e-05
121        5.89213e-06
122        2.97729e-06
123        1.17459e-06
124        9.13473e-07
125        9.59666e-07
126        1.04096e-06
127        1.07287e-06
128        1.02731e-06
129        9.46284e-07
130        8.69682e-07
131        8.81776e-07
132        9.04764e-07
133        9.29526e-07
134        9.36137e-07
135        9.15548e-07
136        8.89318e-07
137        8.71262e-07
138        8.6417e-07
139        9.44506e-07
140        9.75545e-07
141        9.28837e-07
142        8.91681e-07
143        9.00471e-07
144        9.38914e-07
145        9.43488e-07
146        9.42338e-07
147        9.40147e-07
148        9.46799e-07
149        9.96334e-07
150        1.01767e-06
151        1.03045e-06
152        1.03363e-06
153        1.01532e-06
154        9.80861e-07
155        9.39548e-07
156        9.47406e-07
157        1.0093e-06
158        1.03253e-06
159        9.85111e-07
160        9.13102e-07
161        9.09467e-07
162        9.59411e-07
163        9.73087e-07
164        9.54209e-07
165        8.99816e-07
166        8.63182e-07
167        8.83035e-07
168        9.16023e-07
169        9.19058e-07
170        9.02869e-07
171        8.8484e-07
172        8.8822e-07
173        9.2656e-07
174        9.29874e-07
175        8.89714e-07
176        8.6914e-07
177        1.50801e-06
178        3.91514e-06
179        5.55131e-06
180        5.67089e-06
181        5.45843e-06
182        3.56712e-06
183        1.2307e-06
184        8.7289e-07
185        9.25619e-07
186        9.441e-07 
187        9.44837e-07
188        9.6216e-07
189        9.58025e-07
190        9.51024e-07
191        9.49758e-07
192        9.19224e-07
193        9.29078e-07
194        1.70953e-06
195        4.66831e-06
196        7.12438e-06
197        7.41093e-06
198        7.25821e-06
199        5.19886e-06
200        1.97494e-06
201        1.01334e-06
202        9.57231e-07
203        9.13849e-07
204        8.92501e-07
205        8.86672e-07
206        8.99604e-07
207        9.35474e-07
208        9.23558e-07
209        8.87338e-07
210        8.83301e-07
211        8.71566e-07
212        8.82255e-07
213        8.98709e-07
214        8.86822e-07
215        8.68881e-07
216        8.54334e-07
217        8.47116e-07
218        8.25874e-07
219        7.75474e-07
220        7.60093e-07
221        7.88709e-07
222        8.11542e-07
223        7.95451e-07
224        7.81985e-07
225        7.7522e-07
226        7.72834e-07
227        8.16599e-07
228        8.69839e-07
229        9.09724e-07
230        8.83368e-07
231        8.34081e-07
232        8.07647e-07
233        8.16502e-07
234        8.77437e-07
235        9.55437e-07
236        9.7621e-07
237        1.22613e-06
238        2.60739e-06
239        3.59935e-06
240        3.63362e-06
241        3.40422e-06
242        2.17858e-06
243        9.34239e-07
244        8.6252e-07
245        8.86717e-07
246        9.0058e-07
247        8.80065e-07
248        8.73113e-07
249        8.70442e-07
250        8.72734e-07
251        9.16048e-07
252        9.0773e-07
253        9.10756e-07
254        9.1547e-07
255        8.9245e-07
256        9.01997e-07
257        9.2255e-07
258        9.23049e-07
259        9.6634e-07
260        9.73822e-07
261        9.48908e-07
262        9.01178e-07
263        8.71096e-07
264        8.83399e-07
265        8.64959e-07
266        8.50234e-07
267        8.53618e-07
268        9.32257e-07
269        9.79682e-07
270        9.50673e-07
271        9.27946e-07
272        8.9572e-07
273        1.49985e-06
274        3.82605e-06
275        5.36169e-06
276        5.47489e-06
277        5.23553e-06
278        3.37729e-06
279        1.18963e-06
280        8.00866e-07
281        7.82832e-07
282        7.59977e-07
283        7.69532e-07
284        8.14862e-07
285        8.71069e-07
286        9.3183e-07
287        9.57053e-07
288        9.19431e-07
289        8.87464e-07
290        8.38524e-07
291        7.93244e-07
292        7.73469e-07
293        7.23893e-07
294        7.18781e-07
295        8.07689e-07
296        8.83016e-07
297        1.09625e-06
298        2.13466e-06
299        2.88945e-06
300        2.95648e-06
301        2.83926e-06
302        1.90035e-06
303        9.42384e-07
304        8.21369e-07
305        7.88871e-07
306        7.41796e-07
307        7.85772e-07
308        8.55333e-07
309        8.65393e-07
310        8.15216e-07
311        7.71169e-07
312        8.09321e-07
313        9.01039e-07
314        9.96231e-07
315        1.00559e-06
316        9.7879e-07
317        9.36216e-07
318        9.14943e-07
319        9.08062e-07
320        9.15991e-07
321        9.34832e-07
322        9.34277e-07
323        9.17878e-07
324        8.94944e-07
325        8.66349e-07
326        8.22966e-07
327        8.21047e-07
328        8.68473e-07
329        8.85705e-07
330        8.54363e-07
331        8.72776e-07
332        9.0295e-07
333        8.96202e-07
334        9.11485e-07
335        9.18644e-07
336        9.00245e-07
337        8.78935e-07
338        8.36257e-07
339        8.02692e-07
340        8.09405e-07
341        8.63304e-07
342        9.10019e-07
343        9.34178e-07
344        9.27167e-07
345        8.90351e-07
346        8.45632e-07
347        7.79568e-07
348        7.32006e-07
349        7.5196e-07
350        7.99462e-07
351        8.33272e-07
352        1.57079e-06
353        3.59657e-06
354        4.61177e-06
355        4.6517e-06
356        4.34773e-06
357        2.73503e-06
358        2.75464e-06
359        3.66656e-06
360        3.69812e-06
361        3.5009e-06
362        2.2516e-06
363        9.89296e-07
364        8.48962e-07
365        8.00088e-07
366        7.93371e-07
367        8.25423e-07
368        8.58502e-07
369        8.9375e-07
370        9.06094e-07
371        9.09828e-07
372        9.23073e-07
373        9.04142e-07
374        8.63719e-07
375        8.40617e-07
376        1.02324e-06
377        1.30995e-06
378        1.40094e-06
379        1.42192e-06
380        1.24021e-06
381        9.91677e-07
382        9.25831e-07
383        9.18355e-07
384        9.06009e-07
385        8.86819e-07
386        8.67147e-07
387        8.7987e-07
388        9.37584e-07
389        1.00087e-06
390        1.0255e-06
391        9.90375e-07
392        9.87848e-07
393        1.0223e-06
394        1.07123e-06
395        1.10865e-06
396        1.0343e-06
397        9.49148e-07
398        9.82673e-07
399        1.03597e-06
400        1.01452e-06
401        9.75837e-07
402        9.30499e-07
403        8.88985e-07
404        8.28223e-07
405        7.93832e-07
406        8.25629e-07
407        8.42059e-07
408        8.27041e-07
409        8.22852e-07
410        8.27058e-07
411        8.10663e-07
412        8.30529e-07
413        8.78704e-07
414        8.76367e-07
415        8.28108e-07
416        8.33549e-07
417        1.19129e-06
418        2.56644e-06
419        3.50179e-06
420        3.57495e-06
421        3.42794e-06
422        2.27346e-06
423        1.03052e-06
424        8.81264e-07
425        9.21029e-07
426        9.3879e-07
427        9.76066e-07
428        1.00968e-06
429        1.00407e-06
430        1.00224e-06
431        1.70941e-06
432        3.36047e-06
433        4.0328e-06
434        4.06584e-06
435        3.64975e-06
436        2.08079e-06
437        9.76965e-07
438        8.33671e-07
439        8.67068e-07
440        8.74687e-07
441        8.46447e-07
442        8.42615e-07
443        8.37111e-07
444        8.34204e-07
445        8.23394e-07
446        8.13546e-07
447        8.22038e-07
448        8.32347e-07
449        8.72682e-07
450        9.13861e-07
451        9.26137e-07
452        9.32631e-07
453        9.12841e-07
454        9.04954e-07
455        8.70519e-07
456        8.30089e-07
457        8.68723e-07
458        9.18028e-07
459        9.38688e-07
460        9.4499e-07
461        9.54672e-07
462        9.47357e-07
463        9.33369e-07
464        9.18639e-07
465        9.32384e-07
466        9.27819e-07
467        8.86077e-07
468        8.54008e-07
469        8.26937e-07
470        8.57023e-07
471        9.89732e-07
472        1.1092e-06
473        1.1046e-06
474        1.08237e-06
475        9.6697e-07
476        8.78951e-07
477        1.10381e-06
478        2.11392e-06
479        2.80323e-06
480        2.86721e-06
481        2.76755e-06
482        1.88392e-06
483        1.00512e-06
484        8.05335e-07
485        7.68871e-07
486        7.97421e-07
487        8.07923e-07
488        8.30762e-07
489        8.54443e-07
490        8.68967e-07
491        9.24382e-07
492        9.48705e-07
493        9.27556e-07
494        8.55456e-07
495        7.56952e-07
496        7.20908e-07
497        7.3515e-07
498        7.807e-07 
499        8.57878e-07
500        8.93709e-07
501        8.73203e-07
502        8.21052e-07
503        7.84529e-07
504        7.798e-07 
505        8.05662e-07
506        8.77394e-07
507        9.44454e-07
508        9.69864e-07
509        9.62242e-07
510        1.61921e-06
511        2.86743e-06
512        3.24365e-06
513        3.24245e-06
514        2.71293e-06
515        1.42758e-06
516        9.27022e-07
517        9.72844e-07
518        9.65072e-07
519        9.33685e-07
520        9.21021e-07
521        9.12605e-07
522        8.79108e-07
523        8.37434e-07
524        1.211e-06 
525        2.474e-06 
526        3.21458e-06
527        3.22142e-06
528        2.98017e-06
529        1.87214e-06
530        9.76659e-07
531        9.44302e-07
532        9.25316e-07
533        8.66439e-07
534        8.24898e-07
535        8.23177e-07
536        8.67156e-07
537        1.12063e-06
538        2.06071e-06
539        2.63429e-06
540        2.62857e-06
541        2.48693e-06
542        1.64504e-06
543        9.33265e-07
544        8.21136e-07
545        7.83211e-07
546        8.24126e-07
547        8.32637e-07
548        8.44861e-07
549        8.54875e-07
550        9.72721e-07
551        1.13365e-06
552        1.18854e-06
553        1.17027e-06
554        9.87945e-07
555        8.6454e-07
556        8.56707e-07
557        8.50394e-07
558        8.57703e-07
559        8.67404e-07
560        8.59188e-07
561        8.53263e-07
562        8.7295e-07
563        9.38172e-07
564        9.6816e-07
565        9.66573e-07
566        9.60889e-07
567        9.22735e-07
568        8.894e-07 
569        8.88764e-07
570        8.71031e-07
571        8.49958e-07
572        8.36476e-07
573        8.33088e-07
574        8.44044e-07
575        8.49425e-07
576        8.76443e-07
577        9.30442e-07
578        9.75781e-07
579        9.67829e-07
580        9.32656e-07
581        8.75828e-07
582        8.09743e-07
583        8.18115e-07
584        8.51166e-07
585        8.69941e-07
586        8.46781e-07
587        7.82427e-07
588        7.92065e-07
589        1.37061e-06
590        2.1353e-06
591        2.27636e-06
592        2.27424e-06
593        1.88051e-06
594        1.09225e-06
595        7.8575e-07
596        7.37345e-07
597        9.0271e-07
598        1.53947e-06
599        1.958e-06 
600        1.93565e-06
601        1.77698e-06
602        1.19855e-06
603        7.76962e-07
604        8.06131e-07
605        8.1716e-07
606        8.23497e-07
607        8.29488e-07
608        8.58435e-07
609        9.00761e-07
610        8.96366e-07
611        8.56999e-07
612        8.17445e-07
613        8.39999e-07
614        8.80315e-07
615        8.86417e-07
616        8.74254e-07
617        8.83016e-07
618        9.01874e-07
619        8.94873e-07
620        8.64916e-07
621        8.34813e-07
622        7.99186e-07
623        8.02408e-07
624        8.66112e-07
625        9.43022e-07
626        9.74323e-07
627        9.50187e-07
628        9.14345e-07
629        1.02827e-06
630        1.10487e-06
631        1.13176e-06
632        1.12474e-06
633        9.53126e-07
634        8.61557e-07
635        8.46704e-07
636        8.16081e-07
637        7.61352e-07
638        7.28685e-07
639        7.78708e-07
640        8.12124e-07
641        8.14476e-07
642        8.30531e-07
643        8.30695e-07
644        8.35239e-07
645        8.38312e-07
646        8.14274e-07
647        8.19751e-07
648        8.75854e-07
649        9.11847e-07
650        9.25336e-07
651        9.31899e-07
652        8.92997e-07
653        8.94363e-07
654        9.14138e-07
655        9.42845e-07
656        9.49089e-07
657        9.994e-07 
658        1.47912e-06
659        1.86058e-06
660        1.90908e-06
661        1.86112e-06
662        1.37361e-06
663        9.42294e-07
664        8.70023e-07
665        8.60944e-07
666        8.60616e-07
667        8.95417e-07
668        1.33521e-06
669        1.86695e-06
670        1.97088e-06
671        1.94207e-06
672        1.50838e-06
673        9.84921e-07
674        8.56864e-07
675        8.25338e-07
676        8.02936e-07
677        7.68575e-07
678        7.64618e-07
679        7.49981e-07
680        7.81371e-07
681        8.24028e-07
682        8.16683e-07
683        7.85887e-07
684        8.08324e-07
685        8.6342e-07
686        9.10683e-07
687        9.00513e-07
688        8.63528e-07
689        8.66362e-07
690        8.83343e-07
691        8.82412e-07
692        8.76566e-07
693        8.88374e-07
694        9.09008e-07
695        9.37824e-07
696        9.53153e-07
697        9.54943e-07
698        9.35036e-07
699        8.87768e-07
700        8.26454e-07
701        8.54124e-07
702        9.07582e-07
703        9.28535e-07
704        9.00775e-07
705        8.70977e-07
706        8.48126e-07
707        8.67862e-07
708        1.015e-06 
709        1.06956e-06
710        1.03118e-06
711        9.91679e-07
712        9.1744e-07
713        9.06654e-07
714        9.50326e-07
715        9.60483e-07
716        9.37772e-07
717        9.6751e-07
718        1.27607e-06
719        1.49386e-06
720        1.47538e-06
721        1.40602e-06
722        1.08481e-06
723        8.50204e-07
724        8.24446e-07
725        8.37976e-07
726        8.35114e-07
727        8.54731e-07
728        8.90758e-07
729        8.80712e-07
730        8.38981e-07
731        8.60623e-07
732        9.20611e-07
733        9.61807e-07
734        9.3567e-07
735        9.03729e-07
736        8.73131e-07
737        8.84455e-07
738        9.0715e-07
739        8.71529e-07
740        8.33406e-07
741        8.02805e-07
742        8.09284e-07
743        8.13533e-07
744        8.15817e-07
745        8.21619e-07
746        8.92711e-07
747        1.32315e-06
748        1.70727e-06
749        1.79049e-06
750        1.77363e-06
751        1.37868e-06
752        9.94003e-07
753        9.18511e-07
754        8.93504e-07
755        8.5156e-07
756        8.2415e-07
757        8.48286e-07
758        8.8019e-07
759        9.10775e-07
760        9.1597e-07
761        8.96926e-07
762        8.86809e-07
763        8.81358e-07
764        8.67742e-07
765        8.31664e-07
766        7.90329e-07
767        7.89159e-07
768        8.3078e-07
769        8.67152e-07
770        8.66366e-07
771        8.66169e-07
772        8.77555e-07
773        9.25244e-07
774        9.53026e-07
775        9.38157e-07
776        8.82835e-07
777        8.59938e-07
778        1.10609e-06
779        1.26197e-06
780        1.24439e-06
781        1.18976e-06
782        9.23021e-07
783        8.43273e-07
784        8.6036e-07
785        8.87547e-07
786        9.68246e-07
787        1.04253e-06
788        1.01432e-06
789        9.00438e-07
790        8.05435e-07
791        7.97714e-07
792        8.57714e-07
793        8.46679e-07
794        8.07741e-07
795        8.06947e-07
796        8.35323e-07
797        8.78971e-07
798        9.04075e-07
799        9.12542e-07
800        9.37048e-07
801        9.78509e-07
802        1.03437e-06
803        1.04989e-06
804        1.04218e-06
805        9.8265e-07
806        8.84e-07  
807        7.77764e-07
808        7.04511e-07
809        6.99121e-07
810        7.71231e-07
811        8.12424e-07
812        8.48922e-07
813        8.94136e-07
814        8.95582e-07
815        8.7062e-07
816        8.46075e-07
817        8.61895e-07
818        8.64136e-07
819        8.41961e-07
820        8.79033e-07
821        9.08315e-07
822        9.12709e-07
823        9.21392e-07
824        9.187e-07 
825        9.82775e-07
826        1.4142e-06
827        1.69647e-06
828        1.67723e-06
829        1.56709e-06
830        1.12186e-06
831        8.26779e-07
832        8.47982e-07
833        8.83087e-07
834        8.89311e-07
835        8.74317e-07
836        8.82231e-07
837        9.23936e-07
838        1.12077e-06
839        1.30197e-06
840        1.34285e-06
841        1.31483e-06
842        1.06725e-06
843        9.19765e-07
844        9.58061e-07
845        9.75186e-07
846        9.16206e-07
847        8.82171e-07
848        8.79512e-07
849        9.05554e-07
850        9.67078e-07
851        1.00825e-06
852        1.02855e-06
853        1.02786e-06
854        1.01659e-06
855        9.60136e-07
856        9.06405e-07
857        8.72069e-07
858        8.46874e-07
859        8.53382e-07
860        8.73172e-07
861        8.85691e-07
862        8.86921e-07
863        8.70301e-07
864        8.96767e-07
865        1.05086e-06
866        1.16686e-06
867        1.15845e-06
868        1.14616e-06
869        1.05735e-06
870        9.4485e-07
871        8.99314e-07
872        8.87573e-07
873        8.68302e-07
874        8.57522e-07
875        8.37457e-07
876        8.07908e-07
877        8.12636e-07
878        8.27511e-07
879        8.14169e-07
880        7.85394e-07
881        7.93536e-07
882        8.32205e-07
883        8.49232e-07
884        8.6458e-07
885        9.00113e-07
886        9.48343e-07
887        9.75618e-07
888        9.58642e-07
889        9.04507e-07
890        8.39162e-07
891        8.16798e-07
892        8.23175e-07
893        8.09818e-07
894        7.81964e-07
895        7.66041e-07
896        7.64809e-07
897        7.77867e-07
898        8.57445e-07
899        9.1991e-07
900        9.31542e-07
901        9.34111e-07
902        8.97682e-07
903        1.04062e-06
904        1.33059e-06
905        1.71209e-06
906        1.90174e-06
907        1.75523e-06
908        1.51607e-06
909        1.12853e-06
910        9.81769e-07
911        9.51791e-07
912        9.00874e-07
913        8.58445e-07
914        8.55735e-07
915        8.66058e-07
916        9.02858e-07
917        9.30302e-07
918        9.63389e-07
919        9.62626e-07
920        9.10584e-07
921        8.67478e-07
922        8.28775e-07
923        8.15491e-07
924        7.89482e-07
925        7.63306e-07
926        7.7683e-07
927        7.70838e-07
928        7.81608e-07
929        8.02933e-07
930        8.41358e-07
931        8.6278e-07
932        8.39927e-07
933        8.13383e-07
934        7.84331e-07
935        7.8794e-07
936        8.09278e-07
937        8.32749e-07
938        8.70037e-07
939        8.90878e-07
940        8.98193e-07
941        9.25167e-07
942        9.19816e-07
943        9.13517e-07
944        9.61713e-07
945        1.02203e-06
946        1.02114e-06
947        9.97762e-07
948        9.20193e-07
949        8.78872e-07
950        8.8415e-07
951        8.89894e-07
952        9.08782e-07
953        9.17264e-07
954        9.28263e-07
955        8.85675e-07
956        8.32681e-07
957        8.51777e-07
958        8.88966e-07
959        9.08958e-07
960        9.04335e-07
961        9.03838e-07
962        8.92968e-07
963        8.85062e-07
964        8.89745e-07
965        8.8152e-07
966        9.01064e-07
967        8.87422e-07
968        8.88166e-07
969        8.86334e-07
970        8.82134e-07
971        9.0256e-07
972        9.18632e-07
973        9.07617e-07
974        9.1538e-07
975        9.35981e-07
976        9.38607e-07
977        8.91449e-07
978        8.34202e-07
979        8.30014e-07
980        8.27009e-07
981        8.1924e-07
982        8.64468e-07
983        1.09075e-06
984        1.47792e-06
985        1.54794e-06
986        1.50039e-06
987        1.32227e-06
988        9.34038e-07
989        8.15312e-07
990        8.6619e-07
991        9.06701e-07
992        8.96304e-07
993        8.67346e-07
994        8.51425e-07
995        8.28228e-07
996        7.95126e-07
997        8.48636e-07
998        1.0405e-06
999        1.16409e-06
1000       1.10854e-06
1001       1.05547e-06
1002       9.49401e-07
1003       8.65675e-07
1004       8.58279e-07
1005       8.76128e-07
1006       8.69058e-07
1007       8.83061e-07
1008       9.21182e-07
1009       9.42838e-07
1010       9.59895e-07
1011       9.85937e-07
1012       9.88806e-07
1013       9.34482e-07
1014       8.24022e-07
1015       7.33583e-07
1016       7.25447e-07
1017       7.70928e-07
1018       8.38721e-07
1019       8.70421e-07
1020       8.48697e-07
1021       8.13756e-07
1022       8.0498e-07
1023       8.75909e-07
1024       9.47491e-07
1025       9.74e-07  
1026       9.87405e-07
1027       9.56766e-07
1028       9.42849e-07
1029       9.40513e-07
1030       9.34705e-07
1031       9.13811e-07
1032       8.87249e-07
1033       8.94846e-07
1034       8.78238e-07
1035       8.5787e-07
1036       8.57834e-07
1037       8.50023e-07
1038       8.42282e-07
1039       8.34774e-07
1040       8.75238e-07
1041       9.01436e-07
1042       8.8532e-07
1043       8.5944e-07
1044       8.38615e-07
1045       8.28612e-07
1046       8.22721e-07
1047       8.01919e-07
1048       8.24794e-07
1049       8.73313e-07
1050       8.67323e-07
1051       8.35045e-07
1052       8.25862e-07
1053       8.53459e-07
1054       8.97322e-07
1055       8.82465e-07
1056       8.53863e-07
1057       8.44812e-07
1058       8.89319e-07
1059       9.41553e-07
1060       9.50614e-07
1061       9.42225e-07
1062       1.14062e-06
1063       1.53333e-06
1064       1.59357e-06
1065       1.58152e-06
1066       1.38055e-06
1067       1.02671e-06
1068       9.23595e-07
1069       9.34002e-07
1070       9.2809e-07
1071       9.01001e-07
1072       8.43699e-07
1073       8.0862e-07
1074       8.21236e-07
1075       8.26872e-07
1076       8.53461e-07
1077       8.9505e-07
1078       1.03901e-06
1079       1.12557e-06
1080       1.14269e-06
1081       1.15407e-06
1082       1.04754e-06
1083       1.01963e-06
1084       9.87809e-07
1085       9.5802e-07
1086       9.17505e-07
1087       8.78432e-07
1088       8.83576e-07
1089       8.67993e-07
1090       8.43653e-07
1091       8.42323e-07
1092       8.8012e-07
1093       9.27557e-07
1094       9.32922e-07
1095       8.93699e-07
1096       8.33625e-07
1097       8.16861e-07
1098       8.38442e-07
1099       9.04169e-07
1100       9.15805e-07
1101       8.90932e-07
1102       9.06664e-07
1103       9.35046e-07
1104       9.68279e-07
1105       9.89861e-07
1106       9.37275e-07
1107       8.93555e-07
1108       8.91096e-07
1109       8.76985e-07
1110       8.91134e-07
1111       9.03737e-07
1112       8.99038e-07
1113       8.95674e-07
1114       9.21302e-07
1115       9.49062e-07
1116       9.4231e-07
1117       9.2036e-07
1118       8.89521e-07
1119       8.23572e-07
1120       8.31635e-07
1121       8.81287e-07
1122       8.74493e-07
1123       8.47767e-07
1124       8.26292e-07
1125       8.01784e-07
1126       8.26885e-07
1127       8.35817e-07
1128       8.34441e-07
1129       8.29746e-07
1130       8.33104e-07
1131       8.33139e-07
1132       8.11719e-07
1133       8.79663e-07
1134       9.37219e-07
1135       9.57722e-07
1136       8.99696e-07
1137       8.02118e-07
1138       9.81043e-07
1139       1.10395e-06
1140       1.19449e-06
1141       1.48662e-06
1142       1.73755e-06
1143       1.74148e-06
1144       1.69001e-06
1145       1.34604e-06
1146       9.65084e-07
1147       8.81412e-07
1148       8.49766e-07
1149       8.31392e-07
1150       8.15719e-07
1151       8.4018e-07
1152       8.58247e-07
1153       8.45869e-07
1154       8.36001e-07
1155       8.49639e-07
1156       8.57643e-07
1157       8.39051e-07
1158       8.20579e-07
1159       7.91951e-07
1160       7.45685e-07
1161       7.43969e-07
1162       7.92063e-07
1163       8.19591e-07
1164       8.28706e-07
1165       8.17459e-07
1166       8.14729e-07
1167       8.25531e-07
1168       8.69926e-07
1169       9.15476e-07
1170       8.84682e-07
1171       8.58098e-07
1172       8.39778e-07
1173       8.22141e-07
1174       8.09583e-07
1175       7.85737e-07
1176       7.75688e-07
1177       7.59903e-07
1178       7.59462e-07
1179       7.97355e-07
1180       8.80835e-07
1181       1.00557e-06
1182       1.04919e-06
1183       1.0439e-06
1184       1.0273e-06
1185       9.64932e-07
1186       9.27789e-07
1187       8.94153e-07
1188       8.69488e-07
1189       8.92066e-07
1190       9.22267e-07
1191       9.40829e-07
1192       9.42707e-07
1193       9.01133e-07
1194       8.4775e-07
1195       8.29163e-07
1196       8.52004e-07
1197       9.58537e-07
1198       1.16124e-06
1199       1.24915e-06
1200       1.26193e-06
1201       1.23791e-06
1202       1.07155e-06
1203       9.53811e-07
1204       8.91707e-07
1205       8.88169e-07
1206       9.21119e-07
1207       9.27726e-07
1208       8.82847e-07
1209       8.28407e-07
1210       8.40209e-07
1211       8.8175e-07
1212       8.73233e-07
1213       8.20657e-07
1214       7.92835e-07
1215       8.02929e-07
1216       8.21809e-07
1217       8.11442e-07
1218       7.84398e-07
1219       8.26891e-07
1220       1.16874e-06
1221       1.46993e-06
1222       1.48145e-06
1223       1.42851e-06
1224       1.0715e-06
1225       8.14223e-07
1226       8.08046e-07
1227       7.93944e-07
1228       7.97004e-07
1229       8.39367e-07
1230       8.8462e-07
1231       8.99948e-07
1232       9.0751e-07
1233       9.18103e-07
1234       9.07599e-07
1235       8.5574e-07
1236       8.26627e-07
1237       8.52329e-07
1238       8.73115e-07
1239       8.93936e-07
1240       9.11389e-07
1241       9.18834e-07
1242       9.19088e-07
1243       9.12906e-07
1244       8.96544e-07
1245       9.15004e-07
1246       8.99753e-07
1247       8.35729e-07
1248       8.14713e-07
1249       8.21244e-07
1250       8.33987e-07
1251       8.28237e-07
1252       8.04401e-07
1253       8.30342e-07
1254       8.5304e-07
1255       8.54999e-07
1256       9.06481e-07
1257       1.00469e-06
1258       1.23555e-06
1259       1.34998e-06
1260       1.39333e-06
1261       1.32492e-06
1262       1.10851e-06
1263       9.79712e-07
1264       8.73457e-07
1265       8.68235e-07
1266       9.03501e-07
1267       9.18906e-07
1268       8.98396e-07
1269       8.54999e-07
1270       8.42902e-07
1271       8.70425e-07
1272       8.60211e-07
1273       8.18117e-07
1274       7.82187e-07
1275       7.97962e-07
1276       8.33362e-07
1277       8.24126e-07
1278       7.79138e-07
1279       7.96276e-07
1280       8.36666e-07
1281       8.74426e-07
1282       8.96695e-07
1283       8.68851e-07
1284       8.47175e-07
1285       8.29564e-07
1286       7.95163e-07
1287       8.02225e-07
1288       8.47575e-07
1289       8.92725e-07
1290       9.21916e-07
1291       9.12629e-07
1292       9.08619e-07
1293       8.7536e-07
1294       8.07604e-07
1295       7.82803e-07
1296       8.08148e-07
1297       8.82191e-07
1298       1.02367e-06
1299       1.3568e-06
1300       1.52678e-06
1301       1.53315e-06
1302       1.45778e-06
1303       1.07982e-06
1304       8.03758e-07
1305       7.50368e-07
1306       7.77805e-07
1307       7.99129e-07
1308       8.3451e-07
1309       9.03565e-07
1310       9.34821e-07
1311       9.05356e-07
1312       8.46957e-07
1313       7.86086e-07
1314       7.70359e-07
1315       8.32263e-07
1316       9.28918e-07
1317       1.01052e-06
1318       1.13524e-06
1319       1.18723e-06
1320       1.17741e-06
1321       1.09461e-06
1322       8.44361e-07
1323       7.17565e-07
1324       7.38292e-07
1325       7.81973e-07
1326       8.3413e-07
1327       8.63187e-07
1328       8.27001e-07
1329       8.00435e-07
1330       8.05332e-07
1331       8.08628e-07
1332       8.02455e-07
1333       7.9753e-07
1334       8.29006e-07
1335       8.63219e-07
1336       8.7864e-07
1337       9.25956e-07
1338       1.01553e-06
1339       1.07718e-06
1340       1.04501e-06
1341       1.05625e-06
1342       9.99518e-07
1343       9.23096e-07
1344       9.06361e-07
1345       8.86946e-07
1346       8.59261e-07
1347       7.94083e-07
1348       7.43312e-07
1349       7.83433e-07
1350       8.82602e-07
1351       9.38435e-07
1352       9.42139e-07
1353       9.33432e-07
1354       9.2809e-07
1355       9.20281e-07
1356       9.08268e-07
1357       9.10805e-07
1358       9.06666e-07
1359       8.92833e-07
1360       8.8264e-07
1361       8.61164e-07
1362       8.3012e-07
1363       8.41853e-07
1364       8.58495e-07
1365       8.45764e-07
1366       8.1128e-07
1367       8.06345e-07
1368       8.26571e-07
1369       8.64175e-07
1370       8.9983e-07
1371       9.40797e-07
1372       9.54166e-07
1373       9.31348e-07
1374       8.85143e-07
1375       8.4381e-07
1376       8.39013e-07
1377       9.51759e-07
1378       1.29448e-06
1379       1.46404e-06
1380       1.50556e-06
1381       1.44467e-06
1382       1.09557e-06
1383       9.26872e-07
1384       9.46672e-07
1385       9.69407e-07
1386       9.66866e-07
1387       9.20415e-07
1388       8.56458e-07
1389       8.31019e-07
1390       7.87021e-07
1391       7.43247e-07
1392       7.66313e-07
1393       8.11058e-07
1394       8.52241e-07
1395       8.85327e-07
1396       8.94761e-07
1397       9.09775e-07
1398       9.03924e-07
1399       8.93842e-07
1400       8.81033e-07
1401       8.69263e-07
1402       8.3263e-07
1403       8.32217e-07
1404       8.48602e-07
1405       8.41615e-07
1406       8.02872e-07
1407       7.449e-07 
1408       7.55918e-07
1409       7.97151e-07
1410       8.3922e-07
1411       8.49891e-07
1412       8.40874e-07
1413       8.43226e-07
1414       8.29397e-07
1415       8.65901e-07
1416       8.80065e-07
1417       9.04022e-07
1418       9.84942e-07
1419       9.92289e-07
1420       9.84121e-07
1421       8.86068e-07
1422       8.09203e-07
1423       8.50768e-07
1424       8.9519e-07
1425       9.13736e-07
1426       9.07297e-07
1427       8.84527e-07
1428       8.57322e-07
1429       8.32427e-07
1430       8.22285e-07
1431       8.15899e-07
1432       8.10802e-07
1433       7.96165e-07
1434       7.927e-07 
1435       8.09629e-07
1436       8.15199e-07
1437       9.08431e-07
1438       1.15287e-06
1439       1.23742e-06
1440       1.19835e-06
1441       1.12066e-06
1442       9.04761e-07
1443       8.34431e-07
1444       8.12073e-07
1445       8.00573e-07
1446       8.36233e-07
1447       8.45928e-07
1448       8.57957e-07
1449       8.43588e-07
1450       8.32143e-07
1451       8.35028e-07
1452       8.06603e-07
1453       7.97563e-07
1454       8.04572e-07
1455       8.02417e-07
1456       8.29262e-07
1457       9.05044e-07
1458       9.61591e-07
1459       9.98626e-07
1460       9.51418e-07
1461       8.41051e-07
1462       8.44129e-07
1463       9.30643e-07
1464       9.79928e-07
1465       9.34625e-07
1466       8.71528e-07
1467       8.05691e-07
1468       7.38964e-07
1469       7.23433e-07
1470       7.51511e-07
1471       7.6994e-07
1472       7.58521e-07
1473       7.55771e-07
1474       7.66783e-07
1475       7.99521e-07
1476       8.46554e-07
1477       8.71926e-07
1478       8.73533e-07
1479       8.88595e-07
1480       9.18753e-07
1481       8.93643e-07
1482       8.49443e-07
1483       8.12897e-07
1484       7.8981e-07
1485       8.04962e-07
1486       8.13728e-07
1487       8.05256e-07
1488       7.92368e-07
1489       8.05814e-07
1490       8.74364e-07
1491       9.40962e-07
1492       9.55243e-07
1493       9.51436e-07
1494       9.90316e-07
1495       1.04819e-06
1496       1.1386e-06
1497       1.24243e-06
1498       1.44172e-06
1499       1.50938e-06
1500       1.37216e-06
1501       1.20917e-06
1502       9.41486e-07
1503       8.6449e-07
1504       8.96578e-07
1505       9.17937e-07
1506       9.37143e-07
1507       9.23886e-07
1508       9.2555e-07
1509       9.3536e-07
1510       9.16936e-07
1511       8.86488e-07
1512       8.2434e-07
1513       7.7368e-07
1514       7.44068e-07
1515       7.65082e-07
1516       8.29631e-07
1517       8.71208e-07
1518       8.71861e-07
1519       8.49123e-07
1520       8.54083e-07
1521       8.75271e-07
1522       9.12872e-07
1523       9.35176e-07
1524       9.11297e-07
1525       9.08605e-07
1526       9.21038e-07
1527       8.84149e-07
1528       8.61922e-07
1529       8.54433e-07
1530       8.35456e-07
1531       8.21899e-07
1532       8.21888e-07
1533       8.27858e-07
1534       8.38638e-07
1535       8.90296e-07
1536       9.64893e-07
1537       9.9373e-07
1538       9.47346e-07
1539       8.60377e-07
1540       8.22232e-07
1541       8.40267e-07
1542       8.51336e-07
1543       8.51918e-07
1544       8.97931e-07
1545       9.2919e-07
1546       9.07239e-07
1547       8.56211e-07
1548       8.48536e-07
1549       8.64747e-07
1550       8.51075e-07
1551       8.09253e-07
1552       7.57216e-07
1553       7.26627e-07
1554       7.75261e-07
1555       8.20878e-07
1556       8.32939e-07
1557       9.33042e-07
1558       1.23421e-06
1559       1.37685e-06
1560       1.39213e-06
1561       1.2955e-06
1562       9.897e-07 
1563       8.87411e-07
1564       8.98169e-07
1565       8.70351e-07
1566       8.06147e-07
1567       7.88363e-07
1568       8.01677e-07
1569       7.89871e-07
1570       7.94305e-07
1571       7.9451e-07
1572       7.64182e-07
1573       7.96215e-07
1574       8.77929e-07
1575       9.74818e-07
1576       1.02286e-06
1577       9.96661e-07
1578       9.22365e-07
1579       8.93556e-07
1580       9.68215e-07
1581       1.01379e-06
1582       1.0172e-06
1583       9.85825e-07
1584       9.32085e-07
1585       9.15186e-07
1586       9.13766e-07
1587       9.045e-07 
1588       9.20603e-07
1589       9.23777e-07
1590       8.77182e-07
1591       8.32802e-07
1592       7.95309e-07
1593       7.34109e-07
1594       7.29623e-07
1595       7.69004e-07
1596       7.88521e-07
1597       7.67231e-07
1598       7.41689e-07
1599       7.46148e-07
1600       7.9899e-07
