# Freq.    Mag.
0          6.62731e-06
64         6.22346e-06
128        4.73871e-06
192        2.68527e-06
256        1.59424e-06
320        1.33756e-06
384        1.29326e-06
448        1.24275e-06
512        1.15131e-06
576        1.07486e-06
640        9.77126e-07
704        9.45077e-07
768        9.33496e-07
832        9.36157e-07
896        9.72675e-07
960        9.96054e-07
1024       9.96759e-07
1088       9.58906e-07
1152       9.07769e-07
1216       8.77205e-07
1280       8.60104e-07
1344       8.78031e-07
1408       8.98798e-07
1472       9.25838e-07
1536       9.38494e-07
1600       9.2128e-07
1664       8.81506e-07
1728       8.13904e-07
1792       7.94658e-07
1856       8.19363e-07
1920       8.44375e-07
1984       8.84914e-07
2048       9.23749e-07
2112       9.07032e-07
2176       8.5734e-07
2240       8.08112e-07
2304       7.83433e-07
2368       8.10022e-07
2432       8.59209e-07
2496       9.05933e-07
2560       9.33872e-07
2624       9.23388e-07
2688       8.71805e-07
2752       8.29632e-07
2816       8.8636e-07
2880       9.52053e-07
2944       9.48396e-07
3008       8.82604e-07
3072       8.2047e-07
3136       8.16398e-07
3200       8.32381e-07
3264       8.33947e-07
3328       8.17626e-07
3392       7.95811e-07
3456       8.33292e-07
3520       8.84315e-07
3584       8.81669e-07
3648       8.48546e-07
3712       7.64111e-07
3776       6.99197e-07
3840       7.08359e-07
3904       7.49518e-07
3968       7.93869e-07
4032       8.14039e-07
4096       8.4644e-07
4160       8.872e-07 
4224       9.11657e-07
4288       9.32773e-07
4352       9.44177e-07
4416       9.39947e-07
4480       9.09444e-07
4544       8.88278e-07
4608       8.92005e-07
4672       8.77432e-07
4736       8.83116e-07
4800       8.83464e-07
4864       8.66201e-07
4928       8.56352e-07
4992       8.38948e-07
5056       8.24729e-07
5120       8.27813e-07
5184       8.32553e-07
5248       8.6143e-07
5312       8.67831e-07
5376       8.40815e-07
5440       8.21744e-07
5504       8.66736e-07
5568       9.11993e-07
5632       9.27144e-07
5696       9.16546e-07
5760       8.62749e-07
5824       8.35566e-07
5888       8.55113e-07
5952       8.67545e-07
6016       8.40555e-07
6080       8.33664e-07
6144       8.45959e-07
6208       8.64949e-07
6272       8.71823e-07
6336       8.74409e-07
6400       8.96658e-07
6464       9.24059e-07
6528       9.1214e-07
6592       9.04929e-07
6656       9.41375e-07
6720       9.59948e-07
6784       9.51827e-07
6848       9.33576e-07
6912       8.93727e-07
6976       8.62324e-07
7040       8.54427e-07
7104       8.73649e-07
7168       8.61125e-07
7232       8.68841e-07
7296       9.15918e-07
7360       9.38799e-07
7424       9.45098e-07
7488       9.27567e-07
7552       8.81325e-07
7616       8.46178e-07
7680       8.00423e-07
7744       7.58785e-07
7808       7.73011e-07
7872       7.79631e-07
7936       7.86277e-07
8000       8.12174e-07
8064       8.39198e-07
8128       8.37593e-07
8192       8.20966e-07
8256       8.54464e-07
8320       8.51292e-07
8384       8.33658e-07
8448       8.35068e-07
8512       8.37374e-07
8576       8.32465e-07
8640       8.4835e-07
8704       8.72976e-07
8768       8.34375e-07
8832       7.79768e-07
8896       7.93948e-07
8960       8.4419e-07
9024       8.54017e-07
9088       8.50206e-07
9152       8.66577e-07
9216       8.70457e-07
9280       9.08129e-07
9344       9.78309e-07
9408       1.02756e-06
9472       9.92079e-07
9536       8.78789e-07
9600       8.19387e-07
9664       8.19107e-07
9728       8.56693e-07
9792       8.66576e-07
9856       8.50515e-07
9920       8.05327e-07
9984       7.96567e-07
10048      8.07695e-07
10112      8.39541e-07
10176      8.8465e-07
10240      8.49056e-07
10304      8.0166e-07
10368      7.69472e-07
10432      7.54717e-07
10496      7.85274e-07
10560      8.50643e-07
10624      8.83816e-07
10688      8.73418e-07
10752      8.62357e-07
10816      8.39967e-07
10880      8.32483e-07
10944      8.31478e-07
11008      8.04037e-07
11072      7.95117e-07
11136      8.3663e-07
11200      8.77208e-07
11264      8.77429e-07
11328      8.50587e-07
11392      8.18637e-07
11456      7.94474e-07
11520      7.79579e-07
11584      7.63504e-07
11648      7.76413e-07
11712      8.01953e-07
11776      7.87044e-07
11840      7.63278e-07
11904      7.66039e-07
11968      7.91384e-07
12032      8.1478e-07
12096      8.14809e-07
12160      7.98709e-07
12224      7.81111e-07
12288      8.08891e-07
12352      8.53142e-07
12416      8.78817e-07
12480      8.81459e-07
12544      8.84567e-07
12608      8.94594e-07
12672      9.04871e-07
12736      8.97505e-07
12800      8.56104e-07
12864      8.37905e-07
12928      8.47335e-07
12992      8.57765e-07
13056      8.60152e-07
13120      8.58618e-07
13184      8.39977e-07
13248      8.37129e-07
13312      8.2108e-07
13376      7.77642e-07
13440      7.53906e-07
13504      7.88398e-07
13568      8.34494e-07
13632      8.58802e-07
13696      8.56851e-07
13760      8.36222e-07
13824      8.0956e-07
13888      8.20001e-07
13952      8.43474e-07
14016      8.49285e-07
14080      8.38797e-07
14144      8.1422e-07
14208      8.00985e-07
14272      7.82378e-07
14336      8.191e-07 
14400      8.69637e-07
14464      9.06903e-07
14528      9.19116e-07
14592      9.19388e-07
14656      9.30438e-07
14720      9.29965e-07
14784      8.95304e-07
14848      8.29026e-07
14912      8.12157e-07
14976      8.206e-07 
15040      8.38992e-07
15104      9.22713e-07
15168      9.81888e-07
15232      9.53939e-07
15296      8.7342e-07
15360      8.47438e-07
15424      8.85999e-07
15488      9.00202e-07
15552      8.82853e-07
15616      8.64665e-07
15680      8.37585e-07
15744      8.03213e-07
15808      7.81214e-07
15872      7.78965e-07
15936      8.1634e-07
16000      8.52811e-07
16064      8.71653e-07
16128      8.70714e-07
16192      8.50029e-07
16256      7.95931e-07
16320      7.9125e-07
16384      7.98607e-07
16448      7.81263e-07
16512      8.10379e-07
16576      8.72192e-07
16640      8.82497e-07
16704      8.76114e-07
16768      8.9421e-07
16832      9.10639e-07
16896      9.06046e-07
16960      8.54743e-07
17024      8.18905e-07
17088      8.55831e-07
17152      8.90311e-07
17216      8.77063e-07
17280      8.41869e-07
17344      8.21754e-07
17408      8.35156e-07
17472      8.93186e-07
17536      9.09811e-07
17600      8.77021e-07
17664      8.19882e-07
17728      7.83846e-07
17792      7.74471e-07
17856      7.44029e-07
17920      7.61129e-07
17984      7.93229e-07
18048      8.10199e-07
18112      8.22048e-07
18176      8.37891e-07
18240      8.71818e-07
18304      9.11526e-07
18368      9.58481e-07
18432      9.44023e-07
18496      9.05604e-07
18560      9.19395e-07
18624      9.45888e-07
18688      9.58016e-07
18752      9.2742e-07
18816      8.77018e-07
18880      8.64785e-07
18944      9.05495e-07
19008      9.4292e-07
19072      9.03596e-07
19136      8.69142e-07
19200      8.4615e-07
19264      8.37099e-07
19328      8.16681e-07
19392      8.26764e-07
19456      8.82255e-07
19520      9.15182e-07
19584      8.92501e-07
19648      8.76038e-07
19712      8.82498e-07
19776      8.53168e-07
19840      8.35413e-07
19904      8.34085e-07
19968      8.01296e-07
20032      8.22459e-07
20096      8.36316e-07
20160      8.46295e-07
20224      8.77643e-07
20288      9.04054e-07
20352      9.06236e-07
20416      8.7091e-07
20480      8.21963e-07
20544      8.2116e-07
20608      8.46336e-07
20672      8.52121e-07
20736      8.11613e-07
20800      7.65505e-07
20864      7.44139e-07
20928      7.21311e-07
20992      7.00695e-07
21056      7.25871e-07
21120      7.75574e-07
21184      8.16224e-07
21248      8.7602e-07
21312      9.16779e-07
21376      9.01438e-07
21440      8.78442e-07
21504      8.72721e-07
21568      8.55329e-07
21632      8.7525e-07
21696      8.72893e-07
21760      8.3935e-07
21824      8.48915e-07
21888      9.08967e-07
21952      9.63774e-07
22016      9.61593e-07
22080      9.53432e-07
22144      9.35013e-07
22208      9.0453e-07
22272      8.57568e-07
22336      8.32372e-07
22400      8.68659e-07
22464      8.63137e-07
22528      7.84492e-07
22592      7.69875e-07
22656      7.90482e-07
22720      8.22518e-07
22784      8.63673e-07
22848      8.82635e-07
22912      9.05377e-07
22976      9.0557e-07
23040      8.82398e-07
23104      8.8854e-07
23168      8.92978e-07
23232      8.84985e-07
23296      8.71e-07  
23360      8.68303e-07
23424      8.98592e-07
23488      8.87466e-07
23552      8.1462e-07
23616      7.60751e-07
23680      7.36554e-07
23744      7.32368e-07
23808      7.53497e-07
23872      7.9977e-07
23936      8.41442e-07
24000      8.46124e-07
24064      8.19006e-07
24128      7.81274e-07
24192      7.91127e-07
24256      8.20325e-07
24320      8.33447e-07
24384      8.37663e-07
24448      8.40327e-07
24512      8.08683e-07
24576      7.65481e-07
24640      7.70927e-07
24704      8.33925e-07
24768      8.64599e-07
24832      8.46608e-07
24896      8.51205e-07
24960      8.41041e-07
25024      8.29509e-07
25088      8.57062e-07
25152      8.62711e-07
25216      8.69789e-07
25280      8.60384e-07
25344      8.30753e-07
25408      8.11011e-07
25472      8.0911e-07
25536      8.13217e-07
25600      7.7043e-07
25664      7.48032e-07
25728      7.93509e-07
25792      8.73297e-07
25856      9.03462e-07
25920      8.53672e-07
25984      8.25447e-07
26048      8.45527e-07
26112      8.52696e-07
26176      8.63179e-07
26240      9.23356e-07
26304      9.85225e-07
26368      1.03552e-06
26432      1.03492e-06
26496      9.53333e-07
26560      8.57602e-07
26624      8.23153e-07
26688      8.27058e-07
26752      8.27158e-07
26816      8.38752e-07
26880      8.79137e-07
26944      8.8959e-07
27008      8.39642e-07
27072      8.02911e-07
27136      7.9553e-07
27200      8.16889e-07
27264      8.33594e-07
27328      8.12212e-07
27392      7.93853e-07
27456      7.75813e-07
27520      7.98089e-07
27584      8.14813e-07
27648      7.8374e-07
27712      7.49421e-07
27776      7.49934e-07
27840      7.39067e-07
27904      7.23695e-07
27968      7.38398e-07
28032      7.37336e-07
28096      7.38289e-07
28160      7.59655e-07
28224      7.69636e-07
28288      7.81169e-07
28352      8.08341e-07
28416      8.65473e-07
28480      9.30952e-07
28544      9.37692e-07
28608      9.31936e-07
28672      9.1493e-07
28736      8.9528e-07
28800      8.913e-07 
28864      8.68166e-07
28928      8.13419e-07
28992      7.79516e-07
29056      8.01191e-07
29120      8.611e-07 
29184      8.62358e-07
29248      8.31382e-07
29312      8.00098e-07
29376      7.66038e-07
29440      7.68913e-07
29504      7.90395e-07
29568      7.87999e-07
29632      7.34121e-07
29696      7.0421e-07
29760      7.34263e-07
29824      7.7799e-07
29888      8.35552e-07
29952      8.56348e-07
30016      8.84389e-07
30080      8.58417e-07
30144      7.98472e-07
30208      7.53792e-07
30272      7.1895e-07
30336      7.02149e-07
30400      7.23531e-07
30464      7.65408e-07
30528      8.08e-07  
30592      8.44705e-07
30656      8.62445e-07
30720      8.71119e-07
30784      8.79831e-07
30848      8.8189e-07
30912      8.65134e-07
30976      8.23373e-07
31040      7.85985e-07
31104      7.88359e-07
31168      7.97422e-07
31232      8.17879e-07
31296      8.41485e-07
31360      8.76652e-07
31424      9.14135e-07
31488      9.81551e-07
31552      1.06325e-06
31616      1.18176e-06
31680      1.45557e-06
31744      2.76024e-06
31808      5.30513e-06
31872      6.91672e-06
31936      7.21012e-06
32000      6.64982e-06
32064      4.62509e-06
32128      2.26093e-06
32192      1.34991e-06
32256      1.13255e-06
32320      9.97194e-07
32384      8.96886e-07
32448      8.15092e-07
32512      7.74403e-07
32576      8.01634e-07
32640      8.31716e-07
32704      8.38216e-07
32768      8.24777e-07
32832      8.27905e-07
32896      8.60215e-07
32960      9.21058e-07
33024      9.26965e-07
33088      8.66914e-07
33152      8.10719e-07
33216      7.87923e-07
33280      7.79947e-07
33344      7.76962e-07
33408      7.97308e-07
33472      8.41689e-07
33536      8.59912e-07
33600      8.30465e-07
33664      8.18058e-07
33728      7.94712e-07
33792      8.07358e-07
33856      8.20644e-07
33920      7.8644e-07
33984      7.57056e-07
34048      7.3008e-07
34112      7.30473e-07
34176      7.47948e-07
34240      7.55568e-07
34304      7.81037e-07
34368      7.92148e-07
34432      7.90798e-07
34496      7.58725e-07
34560      7.30281e-07
34624      7.18758e-07
34688      6.95951e-07
34752      6.94116e-07
34816      7.19119e-07
34880      7.35097e-07
34944      7.29049e-07
35008      7.17786e-07
35072      7.2153e-07
35136      7.22068e-07
35200      7.30774e-07
35264      7.78232e-07
35328      8.16624e-07
35392      8.32775e-07
35456      8.4406e-07
35520      8.45363e-07
35584      8.25807e-07
35648      7.91754e-07
35712      7.97045e-07
35776      8.21906e-07
35840      8.19865e-07
35904      8.16915e-07
35968      8.40521e-07
36032      8.89288e-07
36096      9.43027e-07
36160      9.32432e-07
36224      8.79619e-07
36288      8.26343e-07
36352      7.79463e-07
36416      7.38866e-07
36480      7.21315e-07
36544      7.34967e-07
36608      7.73879e-07
36672      7.88805e-07
36736      7.84397e-07
36800      7.87508e-07
36864      7.95957e-07
36928      8.06651e-07
36992      8.01034e-07
37056      7.8624e-07
37120      7.81394e-07
37184      7.80771e-07
37248      8.25805e-07
37312      8.54026e-07
37376      8.07271e-07
37440      7.81802e-07
37504      8.05674e-07
37568      8.28476e-07
37632      7.98304e-07
37696      7.49469e-07
37760      7.19043e-07
37824      7.16893e-07
37888      7.39108e-07
37952      7.65985e-07
38016      7.84143e-07
38080      7.60127e-07
38144      7.31744e-07
38208      6.88745e-07
38272      6.54334e-07
38336      6.8186e-07
38400      7.49666e-07
38464      8.06891e-07
38528      8.34881e-07
38592      8.11332e-07
38656      7.8405e-07
38720      7.64362e-07
38784      7.55781e-07
38848      7.8533e-07
38912      8.14861e-07
38976      7.97984e-07
39040      7.60731e-07
39104      7.31021e-07
39168      7.06317e-07
39232      7.0979e-07
39296      7.53756e-07
39360      7.77493e-07
39424      7.50377e-07
39488      7.32111e-07
39552      7.35102e-07
39616      7.75319e-07
39680      7.98544e-07
39744      7.82786e-07
39808      7.43882e-07
39872      7.33339e-07
39936      7.64908e-07
40000      7.66108e-07
40064      7.55372e-07
40128      7.70711e-07
40192      7.98944e-07
40256      8.16503e-07
40320      8.06625e-07
40384      7.72623e-07
40448      7.57026e-07
40512      7.50235e-07
40576      7.47122e-07
40640      7.53953e-07
40704      7.77634e-07
40768      7.98795e-07
40832      8.05706e-07
40896      7.99351e-07
40960      7.8381e-07
41024      7.88095e-07
41088      7.81476e-07
41152      7.87164e-07
41216      7.83457e-07
41280      7.64743e-07
41344      7.53897e-07
41408      7.39773e-07
41472      7.5899e-07
41536      7.99772e-07
41600      7.91753e-07
41664      7.62383e-07
41728      7.51159e-07
41792      7.6799e-07
41856      7.81786e-07
41920      7.69516e-07
41984      7.33306e-07
42048      7.27876e-07
42112      7.60224e-07
42176      7.8256e-07
42240      7.94542e-07
42304      8.12393e-07
42368      8.4028e-07
42432      8.4269e-07
42496      8.08907e-07
42560      7.57342e-07
42624      7.25144e-07
42688      7.12004e-07
42752      7.17097e-07
42816      7.39697e-07
42880      7.71672e-07
42944      7.95204e-07
43008      8.10105e-07
43072      7.88326e-07
43136      7.40017e-07
43200      7.42203e-07
43264      7.60549e-07
43328      7.63486e-07
43392      7.53108e-07
43456      7.72595e-07
43520      7.98409e-07
43584      8.10876e-07
43648      8.05721e-07
43712      7.86793e-07
43776      7.79714e-07
43840      7.90869e-07
43904      7.95065e-07
43968      7.80976e-07
44032      7.44333e-07
44096      7.06606e-07
44160      6.9991e-07
44224      7.05876e-07
44288      6.88487e-07
44352      6.90391e-07
44416      7.15661e-07
44480      7.27541e-07
44544      7.3375e-07
44608      7.44488e-07
44672      6.98721e-07
44736      6.60999e-07
44800      6.71527e-07
44864      6.841e-07 
44928      7.03701e-07
44992      6.86179e-07
45056      6.58781e-07
45120      6.8481e-07
45184      7.24104e-07
45248      7.44444e-07
45312      7.93275e-07
45376      8.06497e-07
45440      7.45476e-07
45504      7.01301e-07
45568      6.96549e-07
45632      6.97828e-07
45696      7.23185e-07
45760      7.58192e-07
45824      7.56335e-07
45888      7.53945e-07
45952      7.37132e-07
46016      7.05624e-07
46080      6.88155e-07
46144      6.83875e-07
46208      7.2406e-07
46272      7.74972e-07
46336      8.05016e-07
46400      8.01878e-07
46464      7.9568e-07
46528      8.16542e-07
46592      8.03751e-07
46656      7.6024e-07
46720      7.14136e-07
46784      7.07455e-07
46848      7.17298e-07
46912      7.06233e-07
46976      6.92717e-07
47040      6.97037e-07
47104      7.15841e-07
47168      7.34568e-07
47232      7.2464e-07
47296      6.93892e-07
47360      6.9066e-07
47424      7.27676e-07
47488      7.77129e-07
47552      7.93694e-07
47616      7.64969e-07
47680      7.14803e-07
47744      6.9529e-07
47808      7.16379e-07
47872      7.50001e-07
47936      7.84768e-07
48000      7.75823e-07
48064      7.53303e-07
48128      7.17432e-07
48192      7.19582e-07
48256      7.65142e-07
48320      7.93211e-07
48384      7.97393e-07
48448      8.0019e-07
48512      7.7701e-07
48576      7.53891e-07
48640      7.53424e-07
48704      7.56864e-07
48768      7.36942e-07
48832      7.13695e-07
48896      7.1871e-07
48960      7.3255e-07
49024      7.31034e-07
49088      7.49681e-07
49152      7.57417e-07
49216      7.5667e-07
49280      7.63382e-07
49344      7.49337e-07
49408      7.46616e-07
49472      7.73649e-07
49536      8.12724e-07
49600      8.19806e-07
49664      8.0926e-07
49728      8.09481e-07
49792      8.10044e-07
49856      8.06172e-07
49920      8.05255e-07
49984      8.09587e-07
50048      8.09558e-07
50112      8.08716e-07
50176      7.92014e-07
50240      7.57089e-07
50304      7.12969e-07
50368      6.70595e-07
50432      6.69094e-07
50496      7.2351e-07
50560      7.67659e-07
50624      7.74558e-07
50688      7.69445e-07
50752      7.48539e-07
50816      7.15684e-07
50880      7.1587e-07
50944      7.47009e-07
51008      7.60324e-07
51072      7.50829e-07
51136      7.52295e-07
51200      7.6549e-07
51264      7.62401e-07
51328      7.69495e-07
51392      7.75625e-07
51456      7.74965e-07
51520      7.67735e-07
51584      7.46151e-07
51648      7.15057e-07
51712      7.19287e-07
51776      7.46787e-07
51840      7.41401e-07
51904      7.24752e-07
51968      7.12763e-07
52032      7.53046e-07
52096      7.97959e-07
52160      8.21262e-07
52224      8.35451e-07
52288      8.45765e-07
52352      8.54065e-07
52416      8.12714e-07
52480      7.46276e-07
52544      7.0684e-07
52608      7.00742e-07
52672      7.35857e-07
52736      7.8792e-07
52800      7.97522e-07
52864      7.31852e-07
52928      6.83796e-07
52992      7.07622e-07
53056      7.2687e-07
53120      7.31668e-07
53184      7.55735e-07
53248      7.83449e-07
53312      7.70652e-07
53376      7.36036e-07
53440      7.42596e-07
53504      7.98232e-07
53568      8.25597e-07
53632      8.14539e-07
53696      8.28201e-07
53760      8.11224e-07
53824      8.03388e-07
53888      8.08399e-07
53952      7.87192e-07
54016      7.79179e-07
54080      7.61567e-07
54144      7.44191e-07
54208      7.43664e-07
54272      7.2483e-07
54336      7.36262e-07
54400      7.6859e-07
54464      7.52202e-07
54528      7.31104e-07
54592      7.48772e-07
54656      7.41596e-07
54720      7.10653e-07
54784      6.97612e-07
54848      7.03465e-07
54912      7.23242e-07
54976      7.42477e-07
55040      7.4685e-07
55104      7.44021e-07
55168      7.49609e-07
55232      7.65974e-07
55296      7.80235e-07
55360      7.71881e-07
55424      7.41752e-07
55488      6.91068e-07
55552      6.75792e-07
55616      6.81668e-07
55680      6.82008e-07
55744      6.99553e-07
55808      7.02126e-07
55872      6.85633e-07
55936      6.67129e-07
56000      6.91081e-07
56064      7.04752e-07
56128      6.88227e-07
56192      6.76641e-07
56256      7.01008e-07
56320      7.39144e-07
56384      7.56087e-07
56448      7.35127e-07
56512      7.12974e-07
56576      7.21994e-07
56640      7.46788e-07
56704      7.7124e-07
56768      7.87689e-07
56832      7.75987e-07
56896      7.72427e-07
56960      7.80866e-07
57024      7.76432e-07
57088      7.58645e-07
57152      7.15372e-07
57216      6.69651e-07
57280      6.51226e-07
57344      6.65707e-07
57408      6.89322e-07
57472      6.98601e-07
57536      7.00957e-07
57600      7.29197e-07
57664      7.41564e-07
57728      7.40416e-07
57792      7.60847e-07
57856      7.75889e-07
57920      7.73007e-07
57984      7.3787e-07
58048      6.88933e-07
58112      7.27897e-07
58176      7.97599e-07
58240      7.97946e-07
58304      8.06745e-07
58368      7.67997e-07
58432      7.04957e-07
58496      7.12437e-07
58560      7.25654e-07
58624      7.36762e-07
58688      7.60153e-07
58752      7.50394e-07
58816      7.06777e-07
58880      6.69278e-07
58944      6.50133e-07
59008      6.52803e-07
59072      6.83182e-07
59136      7.07805e-07
59200      7.30402e-07
59264      7.64401e-07
59328      7.72515e-07
59392      7.39088e-07
59456      6.69681e-07
59520      6.61462e-07
59584      7.078e-07 
59648      7.0896e-07
59712      6.74113e-07
59776      6.87241e-07
59840      6.94909e-07
59904      6.75897e-07
59968      6.85387e-07
60032      7.47051e-07
60096      7.79854e-07
60160      7.55379e-07
60224      7.13589e-07
60288      6.61962e-07
60352      6.4772e-07
60416      6.66145e-07
60480      6.72442e-07
60544      6.88143e-07
60608      6.90338e-07
60672      6.56841e-07
60736      6.12775e-07
60800      6.15594e-07
60864      6.61161e-07
60928      6.95761e-07
60992      6.87014e-07
61056      6.69374e-07
61120      6.80561e-07
61184      7.22954e-07
61248      7.23425e-07
61312      6.81382e-07
61376      6.457e-07 
61440      6.28903e-07
61504      6.47909e-07
61568      6.75274e-07
61632      6.80714e-07
61696      6.66231e-07
61760      6.61768e-07
61824      6.51341e-07
61888      6.60795e-07
61952      6.81379e-07
62016      6.89707e-07
62080      6.7373e-07
62144      6.90517e-07
62208      7.01293e-07
62272      6.5167e-07
62336      6.45696e-07
62400      6.68072e-07
62464      6.72575e-07
62528      6.84484e-07
62592      6.89885e-07
62656      6.93073e-07
62720      6.72407e-07
62784      6.49529e-07
62848      6.25688e-07
62912      6.27822e-07
62976      6.55533e-07
63040      6.82393e-07
63104      6.93067e-07
63168      7.08173e-07
63232      7.39811e-07
63296      7.77529e-07
63360      7.85924e-07
63424      7.79477e-07
63488      7.72209e-07
63552      8.51474e-07
63616      1.0876e-06
63680      2.32357e-06
63744      4.80683e-06
63808      6.12514e-06
63872      6.25134e-06
63936      5.75481e-06
64000      3.61656e-06
64064      1.52347e-06
64128      1.06127e-06
64192      9.68043e-07
64256      8.65612e-07
64320      8.04844e-07
64384      7.91278e-07
64448      7.84486e-07
64512      7.96703e-07
64576      8.09443e-07
64640      7.68707e-07
64704      7.05838e-07
64768      6.59166e-07
64832      6.24853e-07
64896      6.29473e-07
64960      6.73315e-07
65024      6.8254e-07
65088      6.46874e-07
65152      5.9663e-07
65216      6.12735e-07
65280      6.65594e-07
65344      6.74537e-07
65408      6.54644e-07
65472      6.33451e-07
65536      6.4694e-07
65600      6.98462e-07
65664      6.90842e-07
65728      6.68047e-07
65792      6.82482e-07
65856      7.10863e-07
65920      7.20656e-07
65984      7.09588e-07
66048      7.05123e-07
66112      7.22136e-07
66176      7.41405e-07
66240      7.23581e-07
66304      7.14507e-07
66368      7.15164e-07
66432      6.94512e-07
66496      6.97069e-07
66560      6.98558e-07
66624      6.82839e-07
66688      6.65326e-07
66752      6.60929e-07
66816      6.38749e-07
66880      6.0218e-07
66944      6.2227e-07
67008      6.59853e-07
67072      6.6922e-07
67136      6.65252e-07
67200      6.46333e-07
67264      6.5354e-07
67328      6.54744e-07
67392      6.29675e-07
67456      6.52816e-07
67520      6.6165e-07
67584      6.70686e-07
67648      6.91163e-07
67712      7.1546e-07
67776      7.43408e-07
67840      7.36995e-07
67904      6.99284e-07
67968      6.41014e-07
68032      6.27639e-07
68096      6.63409e-07
68160      7.18557e-07
68224      7.45247e-07
68288      7.35596e-07
68352      6.95066e-07
68416      6.37012e-07
68480      6.39932e-07
68544      6.80148e-07
68608      6.8008e-07
68672      6.68518e-07
68736      6.70957e-07
68800      6.89859e-07
68864      7.07141e-07
68928      7.16734e-07
68992      7.0667e-07
69056      6.97208e-07
69120      6.75441e-07
69184      6.52485e-07
69248      6.53291e-07
69312      6.62429e-07
69376      6.76315e-07
69440      6.72795e-07
69504      6.65451e-07
69568      6.34726e-07
69632      6.15564e-07
69696      6.22659e-07
69760      6.62987e-07
69824      6.8864e-07
69888      6.59064e-07
69952      6.36726e-07
70016      6.28594e-07
70080      6.58602e-07
70144      6.93929e-07
70208      6.76452e-07
70272      6.20785e-07
70336      5.79813e-07
70400      6.04463e-07
70464      6.27856e-07
70528      6.57567e-07
70592      6.65216e-07
70656      6.40141e-07
70720      6.50679e-07
70784      6.66425e-07
70848      6.75261e-07
70912      6.83309e-07
70976      6.96184e-07
71040      6.75719e-07
71104      6.30046e-07
71168      6.19944e-07
71232      6.26553e-07
71296      6.65566e-07
71360      6.81485e-07
71424      6.52107e-07
71488      6.49433e-07
71552      6.33995e-07
71616      6.12479e-07
71680      6.19754e-07
71744      6.15767e-07
71808      6.15396e-07
71872      6.44153e-07
71936      6.30489e-07
72000      6.21294e-07
72064      6.59805e-07
72128      7.00643e-07
72192      7.31416e-07
72256      7.21546e-07
72320      6.61985e-07
72384      5.97183e-07
72448      5.59573e-07
72512      5.73048e-07
72576      5.85308e-07
72640      6.087e-07 
72704      6.34128e-07
72768      6.30067e-07
72832      6.12262e-07
72896      5.6827e-07
72960      5.332e-07 
73024      5.59292e-07
73088      6.25345e-07
73152      6.88757e-07
73216      6.93493e-07
73280      6.56955e-07
73344      6.29085e-07
73408      6.0043e-07
73472      5.89084e-07
73536      6.0517e-07
73600      6.28445e-07
73664      6.25013e-07
73728      5.54012e-07
73792      5.43887e-07
73856      6.026e-07 
73920      6.4957e-07
73984      6.72984e-07
74048      6.59702e-07
74112      6.27324e-07
74176      5.94772e-07
74240      5.95224e-07
74304      5.8792e-07
74368      5.99177e-07
74432      6.40975e-07
74496      6.65507e-07
74560      6.65863e-07
74624      6.57636e-07
74688      6.75172e-07
74752      6.7518e-07
74816      6.48795e-07
74880      6.12698e-07
74944      6.08355e-07
75008      6.1427e-07
75072      6.29294e-07
75136      6.78665e-07
75200      7.14073e-07
75264      7.24229e-07
75328      7.2581e-07
75392      7.20811e-07
75456      7.09157e-07
75520      6.96717e-07
75584      6.76696e-07
75648      6.55665e-07
75712      6.44094e-07
75776      6.49928e-07
75840      6.3961e-07
75904      6.13082e-07
75968      5.83802e-07
76032      6.02716e-07
76096      6.09209e-07
76160      5.9801e-07
76224      6.0156e-07
76288      6.20787e-07
76352      6.47035e-07
76416      6.56444e-07
76480      6.38584e-07
76544      6.42014e-07
76608      6.51562e-07
76672      6.40591e-07
76736      6.0776e-07
76800      5.79522e-07
76864      6.01733e-07
76928      7.17217e-07
76992      7.86699e-07
77056      8.14055e-07
77120      7.97064e-07
77184      7.02861e-07
77248      6.75332e-07
77312      6.67961e-07
77376      6.12707e-07
77440      5.58437e-07
77504      5.39882e-07
77568      5.32223e-07
77632      5.42054e-07
77696      5.69823e-07
77760      6.04948e-07
77824      6.28881e-07
77888      6.16614e-07
77952      6.00589e-07
78016      5.89301e-07
78080      5.7618e-07
78144      5.86302e-07
78208      6.41359e-07
78272      6.99995e-07
78336      7.20288e-07
78400      7.19672e-07
78464      7.21662e-07
78528      7.06678e-07
78592      6.73651e-07
78656      6.44691e-07
78720      6.29633e-07
78784      6.00366e-07
78848      6.03227e-07
78912      6.34569e-07
78976      6.52121e-07
79040      6.45377e-07
79104      6.24547e-07
79168      6.20929e-07
79232      6.0773e-07
79296      5.86607e-07
79360      5.8228e-07
79424      5.80435e-07
79488      6.04064e-07
79552      6.41761e-07
79616      6.41063e-07
79680      6.276e-07 
79744      6.34003e-07
79808      6.71606e-07
79872      7.04386e-07
79936      7.24414e-07
80000      7.10237e-07
80064      6.56362e-07
80128      6.12169e-07
80192      5.87433e-07
80256      5.90365e-07
80320      6.19734e-07
80384      6.49357e-07
80448      6.64352e-07
80512      6.54948e-07
80576      6.40204e-07
80640      6.12796e-07
80704      6.0242e-07
80768      6.19012e-07
80832      6.27999e-07
80896      6.11095e-07
80960      5.73289e-07
81024      5.42624e-07
81088      5.47465e-07
81152      6.08153e-07
81216      6.5182e-07
81280      6.51146e-07
81344      6.43959e-07
81408      6.24681e-07
81472      6.23401e-07
81536      6.3574e-07
81600      6.38773e-07
81664      6.41378e-07
81728      6.54051e-07
81792      6.44245e-07
81856      6.05836e-07
81920      5.82485e-07
81984      5.77809e-07
82048      5.66423e-07
82112      5.64089e-07
82176      5.7892e-07
82240      5.90518e-07
82304      6.18378e-07
82368      6.28062e-07
82432      6.2776e-07
82496      6.11998e-07
82560      5.96779e-07
82624      6.35921e-07
82688      6.66413e-07
82752      6.53584e-07
82816      6.28163e-07
82880      6.22672e-07
82944      6.35042e-07
83008      6.04989e-07
83072      5.57195e-07
83136      5.46243e-07
83200      5.81535e-07
83264      6.20308e-07
83328      6.34381e-07
83392      6.24301e-07
83456      6.10642e-07
83520      6.13489e-07
83584      6.18713e-07
83648      6.00386e-07
83712      5.76998e-07
83776      5.65557e-07
83840      5.81473e-07
83904      5.86722e-07
83968      6.07837e-07
84032      6.37611e-07
84096      6.3801e-07
84160      6.27474e-07
84224      6.19788e-07
84288      5.93211e-07
84352      5.69492e-07
84416      5.69375e-07
84480      5.76189e-07
84544      5.39056e-07
84608      5.12672e-07
84672      5.48796e-07
84736      5.78868e-07
84800      5.86167e-07
84864      5.88859e-07
84928      5.84275e-07
84992      5.96404e-07
85056      6.16867e-07
85120      6.05742e-07
85184      5.7413e-07
85248      5.8115e-07
85312      5.87667e-07
85376      5.65904e-07
85440      5.45021e-07
85504      5.03935e-07
85568      5.04904e-07
85632      5.74132e-07
85696      6.12213e-07
85760      6.36893e-07
85824      6.48561e-07
85888      6.36225e-07
85952      6.14571e-07
86016      6.1271e-07
86080      6.56903e-07
86144      6.9736e-07
86208      7.1519e-07
86272      7.35584e-07
86336      7.18514e-07
86400      6.51637e-07
86464      6.02216e-07
86528      5.81137e-07
86592      5.89482e-07
86656      6.21906e-07
86720      6.38242e-07
86784      6.17934e-07
86848      5.73451e-07
86912      5.28699e-07
86976      5.18418e-07
87040      5.3795e-07
87104      5.45681e-07
87168      5.55004e-07
87232      5.66443e-07
87296      5.99731e-07
87360      6.28293e-07
87424      6.32983e-07
87488      6.40091e-07
87552      6.54383e-07
87616      6.36237e-07
87680      6.04928e-07
87744      5.75901e-07
87808      5.65914e-07
87872      5.84779e-07
87936      6.08151e-07
88000      5.93614e-07
88064      5.63199e-07
88128      5.33678e-07
88192      5.1962e-07
88256      5.72105e-07
88320      6.46995e-07
88384      6.74751e-07
88448      6.40643e-07
88512      5.81783e-07
88576      5.6182e-07
88640      5.70249e-07
88704      5.56289e-07
88768      5.48747e-07
88832      5.52963e-07
88896      5.60502e-07
88960      5.66556e-07
89024      5.75505e-07
89088      5.83642e-07
89152      5.85532e-07
89216      5.75173e-07
89280      5.39741e-07
89344      5.10779e-07
89408      5.22068e-07
89472      5.46118e-07
89536      5.68823e-07
89600      5.66572e-07
89664      5.47264e-07
89728      5.61822e-07
89792      5.7629e-07
89856      5.71291e-07
89920      5.573e-07 
89984      5.48409e-07
90048      5.98547e-07
90112      6.80767e-07
90176      7.0148e-07
90240      7.07377e-07
90304      6.63004e-07
90368      6.06055e-07
90432      5.90327e-07
90496      5.88696e-07
90560      5.96816e-07
90624      5.72605e-07
90688      5.12672e-07
90752      4.79566e-07
90816      5.05803e-07
90880      5.37424e-07
90944      5.41815e-07
91008      5.46836e-07
91072      5.38747e-07
91136      5.27135e-07
91200      5.18828e-07
91264      5.17643e-07
91328      5.48478e-07
91392      5.89693e-07
91456      6.03981e-07
91520      5.96591e-07
91584      5.67613e-07
91648      5.47751e-07
91712      5.30757e-07
91776      5.41001e-07
91840      5.74346e-07
91904      6.00504e-07
91968      6.10799e-07
92032      5.9918e-07
92096      5.82468e-07
92160      5.7494e-07
92224      5.51541e-07
92288      5.3928e-07
92352      5.59138e-07
92416      5.76136e-07
92480      5.89277e-07
92544      6.08811e-07
92608      6.31001e-07
92672      6.12857e-07
92736      5.6876e-07
92800      5.36013e-07
92864      5.43568e-07
92928      5.48252e-07
92992      5.51548e-07
93056      5.66151e-07
93120      5.72101e-07
93184      5.73034e-07
93248      5.68981e-07
93312      5.83674e-07
93376      6.14566e-07
93440      6.31877e-07
93504      6.14061e-07
93568      5.6357e-07
93632      5.32624e-07
93696      5.12456e-07
93760      5.20666e-07
93824      5.49742e-07
93888      5.79547e-07
93952      5.79293e-07
94016      5.61577e-07
94080      5.5357e-07
94144      5.41228e-07
94208      5.52231e-07
94272      5.60082e-07
94336      5.51111e-07
94400      5.61637e-07
94464      5.80253e-07
94528      5.69696e-07
94592      5.7741e-07
94656      5.84898e-07
94720      5.83244e-07
94784      6.08811e-07
94848      5.91543e-07
94912      5.38499e-07
94976      5.01227e-07
95040      5.33826e-07
95104      6.27602e-07
95168      6.79685e-07
95232      6.8998e-07
95296      6.73335e-07
95360      6.43554e-07
95424      6.28086e-07
95488      6.79167e-07
95552      8.77861e-07
95616      2.01728e-06
95680      3.98912e-06
95744      4.87411e-06
95808      4.94233e-06
95872      4.37243e-06
95936      2.57452e-06
96000      1.13127e-06
96064      7.71238e-07
96128      7.06387e-07
96192      7.20666e-07
96256      7.00919e-07
96320      6.44356e-07
96384      5.75092e-07
96448      5.48567e-07
96512      5.59219e-07
96576      5.80525e-07
96640      6.09979e-07
96704      6.31071e-07
96768      6.03581e-07
96832      5.33798e-07
96896      4.91094e-07
96960      4.76825e-07
97024      4.82828e-07
97088      5.1071e-07
97152      5.13048e-07
97216      4.95985e-07
97280      4.94808e-07
97344      4.82918e-07
97408      4.72352e-07
97472      4.8454e-07
97536      4.92925e-07
97600      5.21556e-07
97664      5.4353e-07
97728      5.57359e-07
97792      5.78724e-07
97856      5.69112e-07
97920      5.42747e-07
97984      5.21053e-07
98048      4.95441e-07
98112      5.10457e-07
98176      5.36291e-07
98240      5.32461e-07
98304      5.2388e-07
98368      5.2718e-07
98432      5.40076e-07
98496      5.64988e-07
98560      5.55477e-07
98624      5.40306e-07
98688      5.52276e-07
98752      5.69868e-07
98816      5.84705e-07
98880      5.81412e-07
98944      5.80894e-07
99008      5.78191e-07
99072      5.76527e-07
99136      5.86692e-07
99200      5.82881e-07
99264      5.74806e-07
99328      5.39462e-07
99392      5.01761e-07
99456      5.06311e-07
99520      5.47092e-07
99584      5.76024e-07
99648      5.63559e-07
99712      5.4782e-07
99776      5.46779e-07
99840      5.56894e-07
99904      5.75255e-07
99968      5.81424e-07
100032     5.74318e-07
100096     5.71248e-07
100160     5.6158e-07
100224     5.3909e-07
100288     5.26587e-07
100352     4.96705e-07
100416     4.90824e-07
100480     4.98048e-07
100544     5.1387e-07
100608     5.32254e-07
100672     5.35136e-07
100736     5.49671e-07
100800     5.67073e-07
100864     5.82847e-07
100928     5.90896e-07
100992     5.81733e-07
101056     5.51314e-07
101120     5.2646e-07
101184     5.28154e-07
101248     5.38247e-07
101312     5.65428e-07
101376     5.91898e-07
101440     5.91881e-07
101504     5.68528e-07
101568     5.76754e-07
101632     5.7553e-07
101696     5.66189e-07
101760     5.54251e-07
101824     5.21402e-07
101888     5.13646e-07
101952     5.21708e-07
102016     5.45829e-07
102080     5.66143e-07
102144     5.7508e-07
102208     5.64418e-07
102272     5.40313e-07
102336     5.27954e-07
102400     5.28839e-07
