# Freq.    Mag.
0          0.000129107
0.0625     0.000125852
0.125      9.23094e-05
0.1875     5.11242e-05
0.25       4.06515e-05
0.3125     3.84476e-05
0.375      3.66201e-05
0.4375     3.48619e-05
0.5        3.3172e-05
0.5625     3.15501e-05
0.625      2.99949e-05
0.6875     2.84938e-05
0.75       2.70741e-05
0.8125     2.58381e-05
0.875      2.47861e-05
0.9375     2.38688e-05
1          2.30553e-05
1.0625     2.22507e-05
1.125      2.1437e-05
1.1875     2.07358e-05
1.25       2.01189e-05
1.3125     1.95853e-05
1.375      1.91772e-05
1.4375     1.87686e-05
1.5        1.82969e-05
1.5625     1.78992e-05
1.625      1.75923e-05
1.6875     1.72399e-05
1.75       1.69744e-05
1.8125     1.68691e-05
1.875      1.68379e-05
1.9375     1.68045e-05
2          1.66877e-05
2.0625     1.65018e-05
2.125      1.61853e-05
2.1875     1.58013e-05
2.25       1.55308e-05
2.3125     1.53377e-05
2.375      1.51712e-05
2.4375     1.51128e-05
2.5        1.50644e-05
2.5625     1.49425e-05
2.625      1.48034e-05
2.6875     1.46493e-05
2.75       1.45467e-05
2.8125     1.45001e-05
2.875      1.44933e-05
2.9375     1.45077e-05
3          1.44575e-05
3.0625     1.43133e-05
3.125      1.41956e-05
3.1875     1.40948e-05
3.25       1.40409e-05
3.3125     1.40123e-05
3.375      1.39547e-05
3.4375     1.39225e-05
3.5        1.38859e-05
3.5625     1.38299e-05
3.625      1.37808e-05
3.6875     1.3702e-05
3.75       1.35687e-05
3.8125     1.34681e-05
3.875      1.33984e-05
3.9375     1.33183e-05
4          1.3254e-05
4.0625     1.32182e-05
4.125      1.32357e-05
4.1875     1.32888e-05
4.25       1.33326e-05
4.3125     1.33485e-05
4.375      1.32839e-05
4.4375     1.3135e-05
4.5        1.30359e-05
4.5625     1.29891e-05
4.625      1.29891e-05
4.6875     1.30388e-05
4.75       1.30559e-05
4.8125     1.30164e-05
4.875      1.29911e-05
4.9375     1.29085e-05
5          1.27237e-05
5.0625     1.25938e-05
5.125      1.25633e-05
5.1875     1.25877e-05
5.25       1.26947e-05
5.3125     1.28166e-05
5.375      1.28905e-05
5.4375     1.29223e-05
5.5        1.28693e-05
5.5625     1.286e-05 
5.625      1.29283e-05
5.6875     1.29099e-05
5.75       1.28802e-05
5.8125     1.28612e-05
5.875      1.28518e-05
5.9375     1.29153e-05
6          1.29714e-05
6.0625     1.29503e-05
6.125      1.28744e-05
6.1875     1.28026e-05
6.25       1.27779e-05
6.3125     1.28137e-05
6.375      1.29127e-05
6.4375     1.29699e-05
6.5        1.29617e-05
6.5625     1.28876e-05
6.625      1.27866e-05
6.6875     1.27355e-05
6.75       1.27017e-05
6.8125     1.27121e-05
6.875      1.27531e-05
6.9375     1.27648e-05
7          1.27693e-05
7.0625     1.28142e-05
7.125      1.28793e-05
7.1875     1.28703e-05
7.25       1.28167e-05
7.3125     1.27537e-05
7.375      1.25684e-05
7.4375     1.23755e-05
7.5        1.23472e-05
7.5625     1.23817e-05
7.625      1.24442e-05
7.6875     1.25475e-05
7.75       1.26405e-05
7.8125     1.26515e-05
7.875      1.25948e-05
7.9375     1.25575e-05
8          1.25253e-05
8.0625     1.248e-05 
8.125      1.2474e-05
8.1875     1.24827e-05
8.25       1.24613e-05
8.3125     1.24619e-05
8.375      1.25371e-05
8.4375     1.26516e-05
8.5        1.27284e-05
8.5625     1.27459e-05
8.625      1.27087e-05
8.6875     1.26047e-05
8.75       1.2572e-05
8.8125     1.26416e-05
8.875      1.27077e-05
8.9375     1.26714e-05
9          1.25499e-05
9.0625     1.24671e-05
9.125      1.24569e-05
9.1875     1.25271e-05
9.25       1.26313e-05
9.3125     1.27315e-05
9.375      1.27599e-05
9.4375     1.27426e-05
9.5        1.27279e-05
9.5625     1.27044e-05
9.625      1.26568e-05
9.6875     1.25675e-05
9.75       1.24952e-05
9.8125     1.24374e-05
9.875      1.23584e-05
9.9375     1.22981e-05
10         1.22636e-05
10.0625    1.22302e-05
10.125     1.22409e-05
10.1875    1.23197e-05
10.25      1.24081e-05
10.3125    1.24941e-05
10.375     1.25528e-05
10.4375    1.25718e-05
10.5       1.25145e-05
10.5625    1.24045e-05
10.625     1.23635e-05
10.6875    1.23226e-05
10.75      1.22899e-05
10.8125    1.23144e-05
10.875     1.23828e-05
10.9375    1.24352e-05
11         1.24217e-05
11.0625    1.24238e-05
11.125     1.23945e-05
11.1875    1.22496e-05
11.25      1.20805e-05
11.3125    1.20047e-05
11.375     1.19895e-05
11.4375    1.20087e-05
11.5       1.20976e-05
11.5625    1.21917e-05
11.625     1.22294e-05
11.6875    1.22138e-05
11.75      1.21537e-05
11.8125    1.21118e-05
11.875     1.21067e-05
11.9375    1.21384e-05
12         1.22234e-05
12.0625    1.23053e-05
12.125     1.23452e-05
12.1875    1.23512e-05
12.25      1.23086e-05
12.3125    1.22524e-05
12.375     1.22051e-05
12.4375    1.21448e-05
12.5       1.20576e-05
12.5625    1.19765e-05
12.625     1.19226e-05
12.6875    1.19205e-05
12.75      1.19639e-05
12.8125    1.20141e-05
12.875     1.20227e-05
12.9375    1.20221e-05
13         1.19991e-05
13.0625    1.20231e-05
13.125     1.20866e-05
13.1875    1.21063e-05
13.25      1.2093e-05
13.3125    1.21191e-05
13.375     1.21849e-05
13.4375    1.2223e-05
13.5       1.22344e-05
13.5625    1.22193e-05
13.625     1.21455e-05
13.6875    1.20241e-05
13.75      1.19739e-05
13.8125    1.19728e-05
13.875     1.19295e-05
13.9375    1.19468e-05
14         1.20376e-05
14.0625    1.20937e-05
14.125     1.21391e-05
14.1875    1.22289e-05
14.25      1.22653e-05
14.3125    1.22751e-05
14.375     1.23382e-05
14.4375    1.23759e-05
14.5       1.23245e-05
14.5625    1.2207e-05
14.625     1.20183e-05
14.6875    1.18079e-05
14.75      1.17213e-05
14.8125    1.17615e-05
14.875     1.18515e-05
14.9375    1.19291e-05
15         1.19942e-05
15.0625    1.20019e-05
15.125     1.19534e-05
15.1875    1.19403e-05
15.25      1.20327e-05
15.3125    1.20974e-05
15.375     1.21115e-05
15.4375    1.21168e-05
15.5       1.20443e-05
15.5625    1.19251e-05
15.625     1.18941e-05
15.6875    1.19176e-05
15.75      1.19459e-05
15.8125    1.19745e-05
15.875     1.20097e-05
15.9375    1.20139e-05
16         1.19554e-05
16.0625    1.18741e-05
16.125     1.18499e-05
16.1875    1.18733e-05
16.25      1.18933e-05
16.3125    1.1968e-05
16.375     1.20571e-05
16.4375    1.20656e-05
16.5       1.20208e-05
16.5625    1.20352e-05
16.625     1.21325e-05
16.6875    1.22361e-05
16.75      1.23169e-05
16.8125    1.23017e-05
16.875     1.21936e-05
16.9375    1.20606e-05
17         1.19641e-05
17.0625    1.19558e-05
17.125     1.20393e-05
17.1875    1.21323e-05
17.25      1.2198e-05
17.3125    1.22593e-05
17.375     1.22798e-05
17.4375    1.22402e-05
17.5       1.21446e-05
17.5625    1.20322e-05
17.625     1.19472e-05
17.6875    1.19073e-05
17.75      1.19021e-05
17.8125    1.18901e-05
17.875     1.187e-05 
17.9375    1.1857e-05
18         1.1916e-05
18.0625    1.20173e-05
18.125     1.21309e-05
18.1875    1.22369e-05
18.25      1.22375e-05
18.3125    1.21672e-05
18.375     1.21209e-05
18.4375    1.21523e-05
18.5       1.21569e-05
18.5625    1.21303e-05
18.625     1.2134e-05
18.6875    1.20785e-05
18.75      1.19719e-05
18.8125    1.1881e-05
18.875     1.18123e-05
18.9375    1.18027e-05
19         1.18574e-05
19.0625    1.19029e-05
19.125     1.19272e-05
19.1875    1.19102e-05
19.25      1.18574e-05
19.3125    1.18498e-05
19.375     1.18606e-05
19.4375    1.18383e-05
19.5       1.18486e-05
19.5625    1.19057e-05
19.625     1.19726e-05
19.6875    1.20183e-05
19.75      1.20761e-05
19.8125    1.21378e-05
19.875     1.20486e-05
19.9375    1.1913e-05
20         1.18541e-05
20.0625    1.18039e-05
20.125     1.17845e-05
20.1875    1.18618e-05
20.25      1.18933e-05
20.3125    1.1816e-05
20.375     1.16985e-05
20.4375    1.16148e-05
20.5       1.15534e-05
20.5625    1.15619e-05
20.625     1.16332e-05
20.6875    1.16609e-05
20.75      1.16429e-05
20.8125    1.1654e-05
20.875     1.16949e-05
20.9375    1.17596e-05
21         1.18241e-05
21.0625    1.18811e-05
21.125     1.19211e-05
21.1875    1.19446e-05
21.25      1.19208e-05
21.3125    1.19005e-05
21.375     1.18972e-05
21.4375    1.18574e-05
21.5       1.181e-05 
21.5625    1.18091e-05
21.625     1.1777e-05
21.6875    1.17147e-05
21.75      1.17218e-05
21.8125    1.1765e-05
21.875     1.18525e-05
21.9375    1.19529e-05
22         1.1971e-05
22.0625    1.19192e-05
22.125     1.17953e-05
22.1875    1.16527e-05
22.25      1.15614e-05
22.3125    1.15387e-05
22.375     1.15735e-05
22.4375    1.16327e-05
22.5       1.17081e-05
22.5625    1.17942e-05
22.625     1.18089e-05
22.6875    1.17293e-05
22.75      1.1635e-05
22.8125    1.15371e-05
22.875     1.14282e-05
22.9375    1.14119e-05
23         1.15123e-05
23.0625    1.15668e-05
23.125     1.1547e-05
23.1875    1.15555e-05
23.25      1.15569e-05
23.3125    1.15837e-05
23.375     1.16926e-05
23.4375    1.17964e-05
23.5       1.18662e-05
23.5625    1.18605e-05
23.625     1.1773e-05
23.6875    1.16778e-05
23.75      1.16212e-05
23.8125    1.15879e-05
23.875     1.16057e-05
23.9375    1.1632e-05
24         1.16544e-05
24.0625    1.16282e-05
24.125     1.15617e-05
24.1875    1.15378e-05
24.25      1.14816e-05
24.3125    1.14922e-05
24.375     1.15917e-05
24.4375    1.16543e-05
24.5       1.1661e-05
24.5625    1.16045e-05
24.625     1.15294e-05
24.6875    1.14836e-05
24.75      1.14945e-05
24.8125    1.15102e-05
24.875     1.14911e-05
24.9375    1.14243e-05
25         1.14352e-05
25.0625    1.14852e-05
25.125     1.15548e-05
25.1875    1.16729e-05
25.25      1.1697e-05
25.3125    1.1582e-05
25.375     1.14476e-05
25.4375    1.1301e-05
25.5       1.12066e-05
25.5625    1.12127e-05
25.625     1.12367e-05
25.6875    1.12786e-05
25.75      1.13669e-05
25.8125    1.14335e-05
25.875     1.15224e-05
25.9375    1.15509e-05
26         1.15514e-05
26.0625    1.15374e-05
26.125     1.14815e-05
26.1875    1.1411e-05
26.25      1.1313e-05
26.3125    1.12573e-05
26.375     1.1236e-05
26.4375    1.12266e-05
26.5       1.12948e-05
26.5625    1.13599e-05
26.625     1.13916e-05
26.6875    1.13933e-05
26.75      1.13456e-05
26.8125    1.1313e-05
26.875     1.12997e-05
26.9375    1.12386e-05
27         1.1223e-05
27.0625    1.12955e-05
27.125     1.13514e-05
27.1875    1.13993e-05
27.25      1.15023e-05
27.3125    1.15344e-05
27.375     1.14495e-05
27.4375    1.13503e-05
27.5       1.12557e-05
27.5625    1.12051e-05
27.625     1.1165e-05
27.6875    1.11573e-05
27.75      1.11614e-05
27.8125    1.11078e-05
27.875     1.10509e-05
27.9375    1.10671e-05
28         1.11843e-05
28.0625    1.12927e-05
28.125     1.13363e-05
28.1875    1.13742e-05
28.25      1.13576e-05
28.3125    1.126e-05 
28.375     1.11991e-05
28.4375    1.11448e-05
28.5       1.10701e-05
28.5625    1.09977e-05
28.625     1.09386e-05
28.6875    1.09835e-05
28.75      1.10625e-05
28.8125    1.11052e-05
28.875     1.11371e-05
28.9375    1.11523e-05
29         1.11344e-05
29.0625    1.10862e-05
29.125     1.10285e-05
29.1875    1.10257e-05
29.25      1.10773e-05
29.3125    1.11359e-05
29.375     1.12229e-05
29.4375    1.13067e-05
29.5       1.12619e-05
29.5625    1.11247e-05
29.625     1.09683e-05
29.6875    1.08889e-05
29.75      1.08745e-05
29.8125    1.09176e-05
29.875     1.10054e-05
29.9375    1.10699e-05
30         1.10828e-05
30.0625    1.10424e-05
30.125     1.1008e-05
30.1875    1.10134e-05
30.25      1.10222e-05
30.3125    1.10435e-05
30.375     1.10826e-05
30.4375    1.11045e-05
30.5       1.11138e-05
30.5625    1.10958e-05
30.625     1.10654e-05
30.6875    1.10943e-05
30.75      1.1134e-05
30.8125    1.11782e-05
30.875     1.12483e-05
30.9375    1.12414e-05
31         1.11794e-05
31.0625    1.10534e-05
31.125     1.08552e-05
31.1875    1.07082e-05
31.25      1.05915e-05
31.3125    1.0518e-05
31.375     1.05939e-05
31.4375    1.07417e-05
31.5       1.0847e-05
31.5625    1.09492e-05
31.625     1.09894e-05
31.6875    1.09422e-05
31.75      1.08603e-05
31.8125    1.0766e-05
31.875     1.07134e-05
31.9375    1.07312e-05
32         1.07845e-05
32.0625    1.09047e-05
32.125     1.10285e-05
32.1875    1.10772e-05
32.25      1.10488e-05
32.3125    1.09927e-05
32.375     1.09461e-05
32.4375    1.0941e-05
32.5       1.09981e-05
32.5625    1.10393e-05
32.625     1.09609e-05
32.6875    1.08074e-05
32.75      1.07013e-05
32.8125    1.06614e-05
32.875     1.06991e-05
32.9375    1.08081e-05
33         1.08902e-05
33.0625    1.08664e-05
33.125     1.08089e-05
33.1875    1.07998e-05
33.25      1.07831e-05
33.3125    1.08156e-05
33.375     1.09191e-05
33.4375    1.09672e-05
33.5       1.09461e-05
33.5625    1.09122e-05
33.625     1.08707e-05
33.6875    1.08197e-05
33.75      1.08076e-05
33.8125    1.08017e-05
33.875     1.08065e-05
33.9375    1.08072e-05
34         1.07565e-05
34.0625    1.06744e-05
34.125     1.06047e-05
34.1875    1.05317e-05
34.25      1.04658e-05
34.3125    1.04395e-05
34.375     1.0439e-05
34.4375    1.04826e-05
34.5       1.05367e-05
34.5625    1.05578e-05
34.625     1.05628e-05
34.6875    1.05551e-05
34.75      1.04823e-05
34.8125    1.03781e-05
34.875     1.03226e-05
34.9375    1.03089e-05
35         1.03978e-05
35.0625    1.05202e-05
35.125     1.05882e-05
35.1875    1.06182e-05
35.25      1.05742e-05
35.3125    1.04839e-05
35.375     1.0484e-05
35.4375    1.05433e-05
35.5       1.05685e-05
35.5625    1.05448e-05
35.625     1.04834e-05
35.6875    1.04482e-05
35.75      1.04691e-05
35.8125    1.0545e-05
35.875     1.06124e-05
35.9375    1.06499e-05
36         1.06141e-05
36.0625    1.05367e-05
36.125     1.0523e-05
36.1875    1.05651e-05
36.25      1.065e-05 
36.3125    1.07031e-05
36.375     1.07041e-05
36.4375    1.06913e-05
36.5       1.06276e-05
36.5625    1.05446e-05
36.625     1.05087e-05
36.6875    1.05007e-05
36.75      1.05278e-05
36.8125    1.0562e-05
36.875     1.0554e-05
36.9375    1.05691e-05
37         1.05738e-05
37.0625    1.056e-05 
37.125     1.05675e-05
37.1875    1.05662e-05
37.25      1.05247e-05
37.3125    1.04745e-05
37.375     1.04318e-05
37.4375    1.04004e-05
37.5       1.04471e-05
37.5625    1.05398e-05
37.625     1.05885e-05
37.6875    1.05838e-05
37.75      1.05302e-05
37.8125    1.04289e-05
37.875     1.03166e-05
37.9375    1.02744e-05
38         1.02729e-05
38.0625    1.03189e-05
38.125     1.03886e-05
38.1875    1.03998e-05
38.25      1.03897e-05
38.3125    1.03708e-05
38.375     1.03209e-05
38.4375    1.02537e-05
38.5       1.01756e-05
38.5625    1.01456e-05
38.625     1.01828e-05
38.6875    1.02139e-05
38.75      1.02664e-05
38.8125    1.02826e-05
38.875     1.02246e-05
38.9375    1.01892e-05
39         1.01755e-05
39.0625    1.01807e-05
39.125     1.02833e-05
39.1875    1.41661e-05
39.25      5.91057e-05
39.3125    0.000138349
39.375     0.000172264
39.4375    0.000173112
39.5       0.00015742
39.5625    8.67147e-05
39.625     2.26082e-05
39.6875    1.03569e-05
39.75      1.02361e-05
39.8125    1.02795e-05
39.875     1.02759e-05
39.9375    1.02896e-05
40         1.02362e-05
40.0625    1.01416e-05
40.125     1.01375e-05
40.1875    1.01564e-05
40.25      1.01513e-05
40.3125    1.01594e-05
40.375     1.01981e-05
40.4375    1.02696e-05
40.5       1.03542e-05
40.5625    1.04055e-05
40.625     1.03479e-05
40.6875    1.02122e-05
40.75      1.01022e-05
40.8125    1.00445e-05
40.875     1.00258e-05
40.9375    1.00821e-05
41         1.01341e-05
41.0625    1.01247e-05
41.125     1.00675e-05
41.1875    9.99708e-06
41.25      9.97007e-06
41.3125    9.95446e-06
41.375     9.95346e-06
41.4375    9.98935e-06
41.5       9.98223e-06
41.5625    9.91868e-06
41.625     9.85255e-06
41.6875    9.80823e-06
41.75      9.7344e-06
41.8125    9.69708e-06
41.875     9.708e-06 
41.9375    9.70719e-06
42         9.76705e-06
42.0625    9.87609e-06
42.125     9.94754e-06
42.1875    9.97369e-06
42.25      9.99281e-06
42.3125    1.00421e-05
42.375     1.00651e-05
42.4375    1.0047e-05
42.5       1.0056e-05
42.5625    1.0017e-05
42.625     9.87809e-06
42.6875    9.76733e-06
42.75      9.72246e-06
42.8125    9.72509e-06
42.875     9.81457e-06
42.9375    9.92388e-06
43         9.94752e-06
43.0625    9.87866e-06
43.125     9.77924e-06
43.1875    9.6824e-06
43.25      9.67059e-06
43.3125    9.7163e-06
43.375     9.72559e-06
43.4375    9.70741e-06
43.5       9.73312e-06
43.5625    9.82214e-06
43.625     9.89001e-06
43.6875    9.94556e-06
43.75      9.97557e-06
43.8125    9.90924e-06
43.875     9.80294e-06
43.9375    9.74309e-06
44         9.71505e-06
44.0625    9.66518e-06
44.125     9.62155e-06
44.1875    9.61795e-06
44.25      9.63607e-06
44.3125    9.66449e-06
44.375     9.72226e-06
44.4375    9.74952e-06
44.5       9.7043e-06
44.5625    9.68132e-06
44.625     9.69744e-06
44.6875    9.70393e-06
44.75      9.72069e-06
44.8125    9.68017e-06
44.875     9.54273e-06
44.9375    9.39059e-06
45         9.2865e-06
45.0625    9.23825e-06
45.125     9.23183e-06
45.1875    9.27384e-06
45.25      9.3327e-06
45.3125    9.37812e-06
45.375     9.45792e-06
45.4375    9.55661e-06
45.5       9.63412e-06
45.5625    9.69086e-06
45.625     9.74945e-06
45.6875    9.79519e-06
45.75      9.78654e-06
45.8125    9.73729e-06
45.875     9.64723e-06
45.9375    9.56596e-06
46         9.5299e-06
46.0625    9.53881e-06
46.125     9.55369e-06
46.1875    9.59319e-06
46.25      9.65902e-06
46.3125    9.69643e-06
46.375     9.72284e-06
46.4375    9.73565e-06
46.5       9.74067e-06
46.5625    9.66689e-06
46.625     9.51737e-06
46.6875    9.37899e-06
46.75      9.2951e-06
46.8125    9.26149e-06
46.875     9.32e-06  
46.9375    9.43381e-06
47         9.50651e-06
47.0625    9.49591e-06
47.125     9.45455e-06
47.1875    9.42847e-06
47.25      9.43745e-06
47.3125    9.47312e-06
47.375     9.524e-06 
47.4375    9.54725e-06
47.5       9.50505e-06
47.5625    9.46651e-06
47.625     9.40157e-06
47.6875    9.34031e-06
47.75      9.3305e-06
47.8125    9.30562e-06
47.875     9.31701e-06
47.9375    9.31537e-06
48         9.2894e-06
48.0625    9.27393e-06
48.125     9.24636e-06
48.1875    9.26485e-06
48.25      9.35401e-06
48.3125    9.42626e-06
48.375     9.46416e-06
48.4375    9.44526e-06
48.5       9.37433e-06
48.5625    9.33051e-06
48.625     9.36238e-06
48.6875    9.4528e-06
48.75      9.47419e-06
48.8125    9.42373e-06
48.875     9.35689e-06
48.9375    9.3341e-06
49         9.35743e-06
49.0625    9.33613e-06
49.125     9.24752e-06
49.1875    9.16412e-06
49.25      9.07592e-06
49.3125    9.22473e-06
49.375     9.80921e-06
49.4375    1.05459e-05
49.5       1.11029e-05
49.5625    1.12301e-05
49.625     1.08855e-05
49.6875    9.7654e-06
49.75      8.59367e-06
49.8125    8.15169e-06
49.875     7.9496e-06
49.9375    8.19269e-06
50         8.73876e-06
50.0625    9.01054e-06
50.125     9.06166e-06
50.1875    9.06668e-06
50.25      9.02968e-06
50.3125    8.97102e-06
50.375     8.93958e-06
50.4375    8.94846e-06
50.5       8.95765e-06
50.5625    8.96103e-06
50.625     8.96565e-06
50.6875    8.92074e-06
50.75      8.85617e-06
50.8125    8.87446e-06
50.875     8.93885e-06
50.9375    8.9819e-06
51         9.03723e-06
51.0625    9.1367e-06
51.125     9.20338e-06
51.1875    9.19701e-06
51.25      9.16383e-06
51.3125    9.09922e-06
51.375     8.94627e-06
51.4375    8.77976e-06
51.5       8.73415e-06
51.5625    8.79473e-06
51.625     8.89487e-06
51.6875    8.98439e-06
51.75      9.00735e-06
51.8125    8.94041e-06
51.875     8.83344e-06
51.9375    8.71002e-06
52         8.64407e-06
52.0625    8.73297e-06
52.125     8.84325e-06
52.1875    8.92353e-06
52.25      9.02119e-06
52.3125    9.03029e-06
52.375     8.96325e-06
52.4375    8.92586e-06
52.5       8.896e-06 
52.5625    8.8457e-06
52.625     8.8256e-06
52.6875    8.81208e-06
52.75      8.75102e-06
52.8125    8.729e-06 
52.875     8.72751e-06
52.9375    8.64269e-06
53         8.55937e-06
53.0625    8.54299e-06
53.125     8.56585e-06
53.1875    8.58729e-06
53.25      8.64343e-06
53.3125    8.69021e-06
53.375     8.63841e-06
53.4375    8.58393e-06
53.5       8.52803e-06
53.5625    8.49679e-06
53.625     8.50122e-06
53.6875    8.50771e-06
53.75      8.54046e-06
53.8125    8.61168e-06
53.875     8.62704e-06
53.9375    8.59329e-06
54         8.55902e-06
54.0625    8.48813e-06
54.125     8.4068e-06
54.1875    8.39117e-06
54.25      8.41357e-06
54.3125    8.43847e-06
54.375     8.48842e-06
54.4375    8.51325e-06
54.5       8.4824e-06
54.5625    8.4968e-06
54.625     8.568e-06 
54.6875    8.58237e-06
54.75      8.55835e-06
54.8125    8.55474e-06
54.875     8.55195e-06
54.9375    8.54389e-06
55         8.54569e-06
55.0625    8.52503e-06
55.125     8.44226e-06
55.1875    8.35415e-06
55.25      8.31339e-06
55.3125    8.31686e-06
55.375     8.36756e-06
55.4375    8.38635e-06
55.5       8.39456e-06
55.5625    8.4425e-06
55.625     8.47495e-06
55.6875    8.48813e-06
55.75      8.49743e-06
55.8125    8.49861e-06
55.875     8.48495e-06
55.9375    8.45855e-06
56         8.43208e-06
56.0625    8.38304e-06
56.125     8.31719e-06
56.1875    8.26701e-06
56.25      8.26972e-06
56.3125    8.29793e-06
56.375     8.34154e-06
56.4375    8.37932e-06
56.5       8.43187e-06
56.5625    8.49703e-06
56.625     8.52407e-06
56.6875    8.52334e-06
56.75      8.5115e-06
56.8125    8.41515e-06
56.875     8.28211e-06
56.9375    8.19764e-06
57         8.10621e-06
57.0625    8.0667e-06
57.125     8.07567e-06
57.1875    8.10674e-06
57.25      8.14896e-06
57.3125    8.1117e-06
57.375     8.04885e-06
57.4375    8.02538e-06
57.5       8.00744e-06
57.5625    8.04181e-06
57.625     8.10713e-06
57.6875    8.10365e-06
57.75      8.0403e-06
57.8125    7.98301e-06
57.875     7.9266e-06
57.9375    7.90657e-06
58         7.92041e-06
58.0625    7.95247e-06
58.125     7.97906e-06
58.1875    7.987e-06 
58.25      8.01192e-06
58.3125    8.00577e-06
58.375     7.97355e-06
58.4375    8.01787e-06
58.5       8.09272e-06
58.5625    8.10309e-06
58.625     8.09652e-06
58.6875    8.10002e-06
58.75      8.0908e-06
58.8125    8.08303e-06
58.875     8.07313e-06
58.9375    8.06963e-06
59         8.07253e-06
59.0625    8.05583e-06
59.125     8.00414e-06
59.1875    7.92534e-06
59.25      7.84491e-06
59.3125    7.81284e-06
59.375     7.85293e-06
59.4375    7.87337e-06
59.5       7.8746e-06
59.5625    7.8709e-06
59.625     7.76553e-06
59.6875    7.66747e-06
59.75      7.66524e-06
59.8125    7.6949e-06
59.875     7.83436e-06
59.9375    8.03073e-06
60         8.085e-06 
60.0625    8.10851e-06
60.125     8.02438e-06
60.1875    7.92354e-06
60.25      7.93226e-06
60.3125    7.89155e-06
60.375     7.78321e-06
60.4375    7.71387e-06
60.5       7.66472e-06
60.5625    7.62303e-06
60.625     7.6608e-06
60.6875    7.70463e-06
60.75      7.68717e-06
60.8125    7.70087e-06
60.875     7.74328e-06
60.9375    7.80852e-06
61         7.85855e-06
61.0625    7.82823e-06
61.125     7.75125e-06
61.1875    7.69157e-06
61.25      7.66337e-06
61.3125    7.69339e-06
61.375     7.72103e-06
61.4375    7.68085e-06
61.5       7.59074e-06
61.5625    7.49607e-06
61.625     7.43464e-06
61.6875    7.43691e-06
61.75      7.49345e-06
61.8125    7.53005e-06
61.875     7.55642e-06
61.9375    7.56358e-06
62         7.53513e-06
62.0625    7.42728e-06
62.125     7.33921e-06
62.1875    7.32043e-06
62.25      7.35645e-06
62.3125    7.44552e-06
62.375     7.59163e-06
62.4375    7.68977e-06
62.5       7.65869e-06
62.5625    7.5221e-06
62.625     7.38693e-06
62.6875    7.29318e-06
62.75      7.23101e-06
62.8125    7.21588e-06
62.875     7.24059e-06
62.9375    7.26537e-06
63         7.28316e-06
63.0625    7.32994e-06
63.125     7.35573e-06
63.1875    7.33917e-06
63.25      7.32012e-06
63.3125    7.27818e-06
63.375     7.20399e-06
63.4375    7.17854e-06
63.5       7.22874e-06
63.5625    7.30312e-06
63.625     7.36782e-06
63.6875    7.37628e-06
63.75      7.30966e-06
63.8125    7.2456e-06
63.875     7.18791e-06
63.9375    7.14483e-06
64         7.1488e-06
64.0625    7.21902e-06
64.125     7.27879e-06
64.1875    7.31361e-06
64.25      7.34336e-06
64.3125    7.32522e-06
64.375     7.3098e-06
64.4375    7.33262e-06
64.5       7.34713e-06
64.5625    7.37092e-06
64.625     7.41741e-06
64.6875    7.39677e-06
64.75      7.28064e-06
64.8125    7.16402e-06
64.875     7.08276e-06
64.9375    7.04832e-06
65         7.06264e-06
65.0625    7.0848e-06
65.125     7.07006e-06
65.1875    7.01472e-06
65.25      6.92791e-06
65.3125    6.88794e-06
65.375     6.86636e-06
65.4375    6.89479e-06
65.5       6.91797e-06
65.5625    6.90548e-06
65.625     6.92485e-06
65.6875    6.91851e-06
65.75      6.96058e-06
65.8125    7.10656e-06
65.875     7.20641e-06
65.9375    7.23484e-06
66         7.23104e-06
66.0625    7.10137e-06
66.125     6.94672e-06
66.1875    6.89371e-06
66.25      6.8676e-06
66.3125    6.86021e-06
66.375     6.87534e-06
66.4375    6.85852e-06
66.5       6.86377e-06
66.5625    6.9064e-06
66.625     6.961e-06 
66.6875    7.03803e-06
66.75      7.16284e-06
66.8125    7.30008e-06
66.875     7.35123e-06
66.9375    7.30904e-06
67         7.21099e-06
67.0625    7.08229e-06
67.125     6.95983e-06
67.1875    6.90226e-06
67.25      6.86581e-06
67.3125    6.86003e-06
67.375     6.87284e-06
67.4375    6.82981e-06
67.5       6.77991e-06
67.5625    6.71855e-06
67.625     6.63403e-06
67.6875    6.61058e-06
67.75      6.65661e-06
67.8125    6.74512e-06
67.875     6.82251e-06
67.9375    6.8894e-06
68         6.92992e-06
68.0625    6.8968e-06
68.125     6.85725e-06
68.1875    6.78857e-06
68.25      6.70648e-06
68.3125    6.6589e-06
68.375     6.65273e-06
68.4375    6.6878e-06
68.5       6.77634e-06
68.5625    6.82261e-06
68.625     6.82342e-06
68.6875    6.82221e-06
68.75      6.7449e-06
68.8125    6.66873e-06
68.875     6.62982e-06
68.9375    6.56118e-06
69         6.53115e-06
69.0625    6.51549e-06
69.125     6.51852e-06
69.1875    6.57202e-06
69.25      6.61562e-06
69.3125    6.62586e-06
69.375     6.64813e-06
69.4375    6.67946e-06
69.5       6.72468e-06
69.5625    6.79296e-06
69.625     6.81033e-06
69.6875    6.74876e-06
69.75      6.634e-06 
69.8125    6.47222e-06
69.875     6.39288e-06
69.9375    6.39215e-06
70         6.38279e-06
70.0625    6.41781e-06
70.125     6.4524e-06
70.1875    6.40737e-06
70.25      6.35025e-06
70.3125    6.32011e-06
70.375     6.28642e-06
70.4375    6.21773e-06
70.5       6.21453e-06
70.5625    6.24593e-06
70.625     6.23202e-06
70.6875    6.20615e-06
70.75      6.2011e-06
70.8125    6.18902e-06
70.875     6.21883e-06
70.9375    6.30156e-06
71         6.41363e-06
71.0625    6.46433e-06
71.125     6.46157e-06
71.1875    6.42268e-06
71.25      6.3557e-06
71.3125    6.27276e-06
71.375     6.21432e-06
71.4375    6.18364e-06
71.5       6.20205e-06
71.5625    6.21474e-06
71.625     6.20288e-06
71.6875    6.19626e-06
71.75      6.19135e-06
71.8125    6.20229e-06
71.875     6.26319e-06
71.9375    6.34294e-06
72         6.38911e-06
72.0625    6.38484e-06
72.125     6.29977e-06
72.1875    6.20142e-06
72.25      6.16033e-06
72.3125    6.16617e-06
72.375     6.24352e-06
72.4375    6.30677e-06
72.5       6.31312e-06
72.5625    6.29327e-06
72.625     6.20133e-06
72.6875    6.0847e-06
72.75      6.04832e-06
72.8125    6.0558e-06
72.875     6.07302e-06
72.9375    6.07905e-06
73         6.06121e-06
73.0625    6.02172e-06
73.125     5.96917e-06
73.1875    5.93317e-06
73.25      5.95273e-06
73.3125    5.96786e-06
73.375     5.95328e-06
73.4375    5.89388e-06
73.5       5.84831e-06
73.5625    5.82988e-06
73.625     5.82872e-06
73.6875    5.91147e-06
73.75      6.00127e-06
73.8125    6.03984e-06
73.875     6.08612e-06
73.9375    6.1707e-06
74         6.18124e-06
74.0625    6.13158e-06
74.125     6.08215e-06
74.1875    6.01701e-06
74.25      5.91203e-06
74.3125    5.81559e-06
74.375     5.78272e-06
74.4375    5.80742e-06
74.5       5.83531e-06
74.5625    5.87897e-06
74.625     5.9459e-06
74.6875    5.92054e-06
74.75      5.76892e-06
74.8125    5.65191e-06
74.875     5.63242e-06
74.9375    5.65394e-06
75         5.74425e-06
75.0625    5.85266e-06
75.125     5.86895e-06
75.1875    5.82517e-06
75.25      5.82617e-06
75.3125    5.8336e-06
75.375     5.81426e-06
75.4375    5.81534e-06
75.5       5.79634e-06
75.5625    5.75153e-06
75.625     5.66278e-06
75.6875    5.59119e-06
75.75      5.53531e-06
75.8125    5.49131e-06
75.875     5.50371e-06
75.9375    5.56408e-06
76         5.63778e-06
76.0625    5.7162e-06
76.125     5.72626e-06
76.1875    5.70411e-06
76.25      5.6327e-06
76.3125    5.53097e-06
76.375     5.48387e-06
76.4375    5.48531e-06
76.5       5.50711e-06
76.5625    5.57606e-06
76.625     5.61955e-06
76.6875    5.60115e-06
76.75      5.59285e-06
76.8125    5.58755e-06
76.875     5.58884e-06
76.9375    5.60915e-06
77         5.59661e-06
77.0625    5.53369e-06
77.125     5.47679e-06
77.1875    5.44162e-06
77.25      5.41401e-06
77.3125    5.41068e-06
77.375     5.41046e-06
77.4375    5.39658e-06
77.5       5.37308e-06
77.5625    5.35808e-06
77.625     5.30998e-06
77.6875    5.28496e-06
77.75      5.33752e-06
77.8125    5.37572e-06
77.875     5.39405e-06
77.9375    5.35304e-06
78         5.2825e-06
78.0625    5.24332e-06
78.125     5.23465e-06
78.1875    5.22791e-06
78.25      5.19316e-06
78.3125    5.13077e-06
78.375     5.04835e-06
78.4375    5.00859e-06
78.5       5.07982e-06
78.5625    5.17247e-06
78.625     5.28047e-06
78.6875    5.76556e-06
78.75      6.54872e-06
78.8125    6.68262e-06
78.875     6.6434e-06
78.9375    6.22994e-06
79         5.42389e-06
79.0625    5.18147e-06
79.125     5.20929e-06
79.1875    5.23027e-06
79.25      5.26409e-06
79.3125    5.25418e-06
79.375     5.14639e-06
79.4375    5.04498e-06
79.5       4.99901e-06
79.5625    4.96593e-06
79.625     4.98136e-06
79.6875    4.97811e-06
79.75      4.96145e-06
79.8125    4.97238e-06
79.875     5.05102e-06
79.9375    5.15985e-06
80         5.2948e-06
80.0625    5.41622e-06
80.125     5.42332e-06
80.1875    5.42286e-06
80.25      5.30936e-06
80.3125    5.13931e-06
80.375     5.043e-06 
80.4375    4.97689e-06
80.5       4.95781e-06
80.5625    4.99593e-06
80.625     5.04725e-06
80.6875    5.01775e-06
80.75      4.91888e-06
80.8125    4.8428e-06
80.875     4.77677e-06
80.9375    4.7459e-06
81         4.73965e-06
81.0625    4.71624e-06
81.125     4.69508e-06
81.1875    4.71929e-06
81.25      4.77863e-06
81.3125    4.8282e-06
81.375     4.88045e-06
81.4375    4.89251e-06
81.5       4.84381e-06
81.5625    4.82994e-06
81.625     4.86784e-06
81.6875    4.92171e-06
81.75      4.92088e-06
81.8125    4.87781e-06
81.875     4.8442e-06
81.9375    4.82216e-06
82         4.77299e-06
82.0625    4.76422e-06
82.125     4.79021e-06
82.1875    4.78372e-06
82.25      4.75498e-06
82.3125    4.71482e-06
82.375     4.72379e-06
82.4375    4.74161e-06
82.5       4.76835e-06
82.5625    4.86148e-06
82.625     4.92826e-06
82.6875    4.92584e-06
82.75      4.88029e-06
82.8125    4.7935e-06
82.875     4.73013e-06
82.9375    4.72136e-06
83         4.68892e-06
83.0625    4.62124e-06
83.125     4.59242e-06
83.1875    4.51518e-06
83.25      4.44682e-06
83.3125    4.44562e-06
83.375     4.39942e-06
83.4375    4.32915e-06
83.5       4.29608e-06
83.5625    4.31544e-06
83.625     4.35866e-06
83.6875    4.36751e-06
83.75      4.40707e-06
83.8125    4.46601e-06
83.875     4.46349e-06
83.9375    4.47927e-06
84         4.50285e-06
84.0625    4.49995e-06
84.125     4.52574e-06
84.1875    4.54006e-06
84.25      4.47329e-06
84.3125    4.40609e-06
84.375     4.33784e-06
84.4375    4.22147e-06
84.5       4.20503e-06
84.5625    4.29395e-06
84.625     4.35333e-06
84.6875    4.38385e-06
84.75      4.33863e-06
84.8125    4.27004e-06
84.875     4.26676e-06
84.9375    4.24693e-06
85         4.24127e-06
85.0625    4.28641e-06
85.125     4.29256e-06
85.1875    4.29304e-06
85.25      4.25565e-06
85.3125    4.19815e-06
85.375     4.22789e-06
85.4375    4.29409e-06
85.5       4.32905e-06
85.5625    4.28771e-06
85.625     4.18344e-06
85.6875    4.07963e-06
85.75      4.02925e-06
85.8125    4.06201e-06
85.875     4.19642e-06
85.9375    4.35482e-06
86         4.43386e-06
86.0625    4.38233e-06
86.125     4.26095e-06
86.1875    4.17554e-06
86.25      4.12096e-06
86.3125    4.09614e-06
86.375     4.10479e-06
86.4375    4.15555e-06
86.5       4.15824e-06
86.5625    4.15631e-06
86.625     4.206e-06 
86.6875    4.26485e-06
86.75      4.31074e-06
86.8125    4.32196e-06
86.875     4.2316e-06
86.9375    4.08747e-06
87         3.99109e-06
87.0625    3.89774e-06
87.125     3.79115e-06
87.1875    3.84001e-06
87.25      3.94921e-06
87.3125    4.00385e-06
87.375     4.03233e-06
87.4375    4.00875e-06
87.5       3.9482e-06
87.5625    3.87784e-06
87.625     3.86249e-06
87.6875    3.90544e-06
87.75      4.00283e-06
87.8125    4.15132e-06
87.875     4.25277e-06
87.9375    4.30796e-06
88         4.34749e-06
88.0625    4.35319e-06
88.125     4.30056e-06
88.1875    4.22077e-06
88.25      4.16102e-06
88.3125    4.05037e-06
88.375     4.00355e-06
88.4375    4.0189e-06
88.5       4.02034e-06
88.5625    4.00233e-06
88.625     3.96351e-06
88.6875    3.90238e-06
88.75      3.84179e-06
88.8125    3.79137e-06
88.875     3.7312e-06
88.9375    3.66391e-06
89         3.69048e-06
89.0625    3.80663e-06
89.125     3.93163e-06
89.1875    4.01741e-06
89.25      4.06445e-06
89.3125    4.07352e-06
89.375     3.99458e-06
89.4375    3.87943e-06
89.5       3.89261e-06
89.5625    3.89856e-06
89.625     3.83582e-06
89.6875    3.84784e-06
89.75      3.86555e-06
89.8125    3.8347e-06
89.875     3.78784e-06
89.9375    3.76801e-06
90         3.75232e-06
90.0625    3.72698e-06
90.125     3.68056e-06
90.1875    3.61286e-06
90.25      3.54864e-06
90.3125    3.53038e-06
90.375     3.52129e-06
90.4375    3.4841e-06
90.5       3.46502e-06
90.5625    3.44828e-06
90.625     3.44455e-06
90.6875    3.50003e-06
90.75      3.53444e-06
90.8125    3.55372e-06
90.875     3.55287e-06
90.9375    3.53804e-06
91         3.5612e-06
91.0625    3.65114e-06
91.125     3.72174e-06
91.1875    3.67102e-06
91.25      3.60822e-06
91.3125    3.5765e-06
91.375     3.54503e-06
91.4375    3.51055e-06
91.5       3.53754e-06
91.5625    3.57647e-06
91.625     3.57496e-06
91.6875    3.537e-06 
91.75      3.4767e-06
91.8125    3.46019e-06
91.875     3.46676e-06
91.9375    3.4536e-06
92         3.42321e-06
92.0625    3.39484e-06
92.125     3.35452e-06
92.1875    3.31984e-06
92.25      3.35329e-06
92.3125    3.43606e-06
92.375     3.48457e-06
92.4375    3.49882e-06
92.5       3.54603e-06
92.5625    3.55512e-06
92.625     3.5386e-06
92.6875    3.56298e-06
92.75      3.54453e-06
92.8125    3.45239e-06
92.875     3.37e-06  
92.9375    3.28693e-06
93         3.24009e-06
93.0625    3.2447e-06
93.125     3.24002e-06
93.1875    3.24889e-06
93.25      3.22555e-06
93.3125    3.13326e-06
93.375     3.02224e-06
93.4375    2.96702e-06
93.5       2.93093e-06
93.5625    2.97145e-06
93.625     3.02766e-06
93.6875    3.04963e-06
93.75      3.05796e-06
93.8125    2.9982e-06
93.875     2.90119e-06
93.9375    2.86389e-06
94         2.87286e-06
94.0625    2.95933e-06
94.125     3.10803e-06
94.1875    3.16916e-06
94.25      3.20455e-06
94.3125    3.25657e-06
94.375     3.29121e-06
94.4375    3.27419e-06
94.5       3.18399e-06
94.5625    3.10265e-06
94.625     3.08372e-06
94.6875    3.03773e-06
94.75      3.01598e-06
94.8125    3.06445e-06
94.875     3.09743e-06
94.9375    3.09117e-06
95         3.07647e-06
95.0625    3.04604e-06
95.125     2.96881e-06
95.1875    2.92058e-06
95.25      2.92113e-06
95.3125    2.94372e-06
95.375     2.99404e-06
95.4375    3.02022e-06
95.5       3.01051e-06
95.5625    3.01714e-06
95.625     2.95799e-06
95.6875    2.86323e-06
95.75      2.79762e-06
95.8125    2.70162e-06
95.875     2.60958e-06
95.9375    2.59975e-06
96         2.6443e-06
96.0625    2.71568e-06
96.125     2.73719e-06
96.1875    2.6937e-06
96.25      2.64215e-06
96.3125    2.63428e-06
96.375     2.68738e-06
96.4375    2.77938e-06
96.5       2.85894e-06
96.5625    2.88602e-06
96.625     2.87575e-06
96.6875    2.84483e-06
96.75      2.7422e-06
96.8125    2.62836e-06
96.875     2.52494e-06
96.9375    2.45074e-06
97         2.45866e-06
97.0625    2.52585e-06
97.125     2.57303e-06
97.1875    2.61485e-06
97.25      2.66763e-06
97.3125    2.65142e-06
97.375     2.59934e-06
97.4375    2.60393e-06
97.5       2.58144e-06
97.5625    2.54376e-06
97.625     2.61257e-06
97.6875    2.67724e-06
97.75      2.71687e-06
97.8125    2.77632e-06
97.875     2.82211e-06
97.9375    2.84066e-06
98         2.83355e-06
98.0625    2.82328e-06
98.125     2.78276e-06
98.1875    2.74574e-06
98.25      2.70728e-06
98.3125    2.628e-06 
98.375     2.51559e-06
98.4375    2.43134e-06
98.5       2.42657e-06
98.5625    2.44782e-06
98.625     2.44328e-06
98.6875    2.45529e-06
98.75      2.54172e-06
98.8125    2.56977e-06
98.875     2.51901e-06
98.9375    2.49789e-06
99         2.48042e-06
99.0625    2.43306e-06
99.125     2.41403e-06
99.1875    2.41217e-06
99.25      2.43651e-06
99.3125    2.47391e-06
99.375     2.54024e-06
99.4375    2.64591e-06
99.5       2.79016e-06
99.5625    2.91881e-06
99.625     2.95135e-06
99.6875    2.8779e-06
99.75      2.59301e-06
99.8125    2.40745e-06
99.875     2.41678e-06
99.9375    2.47211e-06
100        2.49039e-06
