# Freq.    Mag.
0          2.25096e-05
8          2.1739e-05
16         1.8287e-05
24         1.46452e-05
32         1.25288e-05
40         1.09141e-05
48         1.01456e-05
56         9.30591e-06
64         8.68873e-06
72         8.21723e-06
80         7.4117e-06
88         6.59318e-06
96         5.91301e-06
104        5.72732e-06
112        5.57312e-06
120        5.41066e-06
128        5.27701e-06
136        4.84078e-06
144        4.1418e-06
152        3.74538e-06
160        3.78715e-06
168        3.85606e-06
176        3.75924e-06
184        3.65965e-06
192        3.48048e-06
200        3.28071e-06
208        3.08634e-06
216        2.86731e-06
224        2.72535e-06
232        2.7004e-06
240        2.66326e-06
248        2.56326e-06
256        2.35719e-06
264        2.20675e-06
272        2.16563e-06
280        2.14036e-06
288        2.05445e-06
296        2.00547e-06
304        2.0627e-06
312        2.12041e-06
320        2.13522e-06
328        2.08894e-06
336        2.07699e-06
344        2.01348e-06
352        1.93442e-06
360        1.88226e-06
368        1.88249e-06
376        1.89038e-06
384        1.8872e-06
392        1.79691e-06
400        1.66854e-06
408        1.6078e-06
416        1.53946e-06
424        1.48533e-06
432        1.50164e-06
440        1.52831e-06
448        1.54438e-06
456        1.52156e-06
464        1.47203e-06
472        1.40448e-06
480        1.43833e-06
488        1.443e-06 
496        1.39589e-06
504        1.41128e-06
512        1.48438e-06
520        1.56254e-06
528        1.55967e-06
536        1.47134e-06
544        1.35693e-06
552        1.26327e-06
560        1.16949e-06
568        1.08189e-06
576        1.06369e-06
584        1.11408e-06
592        1.16229e-06
600        1.19066e-06
608        1.1698e-06
616        1.21055e-06
624        1.24293e-06
632        1.21958e-06
640        1.2081e-06
648        1.2542e-06
656        1.30891e-06
664        1.28766e-06
672        1.2395e-06
680        1.20239e-06
688        1.22069e-06
696        1.24304e-06
704        1.18595e-06
712        1.1396e-06
720        1.14373e-06
728        1.13192e-06
736        1.10514e-06
744        1.08026e-06
752        1.05265e-06
760        1.01342e-06
768        1.00555e-06
776        1.00849e-06
784        1.04374e-06
792        1.10833e-06
800        1.15922e-06
808        1.16582e-06
816        1.13684e-06
824        1.12404e-06
832        1.0878e-06
840        1.03867e-06
848        1.03712e-06
856        1.07182e-06
864        1.14012e-06
872        1.16208e-06
880        1.13445e-06
888        1.08185e-06
896        1.01475e-06
904        9.69441e-07
912        9.47072e-07
920        9.67976e-07
928        1.06669e-06
936        1.08605e-06
944        9.98922e-07
952        9.30601e-07
960        9.4324e-07
968        9.70363e-07
976        1.10841e-06
984        1.5736e-06
992        1.91411e-06
1000       1.85851e-06
1008       1.71321e-06
1016       1.27595e-06
1024       9.10559e-07
1032       9.00867e-07
1040       9.45209e-07
1048       9.51725e-07
1056       9.38091e-07
1064       9.2591e-07
1072       9.35782e-07
1080       9.52978e-07
1088       9.22996e-07
1096       8.80886e-07
1104       8.53932e-07
1112       8.67778e-07
1120       8.87474e-07
1128       9.2431e-07
1136       9.4475e-07
1144       9.45019e-07
1152       9.60156e-07
1160       9.4809e-07
1168       8.9102e-07
1176       8.45866e-07
1184       8.13131e-07
1192       8.23402e-07
1200       8.94516e-07
1208       9.454e-07 
1216       9.88088e-07
1224       9.8765e-07
1232       9.63402e-07
1240       9.28161e-07
1248       9.18255e-07
1256       9.30523e-07
1264       9.25714e-07
1272       8.90742e-07
1280       8.6024e-07
1288       8.58028e-07
1296       8.29095e-07
1304       8.49973e-07
1312       9.10293e-07
1320       9.01836e-07
1328       8.72604e-07
1336       8.73742e-07
1344       8.89442e-07
1352       8.81824e-07
1360       8.69373e-07
1368       8.31238e-07
1376       7.58855e-07
1384       7.23754e-07
1392       7.61996e-07
1400       8.07997e-07
1408       8.21352e-07
1416       8.59624e-07
1424       9.06922e-07
1432       9.16546e-07
1440       8.84273e-07
1448       8.39854e-07
1456       8.64948e-07
1464       9.25085e-07
1472       9.53674e-07
1480       9.52149e-07
1488       9.11902e-07
1496       8.58064e-07
1504       8.06718e-07
1512       7.76647e-07
1520       7.85094e-07
1528       8.03051e-07
1536       8.36685e-07
1544       8.54527e-07
1552       8.46531e-07
1560       8.33044e-07
1568       8.41543e-07
1576       8.67368e-07
1584       8.91854e-07
1592       8.89134e-07
1600       8.59607e-07
1608       8.28377e-07
1616       8.30478e-07
1624       8.38575e-07
1632       8.13753e-07
1640       7.80121e-07
1648       7.27901e-07
1656       7.02841e-07
1664       6.99965e-07
1672       7.01282e-07
1680       7.36382e-07
1688       7.77334e-07
1696       8.038e-07 
1704       7.87669e-07
1712       7.8001e-07
1720       8.00486e-07
1728       8.27453e-07
1736       8.53509e-07
1744       8.6322e-07
1752       8.63685e-07
1760       8.34437e-07
1768       7.8046e-07
1776       7.31694e-07
1784       7.55055e-07
1792       7.94942e-07
1800       8.15882e-07
1808       8.26025e-07
1816       8.204e-07 
1824       8.03156e-07
1832       7.91389e-07
1840       8.27173e-07
1848       8.68342e-07
1856       8.45505e-07
1864       7.89806e-07
1872       7.23288e-07
1880       7.28215e-07
1888       7.38961e-07
1896       7.49294e-07
1904       7.52482e-07
1912       7.27988e-07
1920       7.20976e-07
1928       7.3566e-07
1936       7.63279e-07
1944       7.67304e-07
1952       7.51865e-07
1960       7.29853e-07
1968       7.22404e-07
1976       7.59342e-07
1984       8.27942e-07
1992       8.33783e-07
2000       8.14991e-07
2008       7.93405e-07
2016       7.82868e-07
2024       8.0361e-07
2032       8.10658e-07
2040       7.99507e-07
2048       7.70462e-07
2056       7.76583e-07
2064       7.94374e-07
2072       7.74928e-07
2080       7.82761e-07
2088       7.84826e-07
2096       7.49695e-07
2104       7.11559e-07
2112       7.02674e-07
2120       7.01265e-07
2128       6.93052e-07
2136       6.8423e-07
2144       6.95173e-07
2152       6.96519e-07
2160       6.86653e-07
2168       6.80031e-07
2176       7.04455e-07
2184       7.17272e-07
2192       7.22808e-07
2200       7.68074e-07
2208       8.20787e-07
2216       8.05832e-07
2224       7.62728e-07
2232       7.28681e-07
2240       7.38353e-07
2248       7.59946e-07
2256       7.727e-07 
2264       7.86564e-07
2272       7.84935e-07
2280       8.12634e-07
2288       8.4566e-07
2296       8.09574e-07
2304       7.85491e-07
2312       7.70693e-07
2320       7.62755e-07
2328       7.80626e-07
2336       8.07939e-07
2344       8.09761e-07
2352       7.85412e-07
2360       7.39211e-07
2368       6.91378e-07
2376       6.85216e-07
2384       7.00477e-07
2392       7.54371e-07
2400       7.88939e-07
2408       7.87096e-07
2416       7.61088e-07
2424       7.2818e-07
2432       7.24304e-07
2440       7.7602e-07
2448       7.97961e-07
2456       7.68599e-07
2464       7.47357e-07
2472       7.48273e-07
2480       7.6661e-07
2488       7.57524e-07
2496       7.01996e-07
2504       6.76372e-07
2512       6.82474e-07
2520       6.95916e-07
2528       7.13896e-07
2536       7.05922e-07
2544       6.77059e-07
2552       6.60314e-07
2560       6.66027e-07
2568       6.884e-07 
2576       7.06542e-07
2584       6.86877e-07
2592       6.56316e-07
2600       6.79951e-07
2608       7.50287e-07
2616       7.87638e-07
2624       7.65272e-07
2632       7.35482e-07
2640       6.93594e-07
2648       6.34554e-07
2656       6.27236e-07
2664       6.45859e-07
2672       6.72414e-07
2680       6.86532e-07
2688       6.82229e-07
2696       6.8874e-07
2704       6.92163e-07
2712       7.02164e-07
2720       7.25392e-07
2728       7.64382e-07
2736       7.66994e-07
2744       7.47e-07  
2752       7.42243e-07
2760       7.11609e-07
2768       7.00959e-07
2776       6.92819e-07
2784       6.73478e-07
2792       6.53637e-07
2800       6.32063e-07
2808       6.69526e-07
2816       7.26477e-07
2824       7.44199e-07
2832       7.15314e-07
2840       6.81715e-07
2848       7.01843e-07
2856       7.39849e-07
2864       7.71655e-07
2872       7.65986e-07
2880       7.4548e-07
2888       7.24188e-07
2896       7.01536e-07
2904       7.02635e-07
2912       7.17292e-07
2920       7.25515e-07
2928       7.16907e-07
2936       7.24693e-07
2944       7.44519e-07
2952       7.32713e-07
2960       7.28037e-07
2968       7.24238e-07
2976       7.20944e-07
2984       7.78005e-07
2992       8.17952e-07
3000       7.78717e-07
3008       7.30017e-07
3016       6.55894e-07
3024       6.1206e-07
3032       5.85544e-07
3040       5.62618e-07
3048       6.02757e-07
3056       6.8868e-07
3064       7.45366e-07
3072       7.59918e-07
3080       7.39999e-07
3088       7.0795e-07
3096       7.10366e-07
3104       7.18911e-07
3112       7.22352e-07
3120       7.33771e-07
3128       7.17944e-07
3136       6.6738e-07
3144       6.27574e-07
3152       6.17087e-07
3160       6.44481e-07
3168       6.62376e-07
3176       6.83642e-07
3184       7.14254e-07
3192       7.2791e-07
3200       7.09354e-07
3208       6.66585e-07
3216       6.44855e-07
3224       6.75751e-07
3232       7.36707e-07
3240       7.85653e-07
3248       7.80764e-07
3256       7.71824e-07
3264       7.47599e-07
3272       6.87185e-07
3280       6.61527e-07
3288       6.41601e-07
3296       6.37894e-07
3304       6.62016e-07
3312       6.77251e-07
3320       6.91922e-07
3328       7.08061e-07
3336       7.17806e-07
3344       7.02328e-07
3352       6.96013e-07
3360       7.17323e-07
3368       7.44501e-07
3376       7.48888e-07
3384       7.16302e-07
3392       6.9234e-07
3400       6.98309e-07
3408       7.01633e-07
3416       6.97624e-07
3424       6.54352e-07
3432       6.2716e-07
3440       6.3765e-07
3448       6.43992e-07
3456       6.53553e-07
3464       6.52262e-07
3472       6.52366e-07
3480       6.98291e-07
3488       7.1893e-07
3496       6.96309e-07
3504       6.6883e-07
3512       6.42065e-07
3520       6.5125e-07
3528       6.58594e-07
3536       6.34627e-07
3544       6.24509e-07
3552       6.34423e-07
3560       6.55279e-07
3568       6.47225e-07
3576       6.41085e-07
3584       6.39197e-07
3592       6.2358e-07
3600       6.17132e-07
3608       6.02826e-07
3616       6.00288e-07
3624       6.34352e-07
3632       6.77165e-07
3640       6.94932e-07
3648       6.73062e-07
3656       6.3378e-07
3664       6.24281e-07
3672       6.61506e-07
3680       6.66504e-07
3688       6.59875e-07
3696       6.69587e-07
3704       6.8905e-07
3712       7.14426e-07
3720       7.25718e-07
3728       6.98714e-07
3736       6.83428e-07
3744       6.67286e-07
3752       6.34817e-07
3760       6.08423e-07
3768       6.29347e-07
3776       6.59529e-07
3784       6.99199e-07
3792       7.26036e-07
3800       7.28301e-07
3808       7.39434e-07
3816       7.45322e-07
3824       7.34962e-07
3832       7.10489e-07
3840       6.95075e-07
3848       6.74986e-07
3856       6.37678e-07
3864       6.29084e-07
3872       6.53747e-07
3880       6.74132e-07
3888       6.87788e-07
3896       6.88631e-07
3904       6.99361e-07
3912       6.83163e-07
3920       6.47201e-07
3928       6.4876e-07
3936       6.66625e-07
3944       6.98997e-07
3952       7.15605e-07
3960       7.14039e-07
3968       7.03971e-07
3976       7.12178e-07
3984       7.06734e-07
3992       6.64563e-07
4000       6.35946e-07
4008       6.04608e-07
4016       5.93703e-07
4024       6.1891e-07
4032       6.57497e-07
4040       6.74645e-07
4048       6.56376e-07
4056       6.4581e-07
4064       6.34161e-07
4072       6.17094e-07
4080       6.27326e-07
4088       6.48703e-07
4096       6.67649e-07
4104       6.70859e-07
4112       6.62316e-07
4120       6.61076e-07
4128       6.49202e-07
4136       6.17286e-07
4144       6.03419e-07
4152       6.02341e-07
4160       5.84775e-07
4168       6.08955e-07
4176       6.83531e-07
4184       7.22709e-07
4192       7.16403e-07
4200       7.06781e-07
4208       7.00466e-07
4216       6.70844e-07
4224       6.50824e-07
4232       6.43179e-07
4240       6.28074e-07
4248       6.31225e-07
4256       6.60299e-07
4264       6.71512e-07
4272       6.8011e-07
4280       6.8962e-07
4288       7.13776e-07
4296       7.12324e-07
4304       6.85888e-07
4312       6.78446e-07
4320       6.47519e-07
4328       6.42971e-07
4336       6.7e-07   
4344       6.82337e-07
4352       6.63623e-07
4360       6.47472e-07
4368       6.27225e-07
4376       6.12397e-07
4384       6.17837e-07
4392       6.01295e-07
4400       5.70344e-07
4408       5.60065e-07
4416       5.98048e-07
4424       6.51268e-07
4432       6.89503e-07
4440       6.8146e-07
4448       6.40392e-07
4456       6.31222e-07
4464       6.50126e-07
4472       6.68879e-07
4480       6.90384e-07
4488       6.85029e-07
4496       6.48565e-07
4504       6.44106e-07
4512       6.68339e-07
4520       6.87313e-07
4528       6.70879e-07
4536       6.57418e-07
4544       6.54562e-07
4552       6.52996e-07
4560       6.73803e-07
4568       6.89721e-07
4576       6.87232e-07
4584       7.09968e-07
4592       7.48636e-07
4600       7.6202e-07
4608       7.14724e-07
4616       6.55554e-07
4624       6.25955e-07
4632       6.26882e-07
4640       6.51842e-07
4648       6.69793e-07
4656       6.84761e-07
4664       6.83915e-07
4672       6.65952e-07
4680       6.54456e-07
4688       6.56235e-07
4696       6.60357e-07
4704       6.90968e-07
4712       7.05616e-07
4720       6.89835e-07
4728       6.47931e-07
4736       6.0534e-07
4744       6.12919e-07
4752       6.51668e-07
4760       6.68648e-07
4768       6.75736e-07
4776       6.70649e-07
4784       6.34173e-07
4792       6.42535e-07
4800       6.93585e-07
4808       7.35835e-07
4816       7.52471e-07
4824       7.15185e-07
4832       6.90802e-07
4840       6.77763e-07
4848       6.49077e-07
4856       6.33674e-07
4864       6.50498e-07
4872       6.88986e-07
4880       7.08176e-07
4888       6.86207e-07
4896       6.49406e-07
4904       6.22047e-07
4912       6.00203e-07
4920       6.17049e-07
4928       6.47436e-07
4936       6.54329e-07
4944       6.72263e-07
4952       6.76801e-07
4960       6.7417e-07
4968       6.7075e-07
4976       6.58121e-07
4984       6.57729e-07
4992       6.78101e-07
5000       7.02535e-07
5008       7.40398e-07
5016       7.18826e-07
5024       6.91175e-07
5032       6.63453e-07
5040       6.47014e-07
5048       6.73956e-07
5056       6.69686e-07
5064       6.23249e-07
5072       6.05912e-07
5080       6.24157e-07
5088       6.54524e-07
5096       6.68956e-07
5104       6.49348e-07
5112       6.47346e-07
5120       6.30132e-07
5128       6.07297e-07
5136       6.36011e-07
5144       6.49116e-07
5152       6.56876e-07
5160       6.56818e-07
5168       6.70564e-07
5176       6.84548e-07
5184       7.01084e-07
5192       7.46439e-07
5200       7.54608e-07
5208       7.07132e-07
5216       6.28849e-07
5224       5.89584e-07
5232       6.08218e-07
5240       6.38608e-07
5248       6.4394e-07
5256       6.32727e-07
5264       6.4254e-07
5272       6.86864e-07
5280       6.70051e-07
5288       6.00627e-07
5296       5.6184e-07
5304       5.61424e-07
5312       5.98e-07  
5320       6.26083e-07
5328       6.49769e-07
5336       6.5946e-07
5344       6.4249e-07
5352       6.36464e-07
5360       6.33973e-07
5368       6.36236e-07
5376       6.61791e-07
5384       6.87937e-07
5392       7.22102e-07
5400       7.36689e-07
5408       6.99684e-07
5416       6.41034e-07
5424       6.01227e-07
5432       6.34016e-07
5440       7.12513e-07
5448       7.56236e-07
5456       7.45296e-07
5464       7.19004e-07
5472       6.88999e-07
5480       6.7043e-07
5488       6.64842e-07
5496       6.59989e-07
5504       6.58959e-07
5512       6.4322e-07
5520       6.20235e-07
5528       6.10138e-07
5536       5.9834e-07
5544       6.06756e-07
5552       6.12709e-07
5560       6.31169e-07
5568       6.38861e-07
5576       6.5235e-07
5584       6.93706e-07
5592       6.93184e-07
5600       6.67288e-07
5608       6.71238e-07
5616       6.6043e-07
5624       6.54755e-07
5632       6.77754e-07
5640       6.68103e-07
5648       6.508e-07 
5656       6.57598e-07
5664       6.49744e-07
5672       6.56742e-07
5680       6.88145e-07
5688       6.96843e-07
5696       6.67781e-07
5704       6.45791e-07
5712       6.38104e-07
5720       6.39713e-07
5728       6.33207e-07
5736       6.54296e-07
5744       6.74508e-07
5752       6.61862e-07
5760       6.49697e-07
5768       6.64198e-07
5776       6.8436e-07
5784       6.9032e-07
5792       6.67311e-07
5800       6.48466e-07
5808       6.87105e-07
5816       7.23297e-07
5824       7.15843e-07
5832       7.12357e-07
5840       7.11378e-07
5848       6.92174e-07
5856       6.58016e-07
5864       6.28969e-07
5872       6.34397e-07
5880       6.60868e-07
5888       6.51051e-07
5896       6.26666e-07
5904       6.59416e-07
5912       6.92569e-07
5920       6.58581e-07
5928       5.96385e-07
5936       5.88538e-07
5944       6.24645e-07
5952       6.62113e-07
5960       7.03577e-07
5968       6.87713e-07
5976       6.32886e-07
5984       5.94737e-07
5992       5.84576e-07
6000       6.06463e-07
6008       6.5002e-07
6016       6.7971e-07
6024       6.74552e-07
6032       6.57279e-07
6040       6.94638e-07
6048       7.3169e-07
6056       7.1471e-07
6064       6.62088e-07
6072       6.16012e-07
6080       6.16642e-07
6088       6.28511e-07
6096       6.25628e-07
6104       6.2729e-07
6112       6.30781e-07
6120       6.48579e-07
6128       6.52182e-07
6136       6.5273e-07
6144       6.15081e-07
6152       5.71859e-07
6160       5.90925e-07
6168       6.36854e-07
6176       6.65791e-07
6184       6.65837e-07
6192       6.74509e-07
6200       6.73251e-07
6208       6.28609e-07
6216       5.68357e-07
6224       5.45641e-07
6232       5.76883e-07
6240       6.04288e-07
6248       6.38034e-07
6256       6.64859e-07
6264       6.67965e-07
6272       6.3759e-07
6280       5.96806e-07
6288       5.77747e-07
6296       5.75339e-07
6304       6.17909e-07
6312       6.84279e-07
6320       6.97274e-07
6328       6.64397e-07
6336       6.35213e-07
6344       6.42556e-07
6352       6.52869e-07
6360       6.39582e-07
6368       6.21624e-07
6376       6.12652e-07
6384       6.33444e-07
6392       6.36198e-07
6400       6.15907e-07
6408       6.24433e-07
6416       6.41905e-07
6424       6.49235e-07
6432       6.34727e-07
6440       6.30868e-07
6448       6.69578e-07
6456       6.8033e-07
6464       6.54145e-07
6472       6.51308e-07
6480       6.57128e-07
6488       6.61146e-07
6496       6.50283e-07
6504       6.32611e-07
6512       6.36969e-07
6520       6.51509e-07
6528       6.66421e-07
6536       7.01609e-07
6544       7.54269e-07
6552       7.7103e-07
6560       7.49076e-07
6568       7.11946e-07
6576       6.90872e-07
6584       6.93978e-07
6592       7.04153e-07
6600       7.07175e-07
6608       6.8129e-07
6616       6.21338e-07
6624       5.94761e-07
6632       6.18039e-07
6640       6.60331e-07
6648       6.86932e-07
6656       6.72708e-07
6664       6.56657e-07
6672       6.56274e-07
6680       6.63527e-07
6688       6.73528e-07
6696       6.82224e-07
6704       7.01031e-07
6712       6.944e-07 
6720       6.55007e-07
6728       6.17847e-07
6736       6.09207e-07
6744       6.27402e-07
6752       6.26674e-07
6760       6.45461e-07
6768       6.62829e-07
6776       6.36073e-07
6784       6.27908e-07
6792       6.43736e-07
6800       6.38749e-07
6808       6.13165e-07
6816       5.98591e-07
6824       6.32021e-07
6832       6.69735e-07
6840       6.85603e-07
6848       6.73353e-07
6856       6.44401e-07
6864       6.49756e-07
6872       6.58642e-07
6880       6.66883e-07
6888       6.79483e-07
6896       6.61972e-07
6904       6.13968e-07
6912       5.92915e-07
6920       5.79768e-07
6928       5.71696e-07
6936       5.82126e-07
6944       5.91687e-07
6952       5.99931e-07
6960       6.09091e-07
6968       6.49551e-07
6976       6.84833e-07
6984       7.02915e-07
6992       7.18718e-07
7000       7.15098e-07
7008       7.2379e-07
7016       7.05512e-07
7024       6.47231e-07
7032       5.98489e-07
7040       5.68526e-07
7048       5.8629e-07
7056       6.307e-07 
7064       6.54533e-07
7072       6.53881e-07
7080       6.60972e-07
7088       6.95056e-07
7096       7.37201e-07
7104       7.68249e-07
7112       7.58322e-07
7120       7.19111e-07
7128       6.99725e-07
7136       6.68096e-07
7144       6.60934e-07
7152       6.80832e-07
7160       6.83224e-07
7168       6.78512e-07
7176       6.73407e-07
7184       6.71609e-07
7192       6.83948e-07
7200       6.80683e-07
7208       6.87242e-07
7216       6.88527e-07
7224       7.05097e-07
7232       7.05322e-07
7240       6.89549e-07
7248       6.83096e-07
7256       6.67393e-07
7264       6.80976e-07
7272       6.94346e-07
7280       6.72521e-07
7288       6.52112e-07
7296       6.4992e-07
7304       6.65051e-07
7312       6.74051e-07
7320       6.86084e-07
7328       6.73589e-07
7336       6.8447e-07
7344       6.90271e-07
7352       6.67576e-07
7360       6.58284e-07
7368       6.58185e-07
7376       6.89726e-07
7384       6.96543e-07
7392       6.86514e-07
7400       6.80279e-07
7408       6.71163e-07
7416       6.48103e-07
7424       6.19387e-07
7432       5.9726e-07
7440       6.04931e-07
7448       6.48959e-07
7456       6.75482e-07
7464       6.71963e-07
7472       6.77217e-07
7480       6.5687e-07
7488       6.40895e-07
7496       6.6495e-07
7504       6.52226e-07
7512       6.36459e-07
7520       6.54164e-07
7528       6.69426e-07
7536       6.87383e-07
7544       7.30514e-07
7552       7.30704e-07
7560       6.81454e-07
7568       6.5555e-07
7576       6.27022e-07
7584       6.05748e-07
7592       6.24324e-07
7600       6.5455e-07
7608       6.82634e-07
7616       6.89869e-07
7624       6.46112e-07
7632       6.14033e-07
7640       6.20301e-07
7648       6.24965e-07
7656       5.99312e-07
7664       5.80798e-07
7672       6.208e-07 
7680       6.83655e-07
7688       7.02658e-07
7696       6.80517e-07
7704       6.58949e-07
7712       6.67321e-07
7720       6.95845e-07
7728       7.08122e-07
7736       7.07138e-07
7744       6.92185e-07
7752       6.39401e-07
7760       6.13307e-07
7768       6.08111e-07
7776       6.36555e-07
7784       6.44357e-07
7792       6.08305e-07
7800       5.86061e-07
7808       5.77927e-07
7816       6.34438e-07
7824       6.90617e-07
7832       6.76178e-07
7840       6.18628e-07
7848       5.7414e-07
7856       5.95736e-07
7864       6.41567e-07
7872       6.56013e-07
7880       6.50436e-07
7888       6.38634e-07
7896       6.46914e-07
7904       6.56159e-07
7912       6.69839e-07
7920       6.65374e-07
7928       6.46159e-07
7936       6.55134e-07
7944       6.83357e-07
7952       7.09793e-07
7960       7.42301e-07
7968       7.32134e-07
7976       6.8603e-07
7984       6.38752e-07
7992       6.22179e-07
8000       6.62012e-07
8008       6.76535e-07
8016       6.4603e-07
8024       6.18902e-07
8032       6.21161e-07
8040       6.25172e-07
8048       6.39313e-07
8056       6.43116e-07
8064       6.44366e-07
8072       6.38646e-07
8080       6.17075e-07
8088       6.24039e-07
8096       6.15113e-07
8104       5.93834e-07
8112       5.76224e-07
8120       6.01793e-07
8128       6.39942e-07
8136       6.7572e-07
8144       6.83956e-07
8152       6.74023e-07
8160       6.89231e-07
8168       7.18955e-07
8176       7.30229e-07
8184       7.16705e-07
8192       6.76757e-07
8200       6.31041e-07
8208       6.39122e-07
8216       6.52451e-07
8224       6.68357e-07
8232       6.75019e-07
8240       6.52648e-07
8248       6.28076e-07
8256       6.36931e-07
8264       6.6142e-07
8272       6.79506e-07
8280       6.73659e-07
8288       6.42553e-07
8296       6.29416e-07
8304       6.01193e-07
8312       5.75474e-07
8320       5.98898e-07
8328       6.4572e-07
8336       6.73119e-07
8344       6.78209e-07
8352       6.54096e-07
8360       6.35632e-07
8368       6.38757e-07
8376       6.6069e-07
8384       6.78496e-07
8392       6.65679e-07
8400       6.55743e-07
8408       6.33179e-07
8416       6.01912e-07
8424       5.79941e-07
8432       6.12018e-07
8440       6.20169e-07
8448       6.00174e-07
8456       5.99647e-07
8464       6.23599e-07
8472       6.49157e-07
8480       6.54255e-07
8488       6.4827e-07
8496       6.6813e-07
8504       6.78533e-07
8512       6.72339e-07
8520       6.55957e-07
8528       6.20672e-07
8536       6.05839e-07
8544       6.20321e-07
8552       6.48426e-07
8560       6.69923e-07
8568       6.80061e-07
8576       6.80919e-07
8584       6.21065e-07
8592       5.62541e-07
8600       5.46866e-07
8608       5.64417e-07
8616       5.99749e-07
8624       6.14784e-07
8632       6.46668e-07
8640       6.99127e-07
8648       7.2703e-07
8656       7.19279e-07
8664       7.04676e-07
8672       6.90645e-07
8680       6.78431e-07
8688       6.80333e-07
8696       6.58555e-07
8704       6.0395e-07
8712       5.716e-07 
8720       5.76167e-07
8728       5.81973e-07
8736       5.9106e-07
8744       5.8964e-07
8752       5.7684e-07
8760       5.65852e-07
8768       5.71455e-07
8776       5.85034e-07
8784       6.1705e-07
8792       6.41249e-07
8800       6.34418e-07
8808       6.4128e-07
8816       6.78313e-07
8824       7.36069e-07
8832       7.66079e-07
8840       7.39864e-07
8848       6.96962e-07
8856       6.84542e-07
8864       6.9636e-07
8872       7.13872e-07
8880       7.16112e-07
8888       6.94632e-07
8896       6.84444e-07
8904       6.8979e-07
8912       7.05805e-07
8920       6.98138e-07
8928       6.59302e-07
8936       6.40171e-07
8944       6.4571e-07
8952       6.59808e-07
8960       6.66027e-07
8968       6.59462e-07
8976       6.68222e-07
8984       6.99644e-07
8992       6.93393e-07
9000       6.57879e-07
9008       6.42862e-07
9016       6.39555e-07
9024       6.22382e-07
9032       6.24444e-07
9040       6.53212e-07
9048       6.62029e-07
9056       6.67281e-07
9064       6.30944e-07
9072       5.93014e-07
9080       5.86546e-07
9088       5.76959e-07
9096       5.88336e-07
9104       6.14456e-07
9112       6.48591e-07
9120       6.64523e-07
9128       6.34774e-07
9136       5.82517e-07
9144       5.60829e-07
9152       5.78124e-07
9160       6.05719e-07
9168       6.2038e-07
9176       6.38812e-07
9184       6.76871e-07
9192       6.89731e-07
9200       6.68771e-07
9208       6.493e-07 
9216       6.27722e-07
9224       6.14146e-07
9232       6.35034e-07
9240       6.47158e-07
9248       6.22443e-07
9256       5.91827e-07
9264       5.77281e-07
9272       5.85611e-07
9280       5.8215e-07
9288       6.04088e-07
9296       6.66436e-07
9304       7.17301e-07
9312       7.59027e-07
9320       7.55723e-07
9328       7.31929e-07
9336       7.10927e-07
9344       6.9502e-07
9352       6.86286e-07
9360       6.79668e-07
9368       6.92998e-07
9376       7.06153e-07
9384       6.73653e-07
9392       6.3729e-07
9400       6.5279e-07
9408       6.97607e-07
9416       7.24333e-07
9424       6.98373e-07
9432       6.59783e-07
9440       6.18264e-07
9448       5.89487e-07
9456       5.92e-07  
9464       5.75922e-07
9472       5.79091e-07
9480       5.84067e-07
9488       5.92575e-07
9496       6.00431e-07
9504       6.1363e-07
9512       6.37536e-07
9520       6.30201e-07
9528       6.19529e-07
9536       6.2724e-07
9544       6.41828e-07
9552       6.48794e-07
9560       6.55665e-07
9568       6.58783e-07
9576       6.55965e-07
9584       6.43685e-07
9592       6.5277e-07
9600       6.87466e-07
9608       6.91482e-07
9616       6.93471e-07
9624       7.07924e-07
9632       6.92156e-07
9640       6.68216e-07
9648       6.62229e-07
9656       6.56115e-07
9664       6.52276e-07
9672       6.52009e-07
9680       6.65683e-07
9688       6.69229e-07
9696       6.8417e-07
9704       7.05191e-07
9712       7.25857e-07
9720       7.14365e-07
9728       6.75022e-07
9736       6.54707e-07
9744       6.46499e-07
9752       6.37748e-07
9760       6.20797e-07
9768       5.96074e-07
9776       6.28456e-07
9784       6.70541e-07
9792       6.43971e-07
9800       5.9035e-07
9808       5.55831e-07
9816       5.74758e-07
9824       6.11349e-07
9832       6.31957e-07
9840       6.23891e-07
9848       5.86738e-07
9856       6.00488e-07
9864       6.31263e-07
9872       6.38255e-07
9880       6.19117e-07
9888       6.27995e-07
9896       6.63324e-07
9904       6.51779e-07
9912       6.30022e-07
9920       6.3145e-07
9928       6.33328e-07
9936       6.47774e-07
9944       6.45028e-07
9952       6.06566e-07
9960       5.84632e-07
9968       5.72894e-07
9976       5.67599e-07
9984       6.05642e-07
9992       6.64979e-07
10000      6.90043e-07
10008      6.91e-07  
10016      6.94299e-07
10024      6.82819e-07
10032      6.80492e-07
10040      6.87418e-07
10048      6.85109e-07
10056      6.77837e-07
10064      6.54089e-07
10072      6.41869e-07
10080      6.67574e-07
10088      6.64926e-07
10096      6.28484e-07
10104      5.82937e-07
10112      5.77778e-07
10120      5.82889e-07
10128      5.74512e-07
10136      5.93214e-07
10144      6.01005e-07
10152      5.79557e-07
10160      5.67221e-07
10168      6.26159e-07
10176      7.04261e-07
10184      6.99606e-07
10192      6.4788e-07
10200      6.09728e-07
10208      6.02136e-07
10216      6.11804e-07
10224      6.17255e-07
10232      6.25446e-07
10240      6.20325e-07
10248      6.43594e-07
10256      6.60386e-07
10264      6.55534e-07
10272      6.56545e-07
10280      6.29963e-07
10288      6.41154e-07
10296      6.61923e-07
10304      6.56447e-07
10312      6.84844e-07
10320      7.01458e-07
10328      6.81772e-07
10336      6.58758e-07
10344      6.38465e-07
10352      6.3898e-07
10360      6.36906e-07
10368      6.44833e-07
10376      6.48671e-07
10384      6.63982e-07
10392      6.95065e-07
10400      6.93849e-07
10408      6.80362e-07
10416      6.60191e-07
10424      6.60698e-07
10432      6.89281e-07
10440      7.05839e-07
10448      6.85044e-07
10456      6.58451e-07
10464      6.54303e-07
10472      6.46224e-07
10480      6.29784e-07
10488      6.22727e-07
10496      6.25748e-07
10504      6.44512e-07
10512      6.71985e-07
10520      6.96544e-07
10528      7.08722e-07
10536      7.04967e-07
10544      6.99866e-07
10552      7.21492e-07
10560      7.46715e-07
10568      7.82516e-07
10576      7.79489e-07
10584      7.20516e-07
10592      6.93788e-07
10600      6.80902e-07
10608      6.45051e-07
10616      6.34778e-07
10624      6.46207e-07
10632      6.72299e-07
10640      6.68711e-07
10648      6.31247e-07
10656      6.11522e-07
10664      6.21669e-07
10672      6.68643e-07
10680      6.91745e-07
10688      6.87088e-07
10696      6.34284e-07
10704      5.81331e-07
10712      5.77049e-07
10720      5.7676e-07
10728      5.80876e-07
10736      5.86083e-07
10744      6.20077e-07
10752      6.72124e-07
10760      6.92193e-07
10768      6.87965e-07
10776      6.74355e-07
10784      6.45838e-07
10792      6.23437e-07
10800      5.96041e-07
10808      5.86941e-07
10816      6.11317e-07
10824      6.25993e-07
10832      6.16633e-07
10840      6.10997e-07
10848      6.43011e-07
10856      6.48723e-07
10864      6.4365e-07
10872      6.43299e-07
10880      6.45303e-07
10888      6.72162e-07
10896      6.90154e-07
10904      6.93154e-07
10912      6.89185e-07
10920      6.62193e-07
10928      6.43744e-07
10936      6.07062e-07
10944      5.7196e-07
10952      5.8096e-07
10960      6.09826e-07
10968      6.34028e-07
10976      6.53515e-07
10984      6.41411e-07
10992      6.13288e-07
11000      6.17605e-07
11008      6.33897e-07
11016      6.65006e-07
11024      6.89151e-07
11032      7.07889e-07
11040      6.95075e-07
11048      6.4807e-07
11056      6.18243e-07
11064      6.4312e-07
11072      6.60983e-07
11080      6.73865e-07
11088      6.85548e-07
11096      7.01628e-07
11104      7.13504e-07
11112      7.11599e-07
11120      6.90379e-07
11128      6.44602e-07
11136      6.26481e-07
11144      6.42491e-07
11152      6.75209e-07
11160      6.51055e-07
11168      5.91929e-07
11176      5.59113e-07
11184      5.72127e-07
11192      5.9326e-07
11200      6.14117e-07
11208      6.10713e-07
11216      6.26288e-07
11224      6.42497e-07
11232      6.15737e-07
11240      5.78736e-07
11248      5.95709e-07
11256      6.42455e-07
11264      6.56456e-07
11272      6.27903e-07
11280      6.02582e-07
11288      6.19045e-07
11296      6.39998e-07
11304      6.46734e-07
11312      6.4884e-07
11320      6.39455e-07
11328      6.35443e-07
11336      6.356e-07 
11344      6.22717e-07
11352      6.36977e-07
11360      6.45517e-07
11368      6.61619e-07
11376      6.58097e-07
11384      6.20801e-07
11392      6.09158e-07
11400      6.36957e-07
11408      6.63446e-07
11416      6.81894e-07
11424      6.73073e-07
11432      6.45026e-07
11440      6.01114e-07
11448      5.93029e-07
11456      6.5773e-07
11464      7.02524e-07
11472      7.20788e-07
11480      7.43342e-07
11488      7.36238e-07
11496      7.22317e-07
11504      7.42489e-07
11512      7.61695e-07
11520      7.35302e-07
11528      7.03951e-07
11536      6.82656e-07
11544      6.52363e-07
11552      6.2307e-07
11560      5.88507e-07
11568      5.78684e-07
11576      5.94858e-07
11584      6.33895e-07
11592      6.49963e-07
11600      6.27135e-07
11608      6.13717e-07
11616      6.08607e-07
11624      6.18999e-07
11632      6.74571e-07
11640      7.47264e-07
11648      7.85348e-07
11656      7.79494e-07
11664      7.47401e-07
11672      7.19488e-07
11680      6.92256e-07
11688      6.86545e-07
11696      6.8679e-07
11704      6.59057e-07
11712      6.51734e-07
11720      6.6279e-07
11728      6.49846e-07
11736      6.31956e-07
11744      6.5538e-07
11752      6.94288e-07
11760      6.71409e-07
11768      6.26606e-07
11776      6.09413e-07
11784      6.094e-07 
11792      6.49646e-07
11800      7.00193e-07
11808      7.2118e-07
11816      6.92066e-07
11824      6.36921e-07
11832      5.92463e-07
11840      5.67264e-07
11848      5.71974e-07
11856      6.13607e-07
11864      6.58175e-07
11872      6.62144e-07
11880      6.5129e-07
11888      6.33823e-07
11896      6.09525e-07
11904      5.89487e-07
11912      5.79982e-07
11920      5.96751e-07
11928      6.41237e-07
11936      6.84233e-07
11944      7.133e-07 
11952      7.12961e-07
11960      6.94823e-07
11968      6.58446e-07
11976      6.14439e-07
11984      5.83464e-07
11992      5.97952e-07
12000      6.10809e-07
12008      6.11701e-07
12016      6.29306e-07
12024      6.28052e-07
12032      6.25911e-07
12040      6.22868e-07
12048      5.9271e-07
12056      6.02716e-07
12064      6.61265e-07
12072      6.66302e-07
12080      6.35054e-07
12088      6.30734e-07
12096      6.3229e-07
12104      6.393e-07 
12112      6.60222e-07
12120      6.88809e-07
12128      7.03595e-07
12136      7.11721e-07
12144      6.70786e-07
12152      6.10478e-07
12160      5.696e-07 
12168      5.64596e-07
12176      5.87459e-07
12184      6.12739e-07
12192      6.34758e-07
12200      6.28245e-07
12208      5.85626e-07
12216      5.58242e-07
12224      5.80567e-07
12232      6.22235e-07
12240      6.48435e-07
12248      6.65731e-07
12256      6.66656e-07
12264      6.89212e-07
12272      7.29859e-07
12280      7.41399e-07
12288      7.25755e-07
12296      7.02405e-07
12304      6.76285e-07
12312      6.58204e-07
12320      6.68269e-07
12328      6.79801e-07
12336      6.75782e-07
12344      6.8637e-07
12352      7.18319e-07
12360      7.32827e-07
12368      7.19899e-07
12376      6.77353e-07
12384      6.35952e-07
12392      6.18112e-07
12400      6.18352e-07
12408      6.42794e-07
12416      6.69939e-07
12424      6.93551e-07
12432      6.86597e-07
12440      6.68442e-07
12448      6.55247e-07
12456      6.43571e-07
12464      6.39999e-07
12472      6.31078e-07
12480      6.18655e-07
12488      6.21111e-07
12496      6.41711e-07
12504      6.45331e-07
12512      6.41676e-07
12520      6.18822e-07
12528      6.1308e-07
12536      6.07986e-07
12544      5.88737e-07
12552      5.79844e-07
12560      5.76553e-07
12568      6.108e-07 
12576      6.59193e-07
12584      6.69216e-07
12592      6.50424e-07
12600      6.28951e-07
12608      6.39595e-07
12616      6.46729e-07
12624      6.25536e-07
12632      6.55992e-07
12640      7.01458e-07
12648      7.19293e-07
12656      7.09251e-07
12664      6.92929e-07
12672      6.73962e-07
12680      6.64266e-07
12688      6.53409e-07
12696      6.21102e-07
12704      6.26723e-07
12712      6.50683e-07
12720      6.62152e-07
12728      6.51629e-07
12736      6.16255e-07
12744      5.90398e-07
12752      5.66243e-07
12760      6.07176e-07
12768      6.60039e-07
12776      6.7927e-07
12784      6.57562e-07
12792      6.20815e-07
12800      6.05091e-07
