# Freq.    Mag.
0          2.87638e-05
1          2.84722e-05
2          2.49764e-05
3          2.13913e-05
4          2.1586e-05
5          2.29955e-05
6          2.26389e-05
7          2.11379e-05
8          2.01502e-05
9          1.95046e-05
10         1.90844e-05
11         1.87468e-05
12         1.78822e-05
13         1.60025e-05
14         1.53751e-05
15         1.67323e-05
16         1.78934e-05
17         1.84644e-05
18         1.82864e-05
19         1.75277e-05
20         1.75418e-05
21         1.71956e-05
22         1.57586e-05
23         1.54985e-05
24         1.50467e-05
25         1.3837e-05
26         1.40293e-05
27         1.5409e-05
28         1.61246e-05
29         1.66782e-05
30         1.69352e-05
31         1.6631e-05
32         1.58147e-05
33         1.50821e-05
34         1.51399e-05
35         1.52286e-05
36         1.47122e-05
37         1.44525e-05
38         1.47261e-05
39         1.45296e-05
40         1.41188e-05
41         1.39035e-05
42         1.39824e-05
43         1.38852e-05
44         1.28424e-05
45         1.22573e-05
46         1.21841e-05
47         1.21336e-05
48         1.19038e-05
49         1.16503e-05
50         1.15448e-05
51         1.1422e-05
52         1.09318e-05
53         1.04788e-05
54         1.04636e-05
55         1.08605e-05
56         1.0821e-05
57         1.05607e-05
58         1.02978e-05
59         9.92748e-06
60         1.00071e-05
61         1.02266e-05
62         1.01714e-05
63         9.77133e-06
64         9.49904e-06
65         9.58526e-06
66         9.29813e-06
67         8.82797e-06
68         8.08784e-06
69         7.57175e-06
70         7.67472e-06
71         7.77634e-06
72         7.8723e-06
73         8.29651e-06
74         8.32023e-06
75         8.42742e-06
76         8.63928e-06
77         8.98729e-06
78         8.86254e-06
79         8.24087e-06
80         7.99031e-06
81         8.04002e-06
82         7.84222e-06
83         7.64856e-06
84         7.54438e-06
85         7.41256e-06
86         7.46927e-06
87         7.52731e-06
88         7.66829e-06
89         7.93859e-06
90         7.98847e-06
91         7.44053e-06
92         7.03642e-06
93         6.8053e-06
94         6.98963e-06
95         7.69225e-06
96         7.99651e-06
97         7.76277e-06
98         7.48556e-06
99         7.26525e-06
100        6.96225e-06
101        6.55151e-06
102        6.36972e-06
103        6.38122e-06
104        6.20417e-06
105        5.84809e-06
106        5.79171e-06
107        5.90462e-06
108        5.7241e-06
109        5.70255e-06
110        5.74452e-06
111        5.96273e-06
112        6.2811e-06
113        6.23869e-06
114        5.84473e-06
115        5.46952e-06
116        5.1458e-06
117        4.93392e-06
118        4.91682e-06
119        5.08792e-06
120        5.30972e-06
121        5.56986e-06
122        5.89679e-06
123        5.99879e-06
124        5.64822e-06
125        5.26386e-06
126        5.06644e-06
127        5.32083e-06
128        5.92586e-06
129        6.10469e-06
130        5.92118e-06
131        5.64917e-06
132        5.48556e-06
133        5.66588e-06
134        5.83459e-06
135        5.77672e-06
136        5.71052e-06
137        5.43452e-06
138        4.93945e-06
139        4.60142e-06
140        4.71585e-06
141        4.85843e-06
142        4.86604e-06
143        4.92435e-06
144        5.01751e-06
145        4.82891e-06
146        4.52519e-06
147        4.47789e-06
148        4.48847e-06
149        4.40588e-06
150        4.29363e-06
151        4.39351e-06
152        4.55864e-06
153        4.53144e-06
154        4.35426e-06
155        4.3071e-06
156        4.41891e-06
157        4.35461e-06
158        4.19515e-06
159        4.1562e-06
160        4.17847e-06
161        3.95214e-06
162        3.68993e-06
163        3.76993e-06
164        3.87921e-06
165        4.0556e-06
166        4.1511e-06
167        4.06317e-06
168        3.95529e-06
169        3.97608e-06
170        4.10808e-06
171        4.13101e-06
172        3.98819e-06
173        3.88242e-06
174        3.93453e-06
175        4.06553e-06
176        4.04977e-06
177        3.89271e-06
178        3.99913e-06
179        4.27595e-06
180        4.4141e-06
181        4.37553e-06
182        4.12358e-06
183        3.92303e-06
184        3.87211e-06
185        3.81231e-06
186        3.75034e-06
187        3.71994e-06
188        3.69389e-06
189        3.64075e-06
190        3.61465e-06
191        3.69753e-06
192        3.84387e-06
193        3.84032e-06
194        3.66947e-06
195        3.54702e-06
196        3.3542e-06
197        3.27913e-06
198        3.30996e-06
199        3.33223e-06
200        3.3328e-06
201        3.37034e-06
202        3.48707e-06
203        3.5053e-06
204        3.46616e-06
205        3.5533e-06
206        3.58617e-06
207        3.59971e-06
208        3.55033e-06
209        3.54795e-06
210        3.49383e-06
211        3.29119e-06
212        3.13547e-06
213        3.11049e-06
214        3.10478e-06
215        3.1742e-06
216        3.21385e-06
217        3.1057e-06
218        3.03529e-06
219        2.98653e-06
220        3.02321e-06
221        3.07447e-06
222        3.08337e-06
223        3.02448e-06
224        2.92092e-06
225        2.90014e-06
226        2.86652e-06
227        2.83818e-06
228        2.87757e-06
229        2.99449e-06
230        3.01106e-06
231        2.99116e-06
232        3.0013e-06
233        3.03826e-06
234        2.98635e-06
235        2.88793e-06
236        2.84941e-06
237        2.81731e-06
238        2.76726e-06
239        2.7809e-06
240        2.81335e-06
241        2.79829e-06
242        2.77991e-06
243        2.76875e-06
244        2.7192e-06
245        2.59426e-06
246        2.58467e-06
247        2.74325e-06
248        2.89954e-06
249        2.8067e-06
250        2.4867e-06
251        2.30243e-06
252        2.4396e-06
253        2.64734e-06
254        2.68023e-06
255        2.71728e-06
256        2.83236e-06
257        2.96978e-06
258        3.01383e-06
259        2.86117e-06
260        2.73251e-06
261        2.70974e-06
262        2.68083e-06
263        2.69122e-06
264        2.77239e-06
265        2.81063e-06
266        2.64191e-06
267        2.45831e-06
268        2.44519e-06
269        2.60843e-06
270        2.87224e-06
271        3.08788e-06
272        3.01394e-06
273        2.70735e-06
274        2.51781e-06
275        2.52466e-06
276        2.64486e-06
277        2.67179e-06
278        2.67847e-06
279        2.63693e-06
280        2.52715e-06
281        2.4294e-06
282        2.33527e-06
283        2.32146e-06
284        2.45766e-06
285        2.65292e-06
286        2.76684e-06
287        2.66329e-06
288        2.44091e-06
289        2.2867e-06
290        2.16239e-06
291        2.20613e-06
292        2.34032e-06
293        2.38372e-06
294        2.44483e-06
295        2.42443e-06
296        2.33612e-06
297        2.26393e-06
298        2.32059e-06
299        2.52087e-06
300        2.65531e-06
301        2.70732e-06
302        2.69376e-06
303        2.55906e-06
304        2.44713e-06
305        2.38838e-06
306        2.39699e-06
307        2.4522e-06
308        2.39571e-06
309        2.33577e-06
310        2.39159e-06
311        2.52107e-06
312        2.47863e-06
313        2.28405e-06
314        2.20784e-06
315        2.21896e-06
316        2.26786e-06
317        2.13059e-06
318        2.1248e-06
319        2.21559e-06
320        2.18053e-06
321        2.16314e-06
322        2.19066e-06
323        2.21852e-06
324        2.26982e-06
325        2.40185e-06
326        2.48686e-06
327        2.37979e-06
328        2.18631e-06
329        2.04041e-06
330        1.97911e-06
331        2.04027e-06
332        2.05384e-06
333        2.00547e-06
334        1.94865e-06
335        2.04795e-06
336        2.21335e-06
337        2.29502e-06
338        2.31443e-06
339        2.33854e-06
340        2.36178e-06
341        2.31767e-06
342        2.22064e-06
343        2.10539e-06
344        1.95224e-06
345        2.00108e-06
346        2.15646e-06
347        2.11206e-06
348        2.02691e-06
349        2.04591e-06
350        2.04433e-06
351        2.02805e-06
352        2.02331e-06
353        2.09274e-06
354        2.13143e-06
355        2.11498e-06
356        2.20579e-06
357        2.25096e-06
358        2.17968e-06
359        2.03143e-06
360        1.96539e-06
361        2.03656e-06
362        2.11158e-06
363        2.0696e-06
364        2.02602e-06
365        2.0098e-06
366        1.99301e-06
367        1.95884e-06
368        1.9368e-06
369        1.86267e-06
370        1.85308e-06
371        1.93657e-06
372        2.00259e-06
373        2.06297e-06
374        2.0525e-06
375        2.0637e-06
376        2.06905e-06
377        1.94667e-06
378        1.80811e-06
379        1.77558e-06
380        1.73919e-06
381        1.71004e-06
382        1.74253e-06
383        1.80284e-06
384        1.78368e-06
385        1.7704e-06
386        1.79372e-06
387        1.80138e-06
388        1.82028e-06
389        1.87159e-06
390        1.83299e-06
391        1.70872e-06
392        1.70403e-06
393        1.73845e-06
394        1.72004e-06
395        1.73364e-06
396        1.72245e-06
397        1.68624e-06
398        1.74147e-06
399        1.80541e-06
400        1.80396e-06
401        1.85205e-06
402        1.94149e-06
403        1.97419e-06
404        1.86237e-06
405        1.7516e-06
406        1.70859e-06
407        1.72978e-06
408        1.76814e-06
409        1.7203e-06
410        1.67075e-06
411        1.68617e-06
412        1.71202e-06
413        1.70859e-06
414        1.74311e-06
415        1.78197e-06
416        1.78985e-06
417        1.73041e-06
418        1.58319e-06
419        1.56628e-06
420        1.65219e-06
421        1.76951e-06
422        1.80075e-06
423        1.80756e-06
424        1.79775e-06
425        1.85537e-06
426        1.86421e-06
427        1.7735e-06
428        1.75332e-06
429        1.78771e-06
430        1.75712e-06
431        1.6579e-06
432        1.66888e-06
433        1.73438e-06
434        1.7612e-06
435        1.72526e-06
436        1.67567e-06
437        1.64325e-06
438        1.62648e-06
439        1.69906e-06
440        1.80677e-06
441        1.91952e-06
442        1.93836e-06
443        1.76373e-06
444        1.63464e-06
445        1.61356e-06
446        1.63129e-06
447        1.66358e-06
448        1.75189e-06
449        1.78347e-06
450        1.75808e-06
451        1.75695e-06
452        1.76411e-06
453        1.7526e-06
454        1.78196e-06
455        1.85248e-06
456        1.7749e-06
457        1.65132e-06
458        1.60268e-06
459        1.60063e-06
460        1.61164e-06
461        1.64839e-06
462        1.74811e-06
463        1.79659e-06
464        1.75359e-06
465        1.67593e-06
466        1.60977e-06
467        1.67167e-06
468        1.74967e-06
469        1.81554e-06
470        1.84606e-06
471        1.87946e-06
472        1.89045e-06
473        1.8509e-06
474        1.75821e-06
475        1.68134e-06
476        1.66584e-06
477        1.58957e-06
478        1.45221e-06
479        1.35258e-06
480        1.37978e-06
481        1.48816e-06
482        1.58363e-06
483        1.53618e-06
484        1.49399e-06
485        1.51658e-06
486        1.54712e-06
487        1.62029e-06
488        1.66504e-06
489        1.57303e-06
490        1.51037e-06
491        1.5759e-06
492        1.60333e-06
493        1.63537e-06
494        1.6865e-06
495        1.72042e-06
496        1.74056e-06
497        1.72594e-06
498        1.71451e-06
499        1.67668e-06
500        1.54971e-06
501        1.45464e-06
502        1.47217e-06
503        1.47541e-06
504        1.43188e-06
505        1.45121e-06
506        1.47326e-06
507        1.55267e-06
508        1.57661e-06
509        1.5542e-06
510        1.56962e-06
511        1.57679e-06
512        1.64334e-06
513        1.64375e-06
514        1.63974e-06
515        1.62521e-06
516        1.58513e-06
517        1.51596e-06
518        1.50699e-06
519        1.55931e-06
520        1.58912e-06
521        1.57429e-06
522        1.54456e-06
523        1.55273e-06
524        1.58997e-06
525        1.51401e-06
526        1.49173e-06
527        1.54606e-06
528        1.57449e-06
529        1.52468e-06
530        1.46051e-06
531        1.45092e-06
532        1.42048e-06
533        1.40439e-06
534        1.4305e-06
535        1.4473e-06
536        1.42884e-06
537        1.43613e-06
538        1.42627e-06
539        1.41043e-06
540        1.45629e-06
541        1.48435e-06
542        1.47092e-06
543        1.46186e-06
544        1.4545e-06
545        1.45706e-06
546        1.41948e-06
547        1.36647e-06
548        1.3715e-06
549        1.44254e-06
550        1.49226e-06
551        1.46412e-06
552        1.46164e-06
553        1.52905e-06
554        1.56582e-06
555        1.58627e-06
556        1.56384e-06
557        1.51685e-06
558        1.47147e-06
559        1.44295e-06
560        1.47924e-06
561        1.49548e-06
562        1.52828e-06
563        1.54663e-06
564        1.43289e-06
565        1.3218e-06
566        1.2871e-06
567        1.28151e-06
568        1.27677e-06
569        1.31034e-06
570        1.40467e-06
571        1.50004e-06
572        1.53787e-06
573        1.45104e-06
574        1.37952e-06
575        1.38623e-06
576        1.41916e-06
577        1.45159e-06
578        1.4545e-06
579        1.41322e-06
580        1.32836e-06
581        1.25626e-06
582        1.3141e-06
583        1.40449e-06
584        1.38876e-06
585        1.32933e-06
586        1.32218e-06
587        1.35675e-06
588        1.37462e-06
589        1.36127e-06
590        1.37471e-06
591        1.36375e-06
592        1.40298e-06
593        1.4112e-06
594        1.29784e-06
595        1.2096e-06
596        1.20029e-06
597        1.31332e-06
598        1.42937e-06
599        1.5083e-06
600        1.54464e-06
601        1.51653e-06
602        1.44531e-06
603        1.42096e-06
604        1.4609e-06
605        1.44622e-06
606        1.37445e-06
607        1.32629e-06
608        1.29244e-06
609        1.3227e-06
610        1.41977e-06
611        1.46773e-06
612        1.47905e-06
613        1.44991e-06
614        1.39229e-06
615        1.34559e-06
616        1.28174e-06
617        1.21477e-06
618        1.18769e-06
619        1.18405e-06
620        1.19445e-06
621        1.21496e-06
622        1.22841e-06
623        1.23852e-06
624        1.30142e-06
625        1.43428e-06
626        1.49584e-06
627        1.42892e-06
628        1.36193e-06
629        1.3318e-06
630        1.30222e-06
631        1.31632e-06
632        1.31485e-06
633        1.28748e-06
634        1.27608e-06
635        1.21133e-06
636        1.17325e-06
637        1.21234e-06
638        1.34503e-06
639        1.39347e-06
640        1.33783e-06
641        1.2975e-06
642        1.26801e-06
643        1.26415e-06
644        1.27521e-06
645        1.2939e-06
646        1.3068e-06
647        1.26333e-06
648        1.24225e-06
649        1.2133e-06
650        1.19424e-06
651        1.23067e-06
652        1.25095e-06
653        1.24114e-06
654        1.25034e-06
655        1.22041e-06
656        1.1752e-06
657        1.183e-06 
658        1.21095e-06
659        1.17538e-06
660        1.18878e-06
661        1.28878e-06
662        1.35798e-06
663        1.40706e-06
664        1.41447e-06
665        1.39302e-06
666        1.35322e-06
667        1.30217e-06
668        1.27617e-06
669        1.27478e-06
670        1.21685e-06
671        1.16096e-06
672        1.09782e-06
673        1.06308e-06
674        1.09974e-06
675        1.1633e-06
676        1.25016e-06
677        1.28785e-06
678        1.25906e-06
679        1.20715e-06
680        1.1647e-06
681        1.1504e-06
682        1.19267e-06
683        1.22216e-06
684        1.25894e-06
685        1.2492e-06
686        1.20835e-06
687        1.20392e-06
688        1.15697e-06
689        1.18326e-06
690        1.27073e-06
691        1.35173e-06
692        1.38406e-06
693        1.32498e-06
694        1.24987e-06
695        1.1477e-06
696        1.05086e-06
697        1.09471e-06
698        1.22524e-06
699        1.33633e-06
700        1.33515e-06
701        1.30423e-06
702        1.31528e-06
703        1.35266e-06
704        1.3557e-06
705        1.28093e-06
706        1.24149e-06
707        1.26547e-06
708        1.25239e-06
709        1.21759e-06
710        1.23477e-06
711        1.24182e-06
712        1.18578e-06
713        1.15161e-06
714        1.15217e-06
715        1.08675e-06
716        1.05255e-06
717        1.09907e-06
718        1.14138e-06
719        1.14598e-06
720        1.13582e-06
721        1.16338e-06
722        1.20349e-06
723        1.17233e-06
724        1.16017e-06
725        1.20404e-06
726        1.25983e-06
727        1.26091e-06
728        1.21522e-06
729        1.12138e-06
730        1.06958e-06
731        1.1087e-06
732        1.14689e-06
733        1.17324e-06
734        1.1925e-06
735        1.18591e-06
736        1.21645e-06
737        1.2414e-06
738        1.19559e-06
739        1.16796e-06
740        1.23312e-06
741        1.27635e-06
742        1.28891e-06
743        1.25632e-06
744        1.17053e-06
745        1.0675e-06
746        1.00956e-06
747        1.00959e-06
748        1.05983e-06
749        1.08611e-06
750        1.08077e-06
751        1.07368e-06
752        1.06235e-06
753        1.04019e-06
754        1.05824e-06
755        1.09817e-06
756        1.15619e-06
757        1.15818e-06
758        1.09875e-06
759        1.08927e-06
760        1.10367e-06
761        1.14207e-06
762        1.19881e-06
763        1.20212e-06
764        1.15772e-06
765        1.13754e-06
766        1.12278e-06
767        1.12642e-06
768        1.1617e-06
769        1.20205e-06
770        1.16229e-06
771        1.07689e-06
772        1.0626e-06
773        1.09948e-06
774        1.12744e-06
775        1.14069e-06
776        1.1577e-06
777        1.13913e-06
778        1.11622e-06
779        1.12292e-06
780        1.10383e-06
781        1.04574e-06
782        1.01895e-06
783        1.07639e-06
784        1.15798e-06
785        1.17544e-06
786        1.12148e-06
787        1.03233e-06
788        1.03968e-06
789        1.12905e-06
790        1.17606e-06
791        1.20143e-06
792        1.17795e-06
793        1.13403e-06
794        1.09957e-06
795        1.06186e-06
796        1.08088e-06
797        1.14578e-06
798        1.15431e-06
799        1.11397e-06
800        1.113e-06 
801        1.1256e-06
802        1.06871e-06
803        1.0253e-06
804        1.01478e-06
805        1.00028e-06
806        1.0066e-06
807        9.93795e-07
808        1.01482e-06
809        1.09332e-06
810        1.17202e-06
811        1.1694e-06
812        1.12793e-06
813        1.13569e-06
814        1.11286e-06
815        1.08906e-06
816        1.1127e-06
817        1.14348e-06
818        1.13653e-06
819        1.10587e-06
820        1.06165e-06
821        1.04645e-06
822        1.07505e-06
823        1.08282e-06
824        1.0847e-06
825        1.0842e-06
826        1.09893e-06
827        1.08205e-06
828        1.07372e-06
829        1.11051e-06
830        1.10762e-06
831        1.07825e-06
832        1.06439e-06
833        1.07354e-06
834        1.09145e-06
835        1.10722e-06
836        1.07225e-06
837        1.01687e-06
838        1.00682e-06
839        9.97346e-07
840        1.00524e-06
841        1.04386e-06
842        1.04703e-06
843        1.05667e-06
844        1.03551e-06
845        9.58934e-07
846        8.65243e-07
847        8.48737e-07
848        8.79889e-07
849        9.34757e-07
850        9.93269e-07
851        1.05177e-06
852        1.06888e-06
853        1.05881e-06
854        1.04735e-06
855        1.01641e-06
856        9.694e-07 
857        9.82808e-07
858        9.87625e-07
859        1.00972e-06
860        1.01735e-06
861        1.01257e-06
862        1.04751e-06
863        1.07789e-06
864        1.04523e-06
865        1.01387e-06
866        1.02049e-06
867        9.91717e-07
868        9.30602e-07
869        8.96845e-07
870        9.36e-07  
871        1.0254e-06
872        1.08918e-06
873        1.0901e-06
874        1.05452e-06
875        1.02363e-06
876        9.93753e-07
877        9.53286e-07
878        9.68507e-07
879        1.07759e-06
880        1.14041e-06
881        1.11209e-06
882        1.08504e-06
883        1.04596e-06
884        9.97463e-07
885        9.81883e-07
886        9.95176e-07
887        1.03769e-06
888        1.08937e-06
889        1.11617e-06
890        1.08946e-06
891        1.08422e-06
892        1.06599e-06
893        1.0701e-06
894        1.10146e-06
895        1.10249e-06
896        1.11983e-06
897        1.17166e-06
898        1.22556e-06
899        1.23098e-06
900        1.19394e-06
901        1.13278e-06
902        1.04746e-06
903        1.03189e-06
904        9.93646e-07
905        9.56957e-07
906        9.81091e-07
907        1.01701e-06
908        1.03967e-06
909        1.02788e-06
910        1.00546e-06
911        1.00685e-06
912        1.04966e-06
913        1.08315e-06
914        1.07199e-06
915        1.03114e-06
916        1.0199e-06
917        1.0291e-06
918        1.01709e-06
919        9.99827e-07
920        9.57337e-07
921        9.33466e-07
922        9.75453e-07
923        1.00835e-06
924        1.01737e-06
925        1.026e-06 
926        1.03343e-06
927        1.03352e-06
928        9.85448e-07
929        9.11224e-07
930        9.34535e-07
931        9.7758e-07
932        1.00857e-06
933        1.03974e-06
934        1.05907e-06
935        1.02976e-06
936        1.03049e-06
937        1.03794e-06
938        9.97363e-07
939        9.76272e-07
940        9.75478e-07
941        9.6766e-07
942        9.48527e-07
943        9.30684e-07
944        9.24451e-07
945        9.48796e-07
946        9.61866e-07
947        9.82878e-07
948        9.79388e-07
949        9.79383e-07
950        9.86795e-07
951        9.62057e-07
952        9.63534e-07
953        1.03706e-06
954        1.08477e-06
955        1.04082e-06
956        1.01924e-06
957        9.82867e-07
958        9.87675e-07
959        1.01946e-06
960        1.05028e-06
961        1.06364e-06
962        1.02537e-06
963        1.0294e-06
964        1.01616e-06
965        9.85682e-07
966        9.68878e-07
967        9.46787e-07
968        9.38632e-07
969        9.25345e-07
970        8.95374e-07
971        8.86054e-07
972        9.08636e-07
973        9.55628e-07
974        9.92857e-07
975        1.02556e-06
976        1.03214e-06
977        1.00003e-06
978        9.59128e-07
979        9.19447e-07
980        8.95607e-07
981        8.88473e-07
982        9.08472e-07
983        9.22686e-07
984        9.36636e-07
985        9.83584e-07
986        1.00981e-06
987        1.04011e-06
988        1.02918e-06
989        9.67356e-07
990        9.35608e-07
991        9.25994e-07
992        9.23101e-07
993        9.45857e-07
994        9.62695e-07
995        9.98513e-07
996        9.94505e-07
997        1.23602e-06
998        2.89856e-06
999        4.23251e-06
1000       4.40915e-06
1001       4.32584e-06
1002       3.02991e-06
1003       1.32001e-06
1004       9.04151e-07
1005       8.94632e-07
1006       8.61824e-07
1007       8.31415e-07
1008       8.42303e-07
1009       8.72388e-07
1010       8.95093e-07
1011       9.31908e-07
1012       9.44664e-07
1013       8.92607e-07
1014       8.67466e-07
1015       9.013e-07 
1016       9.36522e-07
1017       9.58307e-07
1018       9.50496e-07
1019       9.50448e-07
1020       9.75427e-07
1021       1.01583e-06
1022       9.85759e-07
1023       9.27687e-07
1024       9.22692e-07
1025       9.45483e-07
1026       9.61972e-07
1027       9.63985e-07
1028       9.82266e-07
1029       9.89793e-07
1030       1.01318e-06
1031       1.02613e-06
1032       9.8712e-07
1033       9.46698e-07
1034       9.76155e-07
1035       9.87309e-07
1036       9.54407e-07
1037       8.94833e-07
1038       8.61638e-07
1039       8.78023e-07
1040       9.13658e-07
1041       8.97733e-07
1042       8.95382e-07
1043       9.61137e-07
1044       1.01928e-06
1045       1.03583e-06
1046       9.92747e-07
1047       9.37032e-07
1048       8.91939e-07
1049       8.721e-07 
1050       9.22239e-07
1051       9.80457e-07
1052       9.78058e-07
1053       9.77344e-07
1054       9.40438e-07
1055       9.13471e-07
1056       9.16148e-07
1057       9.38214e-07
1058       9.91038e-07
1059       1.01463e-06
1060       1.01616e-06
1061       9.52928e-07
1062       8.56647e-07
1063       8.4022e-07
1064       9.07755e-07
1065       9.60476e-07
1066       9.61766e-07
1067       9.52776e-07
1068       9.2185e-07
1069       9.11642e-07
1070       8.83447e-07
1071       8.69384e-07
1072       8.95097e-07
1073       9.42237e-07
1074       1.00063e-06
1075       9.9784e-07
1076       9.46079e-07
1077       8.63911e-07
1078       8.22051e-07
1079       8.50572e-07
1080       9.19258e-07
1081       9.86968e-07
1082       1.04325e-06
1083       1.07209e-06
1084       1.03702e-06
1085       9.89994e-07
1086       9.43056e-07
1087       9.15896e-07
1088       9.15278e-07
1089       9.53832e-07
1090       9.92984e-07
1091       9.92284e-07
1092       9.48076e-07
1093       9.24421e-07
1094       9.34781e-07
1095       9.48696e-07
1096       9.58573e-07
1097       9.8223e-07
1098       1.00128e-06
1099       9.98011e-07
1100       9.9178e-07
1101       9.79032e-07
1102       9.80915e-07
1103       9.76551e-07
1104       9.46919e-07
1105       8.67852e-07
1106       8.19724e-07
1107       8.41919e-07
1108       8.67273e-07
1109       8.47016e-07
1110       8.06333e-07
1111       7.92928e-07
1112       8.22015e-07
1113       8.42954e-07
1114       9.10458e-07
1115       9.84212e-07
1116       1.0029e-06
1117       1.00789e-06
1118       9.89581e-07
1119       9.5517e-07
1120       9.40454e-07
1121       9.05093e-07
1122       8.82158e-07
1123       8.72411e-07
1124       8.884e-07 
1125       9.35782e-07
1126       9.58395e-07
1127       9.57812e-07
1128       8.98718e-07
1129       8.43843e-07
1130       8.59415e-07
1131       8.90653e-07
1132       9.29707e-07
1133       9.32727e-07
1134       9.19745e-07
1135       9.52508e-07
1136       9.44672e-07
1137       8.92144e-07
1138       9.15054e-07
1139       9.34217e-07
1140       9.44949e-07
1141       9.51785e-07
1142       9.27311e-07
1143       8.97138e-07
1144       8.67148e-07
1145       8.3594e-07
1146       8.44455e-07
1147       8.82024e-07
1148       8.83969e-07
1149       8.87006e-07
1150       9.26754e-07
1151       9.42965e-07
1152       9.10001e-07
1153       8.79226e-07
1154       8.95082e-07
1155       9.31068e-07
1156       9.58458e-07
1157       9.50639e-07
1158       9.1242e-07
1159       8.41724e-07
1160       8.18745e-07
1161       8.31161e-07
1162       8.34264e-07
1163       8.5886e-07
1164       8.54263e-07
1165       8.39956e-07
1166       8.74378e-07
1167       9.3866e-07
1168       9.74334e-07
1169       9.54375e-07
1170       9.46095e-07
1171       9.54898e-07
1172       9.5964e-07
1173       9.25148e-07
1174       8.70453e-07
1175       8.84795e-07
1176       9.58422e-07
1177       9.66852e-07
1178       9.24355e-07
1179       8.70637e-07
1180       8.34458e-07
1181       8.42069e-07
1182       8.37848e-07
1183       8.5834e-07
1184       8.91858e-07
1185       8.92143e-07
1186       8.92235e-07
1187       9.34251e-07
1188       9.4605e-07
1189       9.26087e-07
1190       8.616e-07 
1191       8.29522e-07
1192       8.10948e-07
1193       7.67396e-07
1194       7.76574e-07
1195       7.68485e-07
1196       7.74767e-07
1197       7.63108e-07
1198       7.76569e-07
1199       8.44905e-07
1200       8.68446e-07
1201       8.50865e-07
1202       8.49882e-07
1203       8.76793e-07
1204       9.27467e-07
1205       9.76739e-07
1206       9.74276e-07
1207       9.32698e-07
1208       8.94273e-07
1209       8.77772e-07
1210       8.76701e-07
1211       8.62586e-07
1212       8.75673e-07
1213       8.9198e-07
1214       9.21156e-07
1215       9.46265e-07
1216       9.18765e-07
1217       8.92238e-07
1218       9.18782e-07
1219       9.42809e-07
1220       9.31498e-07
1221       8.92568e-07
1222       8.60716e-07
1223       8.69272e-07
1224       9.00625e-07
1225       9.29298e-07
1226       9.28209e-07
1227       9.39431e-07
1228       9.42904e-07
1229       9.23989e-07
1230       8.90226e-07
1231       8.25417e-07
1232       7.74271e-07
1233       7.53733e-07
1234       7.90631e-07
1235       8.19817e-07
1236       8.46232e-07
1237       8.81034e-07
1238       9.29605e-07
1239       9.71416e-07
1240       1.00293e-06
1241       1.01918e-06
1242       9.87828e-07
1243       9.33893e-07
1244       9.03445e-07
1245       8.90467e-07
1246       9.13531e-07
1247       9.69705e-07
1248       9.71781e-07
1249       9.31089e-07
1250       8.50015e-07
1251       8.14963e-07
1252       8.51505e-07
1253       9.0175e-07
1254       9.17726e-07
1255       8.94349e-07
1256       8.68001e-07
1257       8.41929e-07
1258       8.57302e-07
1259       8.91827e-07
1260       9.12131e-07
1261       8.71704e-07
1262       8.03127e-07
1263       7.68719e-07
1264       7.8894e-07
1265       8.6378e-07
1266       9.33964e-07
1267       9.40655e-07
1268       9.26828e-07
1269       9.3568e-07
1270       9.13003e-07
1271       8.80637e-07
1272       8.86989e-07
1273       8.98483e-07
1274       8.58357e-07
1275       8.36069e-07
1276       8.69389e-07
1277       9.00623e-07
1278       9.09872e-07
1279       9.22568e-07
1280       9.20076e-07
1281       8.93516e-07
1282       8.88135e-07
1283       9.26964e-07
1284       9.32109e-07
1285       8.99728e-07
1286       8.41563e-07
1287       8.01091e-07
1288       8.39251e-07
1289       8.99289e-07
1290       9.22265e-07
1291       8.95651e-07
1292       8.50892e-07
1293       8.49155e-07
1294       8.48601e-07
1295       8.3589e-07
1296       8.41283e-07
1297       8.62781e-07
1298       8.56266e-07
1299       8.52988e-07
1300       8.49032e-07
1301       8.3269e-07
1302       7.95036e-07
1303       7.48157e-07
1304       7.44976e-07
1305       8.0102e-07
1306       8.88467e-07
1307       9.35001e-07
1308       8.8796e-07
1309       8.0067e-07
1310       7.57658e-07
1311       8.15122e-07
1312       8.7256e-07
1313       8.65742e-07
1314       8.19174e-07
1315       8.04245e-07
1316       8.71886e-07
1317       9.45639e-07
1318       9.56152e-07
1319       9.21433e-07
1320       9.2165e-07
1321       9.16433e-07
1322       9.07683e-07
1323       9.15012e-07
1324       9.06585e-07
1325       9.10408e-07
1326       9.10455e-07
1327       8.92291e-07
1328       8.92699e-07
1329       9.1465e-07
1330       9.4023e-07
1331       9.57762e-07
1332       9.32032e-07
1333       9.02961e-07
1334       8.81351e-07
1335       8.36319e-07
1336       7.84597e-07
1337       7.53272e-07
1338       7.58397e-07
1339       7.76479e-07
1340       7.88249e-07
1341       8.01219e-07
1342       8.1738e-07
1343       8.37643e-07
1344       8.58145e-07
1345       8.87329e-07
1346       8.81916e-07
1347       8.40152e-07
1348       8.06559e-07
1349       8.11766e-07
1350       8.1396e-07
1351       8.49671e-07
1352       8.80772e-07
1353       8.84872e-07
1354       8.7422e-07
1355       8.41733e-07
1356       8.23678e-07
1357       8.26806e-07
1358       8.20228e-07
1359       7.82252e-07
1360       7.35158e-07
1361       7.42527e-07
1362       8.04085e-07
1363       8.59521e-07
1364       8.44658e-07
1365       7.89249e-07
1366       7.63177e-07
1367       7.79043e-07
1368       8.06841e-07
1369       8.01756e-07
1370       7.84319e-07
1371       7.77158e-07
1372       7.74539e-07
1373       7.77694e-07
1374       7.95225e-07
1375       8.36625e-07
1376       8.60702e-07
1377       8.52457e-07
1378       8.38776e-07
1379       8.14182e-07
1380       7.77044e-07
1381       7.28249e-07
1382       7.28306e-07
1383       7.53158e-07
1384       7.95008e-07
1385       8.40571e-07
1386       8.76209e-07
1387       8.89049e-07
1388       9.01056e-07
1389       9.31243e-07
1390       9.47993e-07
1391       9.30821e-07
1392       9.00877e-07
1393       9.07844e-07
1394       8.85338e-07
1395       8.44988e-07
1396       8.40546e-07
1397       8.70412e-07
1398       9.08402e-07
1399       8.97555e-07
1400       8.51061e-07
1401       8.20977e-07
1402       7.78684e-07
1403       7.67294e-07
1404       7.99191e-07
1405       8.67323e-07
1406       9.15742e-07
1407       9.33998e-07
1408       9.14002e-07
1409       8.98415e-07
1410       9.09371e-07
1411       9.08457e-07
1412       8.76021e-07
1413       8.33792e-07
1414       8.32605e-07
1415       8.47096e-07
1416       8.67386e-07
1417       8.48801e-07
1418       8.43843e-07
1419       8.62385e-07
1420       8.44465e-07
1421       8.28832e-07
1422       8.57012e-07
1423       8.90804e-07
1424       8.87383e-07
1425       8.80564e-07
1426       9.00579e-07
1427       8.89479e-07
1428       8.58339e-07
1429       8.36463e-07
1430       8.28048e-07
1431       8.23498e-07
1432       8.21175e-07
1433       8.25022e-07
1434       8.41261e-07
1435       8.79541e-07
1436       8.8457e-07
1437       8.78228e-07
1438       8.8079e-07
1439       9.1631e-07
1440       9.16477e-07
1441       8.34344e-07
1442       7.25644e-07
1443       7.13323e-07
1444       7.69005e-07
1445       8.24854e-07
1446       8.64055e-07
1447       8.85108e-07
1448       8.95885e-07
1449       9.05554e-07
1450       9.0217e-07
1451       8.91792e-07
1452       8.58247e-07
1453       8.11444e-07
1454       7.82859e-07
1455       7.71723e-07
1456       8.04164e-07
1457       8.31549e-07
1458       8.36409e-07
1459       8.31326e-07
1460       7.80169e-07
1461       7.47867e-07
1462       7.80941e-07
1463       7.91373e-07
1464       7.65428e-07
1465       8.00189e-07
1466       8.59709e-07
1467       8.77527e-07
1468       8.76008e-07
1469       8.97128e-07
1470       9.02371e-07
1471       8.3694e-07
1472       7.74403e-07
1473       7.79167e-07
1474       7.96292e-07
1475       8.32187e-07
1476       8.50202e-07
1477       8.2736e-07
1478       8.17239e-07
1479       7.85332e-07
1480       7.3951e-07
1481       7.49027e-07
1482       8.02244e-07
1483       8.51563e-07
1484       8.45307e-07
1485       8.02721e-07
1486       7.54939e-07
1487       7.52759e-07
1488       8.0725e-07
1489       8.63703e-07
1490       8.9736e-07
1491       8.84039e-07
1492       8.40487e-07
1493       8.18613e-07
1494       8.48938e-07
1495       8.58469e-07
1496       8.47094e-07
1497       8.09173e-07
1498       7.52654e-07
1499       7.11661e-07
1500       7.42358e-07
1501       8.28214e-07
1502       8.85631e-07
1503       8.91052e-07
1504       8.51824e-07
1505       8.12305e-07
1506       8.13396e-07
1507       8.28343e-07
1508       8.5125e-07
1509       8.92958e-07
1510       8.87203e-07
1511       8.23416e-07
1512       7.62849e-07
1513       7.66517e-07
1514       8.15527e-07
1515       8.78397e-07
1516       8.86211e-07
1517       8.37402e-07
1518       7.66843e-07
1519       7.37769e-07
1520       7.34063e-07
1521       7.45942e-07
1522       7.63824e-07
1523       7.71921e-07
1524       7.98794e-07
1525       8.14367e-07
1526       7.93326e-07
1527       7.72733e-07
1528       7.53452e-07
1529       7.25539e-07
1530       7.12259e-07
1531       7.07126e-07
1532       6.80291e-07
1533       6.87603e-07
1534       7.6713e-07
1535       8.47421e-07
1536       8.70226e-07
1537       8.54962e-07
1538       8.20391e-07
1539       7.75127e-07
1540       7.66613e-07
1541       7.86993e-07
1542       7.78178e-07
1543       7.5495e-07
1544       7.38927e-07
1545       7.43123e-07
1546       7.72899e-07
1547       7.58076e-07
1548       7.49154e-07
1549       7.93018e-07
1550       8.3415e-07
1551       8.34471e-07
1552       8.24754e-07
1553       8.27871e-07
1554       8.24599e-07
1555       8.02912e-07
1556       7.64848e-07
1557       7.58767e-07
1558       7.60013e-07
1559       7.77124e-07
1560       7.79942e-07
1561       8.18711e-07
1562       8.8398e-07
1563       8.89622e-07
1564       8.68011e-07
1565       8.4249e-07
1566       7.96809e-07
1567       7.48895e-07
1568       7.26939e-07
1569       7.31584e-07
1570       7.40184e-07
1571       7.5175e-07
1572       8.00081e-07
1573       8.32693e-07
1574       8.51431e-07
1575       8.30354e-07
1576       7.84314e-07
1577       7.86808e-07
1578       7.81024e-07
1579       7.83479e-07
1580       7.97724e-07
1581       7.98034e-07
1582       8.10653e-07
1583       8.3614e-07
1584       8.4797e-07
1585       8.636e-07 
1586       8.58119e-07
1587       8.47317e-07
1588       8.40395e-07
1589       8.09149e-07
1590       8.15094e-07
1591       8.13283e-07
1592       8.0206e-07
1593       8.02192e-07
1594       8.10106e-07
1595       8.15076e-07
1596       8.08683e-07
1597       8.33841e-07
1598       8.63203e-07
1599       8.42284e-07
1600       8.00038e-07
