# Freq.    Mag.
0          3.9033e-05
1          3.75816e-05
2          2.8825e-05
3          2.09544e-05
4          1.96806e-05
5          1.89448e-05
6          1.86059e-05
7          1.9007e-05
8          1.97466e-05
9          1.96221e-05
10         1.92678e-05
11         1.9196e-05
12         1.86629e-05
13         1.8491e-05
14         1.8847e-05
15         1.92169e-05
16         1.93973e-05
17         1.85349e-05
18         1.77829e-05
19         1.72034e-05
20         1.58982e-05
21         1.56536e-05
22         1.64883e-05
23         1.6431e-05
24         1.5876e-05
25         1.54822e-05
26         1.43288e-05
27         1.33203e-05
28         1.31652e-05
29         1.29936e-05
30         1.31965e-05
31         1.34224e-05
32         1.39139e-05
33         1.41341e-05
34         1.34858e-05
35         1.23154e-05
36         1.15008e-05
37         1.14295e-05
38         1.13503e-05
39         1.15347e-05
40         1.2002e-05
41         1.22201e-05
42         1.20917e-05
43         1.2131e-05
44         1.21011e-05
45         1.18278e-05
46         1.13767e-05
47         1.08131e-05
48         1.10289e-05
49         1.16074e-05
50         1.19975e-05
51         1.1761e-05
52         1.1253e-05
53         1.03441e-05
54         9.41256e-06
55         9.18434e-06
56         9.22191e-06
57         9.61232e-06
58         1.02037e-05
59         1.0605e-05
60         1.06234e-05
61         1.04328e-05
62         1.01737e-05
63         9.49747e-06
64         9.00153e-06
65         9.0888e-06
66         9.14576e-06
67         9.32512e-06
68         9.53267e-06
69         9.54463e-06
70         9.16727e-06
71         8.65505e-06
72         8.338e-06 
73         8.0747e-06
74         7.56599e-06
75         7.44578e-06
76         7.61529e-06
77         7.93003e-06
78         8.44152e-06
79         8.66613e-06
80         8.37095e-06
81         7.88379e-06
82         7.6584e-06
83         7.601e-06 
84         7.46043e-06
85         6.9553e-06
86         6.63222e-06
87         6.8525e-06
88         7.3435e-06
89         7.56098e-06
90         7.39044e-06
91         6.94303e-06
92         6.82956e-06
93         6.8505e-06
94         6.69815e-06
95         6.59839e-06
96         6.53986e-06
97         6.57235e-06
98         6.3539e-06
99         6.00704e-06
100        5.5228e-06
101        5.16909e-06
102        4.98182e-06
103        4.97412e-06
104        5.42225e-06
105        5.81688e-06
106        5.96764e-06
107        5.8794e-06
108        5.80596e-06
109        5.75126e-06
110        5.45805e-06
111        5.21438e-06
112        5.38029e-06
113        5.47581e-06
114        5.39485e-06
115        5.25284e-06
116        5.0433e-06
117        4.89739e-06
118        4.85434e-06
119        4.98308e-06
120        5.22631e-06
121        5.1438e-06
122        5.06445e-06
123        5.18772e-06
124        5.22642e-06
125        5.17536e-06
126        5.1701e-06
127        5.28749e-06
128        5.33432e-06
129        5.05788e-06
130        4.89277e-06
131        4.75367e-06
132        4.80878e-06
133        4.97252e-06
134        5.02224e-06
135        5.21575e-06
136        5.45915e-06
137        5.45792e-06
138        5.15194e-06
139        4.82025e-06
140        4.61008e-06
141        4.65603e-06
142        4.66882e-06
143        4.55982e-06
144        4.40364e-06
145        4.28389e-06
146        4.33353e-06
147        4.46452e-06
148        4.58493e-06
149        4.65047e-06
150        4.57857e-06
151        4.36052e-06
152        4.20274e-06
153        4.07344e-06
154        4.07928e-06
155        4.16814e-06
156        4.23828e-06
157        4.2815e-06
158        4.47792e-06
159        4.68229e-06
160        4.56512e-06
161        4.23261e-06
162        3.91853e-06
163        3.8041e-06
164        3.63243e-06
165        3.3638e-06
166        3.64879e-06
167        4.01788e-06
168        4.06873e-06
169        4.03955e-06
170        3.79154e-06
171        3.48098e-06
172        3.38032e-06
173        3.39367e-06
174        3.41853e-06
175        3.46454e-06
176        3.5809e-06
177        3.60113e-06
178        3.62256e-06
179        3.72723e-06
180        3.79661e-06
181        3.88597e-06
182        3.78297e-06
183        3.57489e-06
184        3.41751e-06
185        3.30161e-06
186        3.29783e-06
187        3.13405e-06
188        2.91729e-06
189        3.06881e-06
190        3.29096e-06
191        3.56147e-06
192        3.58701e-06
193        3.35958e-06
194        3.07141e-06
195        3.09637e-06
196        3.46959e-06
197        3.68782e-06
198        3.601e-06 
199        3.23723e-06
200        3.02947e-06
201        3.13151e-06
202        3.3165e-06
203        3.33378e-06
204        3.26578e-06
205        3.28355e-06
206        3.33066e-06
207        3.23002e-06
208        3.13733e-06
209        3.22225e-06
210        3.31746e-06
211        3.4507e-06
212        3.60012e-06
213        3.62351e-06
214        3.55198e-06
215        3.46894e-06
216        3.35628e-06
217        3.21383e-06
218        2.96845e-06
219        2.78109e-06
220        2.91214e-06
221        3.21358e-06
222        3.32034e-06
223        3.14078e-06
224        3.02163e-06
225        3.02503e-06
226        3.12406e-06
227        3.35673e-06
228        3.31195e-06
229        2.94207e-06
230        2.66227e-06
231        2.57825e-06
232        2.63829e-06
233        2.70719e-06
234        2.81441e-06
235        2.95501e-06
236        2.92654e-06
237        2.87143e-06
238        2.83957e-06
239        2.79584e-06
240        2.81706e-06
241        2.74092e-06
242        2.55303e-06
243        2.43051e-06
244        2.41837e-06
245        2.61435e-06
246        2.84655e-06
247        2.82676e-06
248        2.64097e-06
249        2.51898e-06
250        2.64035e-06
251        2.62304e-06
252        2.64286e-06
253        2.7361e-06
254        2.82574e-06
255        2.91781e-06
256        2.80248e-06
257        2.63561e-06
258        2.44151e-06
259        2.24154e-06
260        2.10457e-06
261        2.19273e-06
262        2.43552e-06
263        2.6092e-06
264        2.69422e-06
265        2.64877e-06
266        2.56718e-06
267        2.48099e-06
268        2.35187e-06
269        2.37026e-06
270        2.45112e-06
271        2.45156e-06
272        2.49465e-06
273        2.57101e-06
274        2.61275e-06
275        2.60283e-06
276        2.47793e-06
277        2.3808e-06
278        2.32502e-06
279        2.26763e-06
280        2.23027e-06
281        2.22237e-06
282        2.3141e-06
283        2.38621e-06
284        2.50653e-06
285        2.59544e-06
286        2.60332e-06
287        2.52796e-06
288        2.40784e-06
289        2.39113e-06
290        2.44912e-06
291        2.53014e-06
292        2.57486e-06
293        2.58027e-06
294        2.52665e-06
295        2.48359e-06
296        2.50933e-06
297        2.51825e-06
298        2.59023e-06
299        2.60127e-06
300        2.50417e-06
301        2.43164e-06
302        2.42934e-06
303        2.48744e-06
304        2.48606e-06
305        2.38742e-06
306        2.25938e-06
307        2.22878e-06
308        2.35723e-06
309        2.49611e-06
310        2.48461e-06
311        2.40816e-06
312        2.34759e-06
313        2.28496e-06
314        2.20024e-06
315        2.11839e-06
316        2.03619e-06
317        1.98143e-06
318        2.03449e-06
319        2.20759e-06
320        2.29255e-06
321        2.2373e-06
322        2.03863e-06
323        1.83658e-06
324        1.8692e-06
325        2.09388e-06
326        2.21149e-06
327        2.1665e-06
328        2.12044e-06
329        2.15008e-06
330        2.21915e-06
331        2.28303e-06
332        2.31869e-06
333        2.29562e-06
334        2.17696e-06
335        2.14993e-06
336        2.17391e-06
337        2.19559e-06
338        2.23435e-06
339        2.18144e-06
340        1.98707e-06
341        1.86268e-06
342        1.92807e-06
343        1.97625e-06
344        2.04354e-06
345        2.12228e-06
346        2.08977e-06
347        1.96098e-06
348        1.80488e-06
349        1.70359e-06
350        1.86444e-06
351        2.03632e-06
352        2.09202e-06
353        2.11938e-06
354        2.14435e-06
355        2.17457e-06
356        2.1569e-06
357        2.05947e-06
358        1.95074e-06
359        1.86571e-06
360        1.87541e-06
361        1.93521e-06
362        1.95477e-06
363        1.83403e-06
364        1.76953e-06
365        1.86935e-06
366        1.97764e-06
367        2.02021e-06
368        1.86109e-06
369        1.69047e-06
370        1.65136e-06
371        1.71026e-06
372        1.86788e-06
373        2.04178e-06
374        2.09338e-06
375        1.98076e-06
376        1.85431e-06
377        1.84394e-06
378        1.85151e-06
379        1.83513e-06
380        1.86588e-06
381        1.86703e-06
382        1.8469e-06
383        1.88384e-06
384        1.95388e-06
385        1.94951e-06
386        1.91165e-06
387        1.90179e-06
388        1.8632e-06
389        1.8552e-06
390        1.88799e-06
391        1.88847e-06
392        1.88849e-06
393        1.87134e-06
394        1.79972e-06
395        1.73484e-06
396        1.63943e-06
397        1.54146e-06
398        1.59245e-06
399        1.69354e-06
400        1.69252e-06
401        1.6605e-06
402        1.64042e-06
403        1.66182e-06
404        1.73499e-06
405        1.7595e-06
406        1.7191e-06
407        1.75457e-06
408        1.69998e-06
409        1.66921e-06
410        1.67118e-06
411        1.68527e-06
412        1.65718e-06
413        1.58441e-06
414        1.56663e-06
415        1.58366e-06
416        1.57637e-06
417        1.56186e-06
418        1.61624e-06
419        1.73846e-06
420        1.88301e-06
421        1.99341e-06
422        1.88784e-06
423        1.67868e-06
424        1.6341e-06
425        1.66796e-06
426        1.66215e-06
427        1.61846e-06
428        1.5877e-06
429        1.64298e-06
430        1.67636e-06
431        1.67612e-06
432        1.62263e-06
433        1.57016e-06
434        1.56683e-06
435        1.59157e-06
436        1.64676e-06
437        1.64009e-06
438        1.56378e-06
439        1.54073e-06
440        1.61182e-06
441        1.68856e-06
442        1.68526e-06
443        1.69283e-06
444        1.75095e-06
445        1.77261e-06
446        1.76997e-06
447        1.72463e-06
448        1.64632e-06
449        1.55427e-06
450        1.55777e-06
451        1.53538e-06
452        1.54346e-06
453        1.59064e-06
454        1.61758e-06
455        1.63832e-06
456        1.64437e-06
457        1.66868e-06
458        1.74436e-06
459        1.74037e-06
460        1.69787e-06
461        1.6034e-06
462        1.49349e-06
463        1.56027e-06
464        1.64504e-06
465        1.66378e-06
466        1.65797e-06
467        1.61618e-06
468        1.54942e-06
469        1.53339e-06
470        1.59863e-06
471        1.67753e-06
472        1.71074e-06
473        1.67917e-06
474        1.5516e-06
475        1.46926e-06
476        1.5667e-06
477        1.67351e-06
478        1.66865e-06
479        1.6143e-06
480        1.49255e-06
481        1.41962e-06
482        1.38636e-06
483        1.40766e-06
484        1.45397e-06
485        1.46487e-06
486        1.47287e-06
487        1.48128e-06
488        1.47219e-06
489        1.41835e-06
490        1.40425e-06
491        1.43945e-06
492        1.49499e-06
493        1.565e-06 
494        1.59282e-06
495        1.56281e-06
496        1.54039e-06
497        1.53052e-06
498        1.50725e-06
499        1.45155e-06
500        1.343e-06 
501        1.25975e-06
502        1.24113e-06
503        1.33055e-06
504        1.3878e-06
505        1.3751e-06
506        1.37435e-06
507        1.4089e-06
508        1.49573e-06
509        1.56632e-06
510        1.56743e-06
511        1.52659e-06
512        1.48619e-06
513        1.47202e-06
514        1.45239e-06
515        1.51633e-06
516        1.58946e-06
517        1.62614e-06
518        1.56487e-06
519        1.44371e-06
520        1.3878e-06
521        1.37108e-06
522        1.38771e-06
523        1.4047e-06
524        1.42561e-06
525        1.43673e-06
526        1.3877e-06
527        1.34128e-06
528        1.39039e-06
529        1.50157e-06
530        1.53509e-06
531        1.45546e-06
532        1.36932e-06
533        1.28756e-06
534        1.19675e-06
535        1.19786e-06
536        1.19201e-06
537        1.18728e-06
538        1.23524e-06
539        1.3578e-06
540        1.44631e-06
541        1.40296e-06
542        1.30654e-06
543        1.30977e-06
544        1.35996e-06
545        1.39881e-06
546        1.392e-06 
547        1.37896e-06
548        1.45066e-06
549        1.54035e-06
550        1.57115e-06
551        1.54349e-06
552        1.47031e-06
553        1.42455e-06
554        1.41682e-06
555        1.38795e-06
556        1.32012e-06
557        1.27706e-06
558        1.2723e-06
559        1.34033e-06
560        1.44423e-06
561        1.48718e-06
562        1.51822e-06
563        1.4925e-06
564        1.42162e-06
565        1.33853e-06
566        1.29483e-06
567        1.28933e-06
568        1.26232e-06
569        1.27415e-06
570        1.30764e-06
571        1.28885e-06
572        1.26355e-06
573        1.2827e-06
574        1.33711e-06
575        1.34796e-06
576        1.33073e-06
577        1.33016e-06
578        1.33368e-06
579        1.3085e-06
580        1.33993e-06
581        1.41575e-06
582        1.3899e-06
583        1.27758e-06
584        1.22127e-06
585        1.25884e-06
586        1.36657e-06
587        1.46715e-06
588        1.50771e-06
589        1.47576e-06
590        1.42981e-06
591        1.42611e-06
592        1.44768e-06
593        1.47171e-06
594        1.41362e-06
595        1.27137e-06
596        1.18136e-06
597        1.14355e-06
598        1.19534e-06
599        1.28182e-06
600        1.28033e-06
601        1.27307e-06
602        1.26187e-06
603        1.30698e-06
604        1.31613e-06
605        1.26055e-06
606        1.27608e-06
607        1.33414e-06
608        1.37579e-06
609        1.3725e-06
610        1.28724e-06
611        1.18027e-06
612        1.18797e-06
613        1.27134e-06
614        1.34652e-06
615        1.37843e-06
616        1.37595e-06
617        1.33674e-06
618        1.3098e-06
619        1.33961e-06
620        1.36111e-06
621        1.33883e-06
622        1.30008e-06
623        1.27455e-06
624        1.3029e-06
625        1.3379e-06
626        1.30384e-06
627        1.24103e-06
628        1.21514e-06
629        1.18831e-06
630        1.18536e-06
631        1.23552e-06
632        1.29074e-06
633        1.29877e-06
634        1.3109e-06
635        1.27209e-06
636        1.2324e-06
637        1.28528e-06
638        1.32083e-06
639        1.32832e-06
640        1.34186e-06
641        1.28778e-06
642        1.24937e-06
643        1.29422e-06
644        1.32914e-06
645        1.35848e-06
646        1.35839e-06
647        1.30511e-06
648        1.27928e-06
649        1.31396e-06
650        1.3176e-06
651        1.29391e-06
652        1.26142e-06
653        1.22345e-06
654        1.23193e-06
655        1.22262e-06
656        1.17994e-06
657        1.17065e-06
658        1.18702e-06
659        1.18659e-06
660        1.0815e-06
661        9.79903e-07
662        9.22538e-07
663        9.72125e-07
664        1.04869e-06
665        1.07099e-06
666        1.08349e-06
667        1.10299e-06
668        1.09423e-06
669        1.08082e-06
670        1.07776e-06
671        1.09739e-06
672        1.1265e-06
673        1.23347e-06
674        1.35548e-06
675        1.38249e-06
676        1.33763e-06
677        1.23506e-06
678        1.13588e-06
679        1.11829e-06
680        1.14595e-06
681        1.17427e-06
682        1.22049e-06
683        1.18969e-06
684        1.16919e-06
685        1.18443e-06
686        1.17372e-06
687        1.17878e-06
688        1.17081e-06
689        1.17559e-06
690        1.21381e-06
691        1.21856e-06
692        1.23421e-06
693        1.27167e-06
694        1.29777e-06
695        1.27539e-06
696        1.2244e-06
697        1.18737e-06
698        1.17271e-06
699        1.17148e-06
700        1.20124e-06
701        1.19841e-06
702        1.17023e-06
703        1.14801e-06
704        1.11271e-06
705        1.14389e-06
706        1.19782e-06
707        1.2292e-06
708        1.26257e-06
709        1.26265e-06
710        1.23313e-06
711        1.18243e-06
712        1.16761e-06
713        1.20191e-06
714        1.21638e-06
715        1.17546e-06
716        1.14459e-06
717        1.12371e-06
718        1.08688e-06
719        1.11584e-06
720        1.17109e-06
721        1.20037e-06
722        1.13371e-06
723        1.03324e-06
724        1.01695e-06
725        1.0857e-06
726        1.15108e-06
727        1.1508e-06
728        1.09099e-06
729        1.0282e-06
730        1.02309e-06
731        1.01745e-06
732        1.02393e-06
733        1.05255e-06
734        1.04131e-06
735        1.0179e-06
736        1.05652e-06
737        1.10678e-06
738        1.1286e-06
739        1.1018e-06
740        1.01905e-06
741        9.8019e-07
742        1.033e-06 
743        1.06946e-06
744        1.11016e-06
745        1.16646e-06
746        1.15131e-06
747        1.12936e-06
748        1.13229e-06
749        1.07574e-06
750        1.0667e-06
751        1.08045e-06
752        1.06522e-06
753        1.06341e-06
754        1.05393e-06
755        1.06075e-06
756        1.06589e-06
757        1.0582e-06
758        1.07514e-06
759        1.0686e-06
760        1.05592e-06
761        1.08857e-06
762        1.12971e-06
763        1.12767e-06
764        1.06323e-06
765        9.90068e-07
766        9.6682e-07
767        9.99313e-07
768        1.03995e-06
769        1.07815e-06
770        1.12382e-06
771        1.17437e-06
772        1.15467e-06
773        1.07626e-06
774        1.02569e-06
775        1.01433e-06
776        1.04098e-06
777        1.07039e-06
778        1.05343e-06
779        1.08141e-06
780        1.11771e-06
781        1.16115e-06
782        1.19388e-06
783        1.16052e-06
784        1.09062e-06
785        1.05496e-06
786        1.02257e-06
787        1.00076e-06
788        1.02086e-06
789        1.04816e-06
790        1.07016e-06
791        1.10325e-06
792        1.10108e-06
793        1.09289e-06
794        1.08957e-06
795        1.09527e-06
796        1.17111e-06
797        1.1925e-06
798        1.14949e-06
799        1.11817e-06
800        1.07596e-06
801        1.03589e-06
802        1.02746e-06
803        1.03811e-06
804        1.05269e-06
805        1.06106e-06
806        9.99534e-07
807        9.30319e-07
808        9.80555e-07
809        1.03854e-06
810        1.05493e-06
811        1.01227e-06
812        9.64625e-07
813        9.59141e-07
814        9.841e-07 
815        1.02329e-06
816        1.05284e-06
817        1.07109e-06
818        1.05354e-06
819        1.04078e-06
820        1.00848e-06
821        9.57781e-07
822        9.46506e-07
823        9.67072e-07
824        1.00168e-06
825        1.00919e-06
826        9.82052e-07
827        9.25016e-07
828        8.96312e-07
829        9.53833e-07
830        1.02423e-06
831        1.06002e-06
832        1.06503e-06
833        1.08304e-06
834        1.16368e-06
835        1.19128e-06
836        1.18303e-06
837        1.14837e-06
838        1.10668e-06
839        1.06265e-06
840        1.05417e-06
841        1.08011e-06
842        1.07732e-06
843        1.07498e-06
844        1.08051e-06
845        1.10956e-06
846        1.13058e-06
847        1.11588e-06
848        1.07829e-06
849        1.0415e-06
850        1.0399e-06
851        1.02901e-06
852        1.01409e-06
853        1.02412e-06
854        1.00588e-06
855        9.8128e-07
856        9.8828e-07
857        1.01467e-06
858        1.01936e-06
859        1.00124e-06
860        1.00076e-06
861        1.03564e-06
862        1.0958e-06
863        1.11651e-06
864        1.09112e-06
865        1.02157e-06
866        9.28858e-07
867        9.18039e-07
868        9.45677e-07
869        9.09867e-07
870        8.9461e-07
871        9.31085e-07
872        9.45798e-07
873        9.03347e-07
874        8.66021e-07
875        9.14877e-07
876        1.00637e-06
877        1.00913e-06
878        9.87418e-07
879        9.96158e-07
880        9.85603e-07
881        9.53877e-07
882        9.49756e-07
883        9.62849e-07
884        9.51954e-07
885        9.56392e-07
886        1.00978e-06
887        1.02906e-06
888        9.87525e-07
889        9.50571e-07
890        9.36033e-07
891        9.27588e-07
892        9.4863e-07
893        9.29279e-07
894        8.93783e-07
895        9.1016e-07
896        9.6416e-07
897        9.74212e-07
898        9.66464e-07
899        1.00633e-06
900        1.04616e-06
901        1.0225e-06
902        9.63281e-07
903        9.37151e-07
904        9.46203e-07
905        9.6956e-07
906        9.72952e-07
907        9.50909e-07
908        9.27017e-07
909        9.12248e-07
910        9.09812e-07
911        9.43675e-07
912        9.71204e-07
913        9.58861e-07
914        9.36025e-07
915        9.4049e-07
916        9.08026e-07
917        8.80719e-07
918        9.11669e-07
919        9.92329e-07
920        1.0206e-06
921        9.8792e-07
922        9.62861e-07
923        1.00743e-06
924        1.06148e-06
925        1.03171e-06
926        9.69939e-07
927        9.0072e-07
928        8.76646e-07
929        8.97727e-07
930        9.1644e-07
931        9.06544e-07
932        8.89071e-07
933        8.84637e-07
934        8.85779e-07
935        8.71423e-07
936        8.93182e-07
937        9.88756e-07
938        1.07819e-06
939        1.10395e-06
940        1.04975e-06
941        9.92876e-07
942        9.91426e-07
943        9.58688e-07
944        8.72725e-07
945        8.37133e-07
946        8.33477e-07
947        8.70059e-07
948        9.40527e-07
949        9.74901e-07
950        9.55927e-07
951        9.37612e-07
952        9.16167e-07
953        9.7471e-07
954        1.05057e-06
955        1.06534e-06
956        1.05821e-06
957        9.65587e-07
958        9.15029e-07
959        9.52281e-07
960        9.99021e-07
961        1.02845e-06
962        9.51768e-07
963        8.60432e-07
964        8.34853e-07
965        8.41189e-07
966        8.87054e-07
967        9.18863e-07
968        9.30812e-07
969        9.35101e-07
970        9.87835e-07
971        1.03754e-06
972        1.0414e-06
973        1.00997e-06
974        1.00555e-06
975        1.02073e-06
976        9.9384e-07
977        9.3766e-07
978        9.79964e-07
979        1.05707e-06
980        1.07183e-06
981        1.03314e-06
982        9.7537e-07
983        9.8585e-07
984        1.01394e-06
985        1.00702e-06
986        9.87191e-07
987        9.61053e-07
988        9.3381e-07
989        8.70943e-07
990        8.1835e-07
991        8.82773e-07
992        9.66241e-07
993        9.83358e-07
994        9.78999e-07
995        9.81669e-07
996        9.95638e-07
997        1.30508e-06
998        3.02699e-06
999        4.41174e-06
1000       4.52819e-06
1001       4.39313e-06
1002       3.0379e-06
1003       1.30069e-06
1004       9.47579e-07
1005       9.75388e-07
1006       1.02742e-06
1007       9.92061e-07
1008       9.10089e-07
1009       8.59578e-07
1010       8.69605e-07
1011       8.77888e-07
1012       8.66077e-07
1013       8.82594e-07
1014       9.56326e-07
1015       9.85772e-07
1016       9.57372e-07
1017       9.38273e-07
1018       9.37314e-07
1019       9.1581e-07
1020       8.89631e-07
1021       8.71564e-07
1022       8.50628e-07
1023       8.61549e-07
1024       8.77813e-07
1025       8.63202e-07
1026       8.59252e-07
1027       8.39383e-07
1028       8.14724e-07
1029       7.87523e-07
1030       7.65447e-07
1031       8.06423e-07
1032       8.91319e-07
1033       9.3607e-07
1034       9.28796e-07
1035       9.2409e-07
1036       8.8569e-07
1037       8.45442e-07
1038       8.06427e-07
1039       8.05271e-07
1040       8.78414e-07
1041       9.61253e-07
1042       1.01114e-06
1043       1.02505e-06
1044       9.83691e-07
1045       9.38962e-07
1046       8.77248e-07
1047       7.99905e-07
1048       7.8961e-07
1049       8.31281e-07
1050       8.93073e-07
1051       8.8886e-07
1052       8.87214e-07
1053       9.27625e-07
1054       9.89272e-07
1055       1.03161e-06
1056       1.04019e-06
1057       1.03496e-06
1058       9.59612e-07
1059       8.63708e-07
1060       8.19405e-07
1061       8.3532e-07
1062       8.79663e-07
1063       8.90209e-07
1064       8.96854e-07
1065       9.03563e-07
1066       8.94634e-07
1067       8.93156e-07
1068       9.06822e-07
1069       9.25727e-07
1070       9.6074e-07
1071       9.71965e-07
1072       9.61154e-07
1073       9.35765e-07
1074       9.09934e-07
1075       9.29511e-07
1076       9.10061e-07
1077       8.37438e-07
1078       8.14628e-07
1079       8.52612e-07
1080       8.86913e-07
1081       8.93203e-07
1082       8.84071e-07
1083       9.05613e-07
1084       9.37502e-07
1085       9.331e-07 
1086       9.34015e-07
1087       9.27785e-07
1088       9.15404e-07
1089       8.87553e-07
1090       8.64468e-07
1091       8.60412e-07
1092       8.40372e-07
1093       8.20752e-07
1094       8.33729e-07
1095       8.73278e-07
1096       8.87822e-07
1097       8.38147e-07
1098       8.24679e-07
1099       8.60051e-07
1100       9.45471e-07
1101       9.68458e-07
1102       9.32379e-07
1103       8.91512e-07
1104       8.70797e-07
1105       8.87225e-07
1106       9.1148e-07
1107       9.21612e-07
1108       9.13292e-07
1109       9.08123e-07
1110       8.79029e-07
1111       8.97947e-07
1112       9.176e-07 
1113       8.62158e-07
1114       8.15636e-07
1115       8.20618e-07
1116       8.354e-07 
1117       8.30162e-07
1118       8.51361e-07
1119       8.64611e-07
1120       8.25111e-07
1121       7.78989e-07
1122       7.63985e-07
1123       7.80368e-07
1124       8.11183e-07
1125       8.64748e-07
1126       9.19477e-07
1127       9.29443e-07
1128       9.30808e-07
1129       9.4348e-07
1130       9.28755e-07
1131       9.03436e-07
1132       9.13648e-07
1133       9.59403e-07
1134       9.73266e-07
1135       9.58485e-07
1136       9.5756e-07
1137       9.53248e-07
1138       9.20081e-07
1139       8.72932e-07
1140       8.57746e-07
1141       8.54663e-07
1142       8.87429e-07
1143       9.25337e-07
1144       9.02498e-07
1145       8.4431e-07
1146       7.84034e-07
1147       7.94852e-07
1148       8.81286e-07
1149       9.18414e-07
1150       9.01206e-07
1151       8.91871e-07
1152       8.95137e-07
1153       8.92823e-07
1154       8.80475e-07
1155       8.55024e-07
1156       8.42767e-07
1157       8.78291e-07
1158       9.07853e-07
1159       8.91554e-07
1160       8.75499e-07
1161       9.1931e-07
1162       9.8762e-07
1163       9.7244e-07
1164       9.20676e-07
1165       8.71931e-07
1166       8.35882e-07
1167       8.61439e-07
1168       8.88349e-07
1169       8.55967e-07
1170       7.98401e-07
1171       8.52205e-07
1172       9.27813e-07
1173       9.46407e-07
1174       9.40262e-07
1175       9.35127e-07
1176       8.71499e-07
1177       8.39784e-07
1178       8.26723e-07
1179       8.30957e-07
1180       8.34433e-07
1181       8.60665e-07
1182       8.75211e-07
1183       8.99435e-07
1184       9.27017e-07
1185       9.17014e-07
1186       9.16162e-07
1187       9.52783e-07
1188       9.49282e-07
1189       9.098e-07 
1190       9.05901e-07
1191       9.05913e-07
1192       9.27226e-07
1193       9.14316e-07
1194       8.85186e-07
1195       8.78622e-07
1196       8.76387e-07
1197       9.31065e-07
1198       9.49421e-07
1199       9.08844e-07
1200       8.40666e-07
1201       8.10043e-07
1202       8.21129e-07
1203       7.98523e-07
1204       8.17511e-07
1205       8.44147e-07
1206       8.77543e-07
1207       8.823e-07 
1208       8.57014e-07
1209       8.46589e-07
1210       8.3821e-07
1211       8.22993e-07
1212       8.49686e-07
1213       8.37595e-07
1214       8.16911e-07
1215       8.28058e-07
1216       8.35647e-07
1217       8.13319e-07
1218       7.90371e-07
1219       7.59142e-07
1220       7.59438e-07
1221       7.75912e-07
1222       8.03199e-07
1223       8.33784e-07
1224       8.24385e-07
1225       7.96166e-07
1226       7.76667e-07
1227       7.86661e-07
1228       8.27974e-07
1229       8.87946e-07
1230       9.39657e-07
1231       9.40783e-07
1232       8.92574e-07
1233       8.54799e-07
1234       8.37899e-07
1235       8.16451e-07
1236       8.16946e-07
1237       8.28229e-07
1238       8.19816e-07
1239       8.02295e-07
1240       7.7303e-07
1241       7.82544e-07
1242       8.10277e-07
1243       8.0989e-07
1244       8.44113e-07
1245       8.61692e-07
1246       8.47735e-07
1247       8.32378e-07
1248       8.16366e-07
1249       8.36762e-07
1250       8.70933e-07
1251       8.73179e-07
1252       8.82906e-07
1253       8.97734e-07
1254       8.70408e-07
1255       8.15489e-07
1256       7.89519e-07
1257       7.95266e-07
1258       8.37283e-07
1259       8.78336e-07
1260       8.86122e-07
1261       8.80963e-07
1262       8.68365e-07
1263       8.67395e-07
1264       8.81179e-07
1265       8.86192e-07
1266       8.93815e-07
1267       8.85468e-07
1268       8.44346e-07
1269       7.87824e-07
1270       7.78656e-07
1271       8.1344e-07
1272       8.43872e-07
1273       8.7698e-07
1274       8.99225e-07
1275       9.01442e-07
1276       9.13314e-07
1277       9.12795e-07
1278       8.91664e-07
1279       8.84921e-07
1280       8.52099e-07
1281       8.28121e-07
1282       8.4267e-07
1283       8.54926e-07
1284       8.73367e-07
1285       8.46541e-07
1286       8.05928e-07
1287       8.28532e-07
1288       8.47929e-07
1289       8.20213e-07
1290       7.72059e-07
1291       7.96408e-07
1292       8.60796e-07
1293       9.05905e-07
1294       9.07429e-07
1295       8.73499e-07
1296       8.45294e-07
1297       8.21803e-07
1298       8.27503e-07
1299       8.22725e-07
1300       8.20416e-07
1301       8.42067e-07
1302       8.47603e-07
1303       8.54171e-07
1304       8.51857e-07
1305       8.39543e-07
1306       8.52864e-07
1307       8.6866e-07
1308       8.69814e-07
1309       8.89698e-07
1310       9.32903e-07
1311       9.3829e-07
1312       8.70296e-07
1313       8.22888e-07
1314       8.57717e-07
1315       8.82743e-07
1316       8.4518e-07
1317       8.35002e-07
1318       8.46865e-07
1319       8.78274e-07
1320       9.10813e-07
1321       9.12091e-07
1322       9.23033e-07
1323       9.18916e-07
1324       8.57214e-07
1325       8.15593e-07
1326       7.96837e-07
1327       7.94366e-07
1328       8.22217e-07
1329       8.13026e-07
1330       7.72717e-07
1331       7.53075e-07
1332       7.88518e-07
1333       8.46549e-07
1334       8.84887e-07
1335       8.49565e-07
1336       7.67378e-07
1337       7.26686e-07
1338       7.6964e-07
1339       8.18861e-07
1340       8.36041e-07
1341       8.58708e-07
1342       8.82387e-07
1343       8.9625e-07
1344       8.90857e-07
1345       8.31336e-07
1346       7.75913e-07
1347       7.70326e-07
1348       7.38228e-07
1349       7.52885e-07
1350       7.94891e-07
1351       8.07473e-07
1352       8.07867e-07
1353       7.97595e-07
1354       7.97531e-07
1355       8.53862e-07
1356       8.91438e-07
1357       8.98805e-07
1358       8.91672e-07
1359       8.65565e-07
1360       8.44034e-07
1361       8.41945e-07
1362       8.7471e-07
1363       8.39463e-07
1364       7.99257e-07
1365       8.17946e-07
1366       8.27202e-07
1367       8.0517e-07
1368       7.88882e-07
1369       7.83789e-07
1370       7.79626e-07
1371       7.68333e-07
1372       7.59248e-07
1373       7.61692e-07
1374       7.72521e-07
1375       7.99039e-07
1376       8.15362e-07
1377       8.21173e-07
1378       8.62604e-07
1379       9.19951e-07
1380       9.44833e-07
1381       9.32914e-07
1382       8.84203e-07
1383       8.41226e-07
1384       8.09159e-07
1385       7.9645e-07
1386       8.15118e-07
1387       8.18091e-07
1388       8.12836e-07
1389       8.11178e-07
1390       8.10646e-07
1391       8.29805e-07
1392       8.3341e-07
1393       8.29251e-07
1394       8.13947e-07
1395       8.03423e-07
1396       7.71904e-07
1397       7.21977e-07
1398       7.32653e-07
1399       7.66641e-07
1400       7.81847e-07
1401       7.75685e-07
1402       7.32966e-07
1403       7.10374e-07
1404       7.38366e-07
1405       7.45239e-07
1406       7.2705e-07
1407       7.10538e-07
1408       7.08246e-07
1409       7.32575e-07
1410       7.52669e-07
1411       7.51441e-07
1412       7.90786e-07
1413       8.54095e-07
1414       8.93511e-07
1415       8.70222e-07
1416       7.73848e-07
1417       6.95108e-07
1418       6.8863e-07
1419       7.12853e-07
1420       7.73243e-07
1421       7.9633e-07
1422       7.47411e-07
1423       7.07635e-07
1424       7.4436e-07
1425       8.06259e-07
1426       8.32374e-07
1427       8.3588e-07
1428       8.17376e-07
1429       8.06619e-07
1430       7.96969e-07
1431       8.10625e-07
1432       8.28867e-07
1433       8.46533e-07
1434       8.20598e-07
1435       7.91986e-07
1436       7.82109e-07
1437       7.6039e-07
1438       7.85581e-07
1439       8.09056e-07
1440       7.81481e-07
1441       7.74311e-07
1442       7.8297e-07
1443       7.96332e-07
1444       7.93722e-07
1445       7.84323e-07
1446       7.87124e-07
1447       7.89381e-07
1448       7.86754e-07
1449       7.55001e-07
1450       7.38684e-07
1451       7.66523e-07
1452       8.00133e-07
1453       8.14092e-07
1454       8.38055e-07
1455       8.50112e-07
1456       8.16893e-07
1457       7.8612e-07
1458       8.01024e-07
1459       8.19352e-07
1460       8.49804e-07
1461       8.9514e-07
1462       9.13154e-07
1463       8.71142e-07
1464       8.29948e-07
1465       8.21182e-07
1466       8.03123e-07
1467       7.91277e-07
1468       7.93853e-07
1469       8.23452e-07
1470       8.43271e-07
1471       8.06278e-07
1472       7.67208e-07
1473       7.7685e-07
1474       7.89277e-07
1475       7.52578e-07
1476       7.18708e-07
1477       7.28456e-07
1478       7.45211e-07
1479       7.67158e-07
1480       7.78004e-07
1481       7.78256e-07
1482       7.89575e-07
1483       8.09146e-07
1484       8.19332e-07
1485       8.39281e-07
1486       8.58513e-07
1487       8.5943e-07
1488       8.33487e-07
1489       7.979e-07 
1490       7.82949e-07
1491       8.21747e-07
1492       8.36897e-07
1493       8.35097e-07
1494       8.46797e-07
1495       8.73407e-07
1496       9.11919e-07
1497       8.64168e-07
1498       7.99375e-07
1499       7.7779e-07
1500       7.61593e-07
1501       7.48345e-07
1502       7.27725e-07
1503       7.19387e-07
1504       7.45646e-07
1505       7.9554e-07
1506       8.27127e-07
1507       8.21042e-07
1508       8.04805e-07
1509       7.92826e-07
1510       7.60592e-07
1511       7.63459e-07
1512       7.769e-07 
1513       7.96908e-07
1514       8.13369e-07
1515       8.05234e-07
1516       7.82725e-07
1517       7.72172e-07
1518       7.796e-07 
1519       7.57351e-07
1520       7.46801e-07
1521       7.92984e-07
1522       8.48613e-07
1523       9.14893e-07
1524       9.13313e-07
1525       8.86584e-07
1526       8.96118e-07
1527       8.6328e-07
1528       8.64932e-07
1529       8.76262e-07
1530       8.96696e-07
1531       8.91256e-07
1532       8.36514e-07
1533       8.04761e-07
1534       7.96719e-07
1535       8.08423e-07
1536       8.06012e-07
1537       8.07622e-07
1538       8.0447e-07
1539       8.21868e-07
1540       8.38011e-07
1541       8.48605e-07
1542       8.94213e-07
1543       9.3746e-07
1544       9.19265e-07
1545       8.79694e-07
1546       8.44324e-07
1547       8.1754e-07
1548       7.97388e-07
1549       7.86814e-07
1550       7.88369e-07
1551       7.67683e-07
1552       7.89123e-07
1553       7.87199e-07
1554       8.04505e-07
1555       8.41099e-07
1556       8.35566e-07
1557       8.42188e-07
1558       8.32282e-07
1559       8.334e-07 
1560       8.38772e-07
1561       8.3106e-07
1562       8.42667e-07
1563       8.6254e-07
1564       8.81188e-07
1565       8.88162e-07
1566       8.72699e-07
1567       8.76914e-07
1568       8.64553e-07
1569       8.40987e-07
1570       8.26127e-07
1571       8.48443e-07
1572       8.65552e-07
1573       8.55345e-07
1574       8.47413e-07
1575       8.27804e-07
1576       8.18903e-07
1577       8.47234e-07
1578       8.33561e-07
1579       7.99625e-07
1580       8.19804e-07
1581       8.50782e-07
1582       8.69324e-07
1583       8.57002e-07
1584       8.44745e-07
1585       8.03343e-07
1586       7.57082e-07
1587       7.24278e-07
1588       7.17799e-07
1589       7.34969e-07
1590       7.49117e-07
1591       7.67611e-07
1592       7.62052e-07
1593       7.54133e-07
1594       7.72085e-07
1595       7.97638e-07
1596       8.05445e-07
1597       7.79456e-07
1598       7.71334e-07
1599       7.94721e-07
1600       8.15537e-07
