# Freq.    Mag.
0          4.79359e-06
1          4.69438e-06
2          3.39307e-06
3          2.09114e-06
4          1.90088e-06
5          1.59891e-06
6          1.31642e-06
7          1.17763e-06
8          1.12039e-06
9          1.16733e-06
10         1.23034e-06
11         1.23236e-06
12         1.12539e-06
13         1.00543e-06
14         9.75176e-07
15         1.09173e-06
16         1.17053e-06
17         1.17654e-06
18         1.17375e-06
19         1.18121e-06
20         1.15386e-06
21         1.02981e-06
22         9.3005e-07
23         9.4661e-07
24         1.00557e-06
25         1.07484e-06
26         1.15798e-06
27         1.20475e-06
28         1.179e-06 
29         1.15101e-06
30         1.14544e-06
31         1.15694e-06
32         1.13242e-06
33         1.12258e-06
34         1.13369e-06
35         1.09506e-06
36         3.6319e-06
37         1.82413e-05
38         3.60113e-05
39         4.07832e-05
40         4.07637e-05
41         3.39896e-05
42         1.52772e-05
43         2.69489e-06
44         9.31747e-07
45         9.0495e-07
46         9.30455e-07
47         1.04967e-06
48         1.50351e-06
49         1.85839e-06
50         1.83894e-06
51         1.76245e-06
52         1.36316e-06
53         9.79373e-07
54         9.30091e-07
55         9.51388e-07
56         9.64077e-07
57         1.22346e-06
58         2.50524e-06
59         3.51369e-06
60         3.57992e-06
61         3.47777e-06
62         2.55606e-06
63         1.31054e-06
64         9.24461e-07
65         8.50845e-07
66         8.65582e-07
67         8.55316e-07
68         8.3016e-07
69         8.84347e-07
70         9.69117e-07
71         9.6829e-07
72         9.3891e-07
73         9.29022e-07
74         9.47821e-07
75         9.61383e-07
76         9.99224e-07
77         1.22036e-06
78         1.40311e-06
79         1.40747e-06
80         1.3663e-06
81         1.16906e-06
82         1.02954e-06
83         9.74184e-07
84         9.01054e-07
85         8.84937e-07
86         9.18276e-07
87         9.5855e-07
88         9.81782e-07
89         9.74458e-07
90         9.54124e-07
91         9.41372e-07
92         9.2665e-07
93         9.34113e-07
94         9.0591e-07
95         8.34179e-07
96         8.3323e-07
97         8.94679e-07
98         9.91121e-07
99         1.04671e-06
100        1.07838e-06
101        1.07961e-06
102        1.0116e-06
103        9.58586e-07
104        9.33722e-07
105        9.16012e-07
106        9.08145e-07
107        9.35909e-07
108        9.69426e-07
109        9.66642e-07
110        9.04396e-07
111        8.4161e-07
112        7.86527e-07
113        8.16014e-07
114        8.64548e-07
115        1.79814e-06
116        6.73255e-06
117        1.17325e-05
118        1.30419e-05
119        1.34001e-05
120        1.08407e-05
121        6.23275e-06
122        3.53209e-06
123        1.41311e-06
124        9.70931e-07
125        1.01595e-06
126        1.0247e-06
127        9.79871e-07
128        9.07242e-07
129        8.77581e-07
130        8.76269e-07
131        9.02484e-07
132        9.1503e-07
133        8.7884e-07
134        8.39969e-07
135        8.3726e-07
136        8.596e-07 
137        8.69245e-07
138        8.96561e-07
139        9.02647e-07
140        8.74147e-07
141        8.4576e-07
142        8.32965e-07
143        8.43538e-07
144        9.18075e-07
145        9.75943e-07
146        9.86746e-07
147        9.87581e-07
148        1.00293e-06
149        9.91036e-07
150        9.41941e-07
151        9.18334e-07
152        8.85412e-07
153        8.74478e-07
154        9.1937e-07
155        9.8327e-07
156        9.96707e-07
157        9.64206e-07
158        9.04981e-07
159        8.71921e-07
160        8.67396e-07
161        8.98808e-07
162        9.63347e-07
163        1.00617e-06
164        9.9806e-07
165        9.5665e-07
166        8.73716e-07
167        8.49426e-07
168        9.02699e-07
169        9.57795e-07
170        9.87662e-07
171        9.9096e-07
172        9.93041e-07
173        9.74608e-07
174        9.64507e-07
175        9.73174e-07
176        9.74032e-07
177        1.57033e-06
178        4.4192e-06
179        6.53536e-06
180        6.71833e-06
181        6.45498e-06
182        4.2977e-06
183        1.51412e-06
184        9.4362e-07
185        9.18544e-07
186        8.87683e-07
187        8.75764e-07
188        8.74683e-07
189        8.85222e-07
190        8.80845e-07
191        9.388e-07 
192        1.01177e-06
193        1.04822e-06
194        1.51804e-06
195        4.2253e-06
196        6.56695e-06
197        6.8815e-06
198        6.81152e-06
199        4.93784e-06
200        2.0083e-06
201        1.20142e-06
202        1.10362e-06
203        1.00655e-06
204        9.82436e-07
205        9.65207e-07
206        9.79756e-07
207        9.8419e-07
208        9.99693e-07
209        1.02796e-06
210        1.00972e-06
211        9.77215e-07
212        9.56159e-07
213        9.44231e-07
214        9.55286e-07
215        9.69634e-07
216        9.8133e-07
217        9.62692e-07
218        8.94043e-07
219        8.27958e-07
220        7.94613e-07
221        8.14831e-07
222        8.33112e-07
223        8.86586e-07
224        9.52412e-07
225        9.7067e-07
226        9.22736e-07
227        8.69193e-07
228        8.72939e-07
229        8.84346e-07
230        8.55035e-07
231        8.43585e-07
232        9.21921e-07
233        9.87558e-07
234        1.01114e-06
235        1.0282e-06
236        9.85127e-07
237        1.25971e-06
238        2.87309e-06
239        4.10084e-06
240        4.21023e-06
241        4.09583e-06
242        2.84819e-06
243        1.28565e-06
244        9.38585e-07
245        9.17799e-07
246        9.48377e-07
247        9.40101e-07
248        9.26361e-07
249        8.9904e-07
250        8.7809e-07
251        8.55042e-07
252        8.3002e-07
253        8.63422e-07
254        8.9103e-07
255        9.34305e-07
256        9.75111e-07
257        9.44485e-07
258        8.77428e-07
259        8.64971e-07
260        8.89943e-07
261        9.08672e-07
262        8.99652e-07
263        8.74168e-07
264        8.54187e-07
265        8.75337e-07
266        9.31871e-07
267        9.3684e-07
268        9.13005e-07
269        8.68254e-07
270        8.16116e-07
271        7.82569e-07
272        8.27329e-07
273        1.51479e-06
274        3.7439e-06
275        5.20381e-06
276        5.27638e-06
277        4.9913e-06
278        3.20642e-06
279        1.22549e-06
280        9.41809e-07
281        9.63608e-07
282        9.7129e-07
283        9.34565e-07
284        8.80673e-07
285        8.65722e-07
286        8.87188e-07
287        9.06353e-07
288        8.92822e-07
289        8.89744e-07
290        9.05745e-07
291        9.30092e-07
292        9.60714e-07
293        9.65149e-07
294        9.29939e-07
295        8.94216e-07
296        8.96579e-07
297        1.25868e-06
298        2.69743e-06
299        3.76681e-06
300        3.83459e-06
301        3.6998e-06
302        2.57453e-06
303        1.20481e-06
304        9.41212e-07
305        9.28642e-07
306        9.41123e-07
307        9.50038e-07
308        9.73731e-07
309        9.98362e-07
310        9.7393e-07
311        9.18156e-07
312        8.59948e-07
313        8.29497e-07
314        8.38926e-07
315        8.32924e-07
316        8.45569e-07
317        8.57516e-07
318        8.51364e-07
319        8.67597e-07
320        9.08996e-07
321        9.41261e-07
322        9.33108e-07
323        9.1701e-07
324        9.14193e-07
325        8.8328e-07
326        9.08164e-07
327        9.37482e-07
328        9.22984e-07
329        8.79507e-07
330        8.3218e-07
331        8.39286e-07
332        8.58829e-07
333        8.75403e-07
334        9.16471e-07
335        9.48747e-07
336        9.39888e-07
337        9.47253e-07
338        9.70597e-07
339        9.43685e-07
340        9.05841e-07
341        8.92994e-07
342        9.0069e-07
343        9.10238e-07
344        9.10187e-07
345        9.15096e-07
346        9.22888e-07
347        9.07524e-07
348        8.87538e-07
349        9.24179e-07
350        9.65806e-07
351        9.78506e-07
352        1.68977e-06
353        3.63123e-06
354        4.61006e-06
355        4.64383e-06
356        4.29714e-06
357        2.73929e-06
358        3.20449e-06
359        4.54242e-06
360        4.66819e-06
361        4.5369e-06
362        3.12976e-06
363        1.30946e-06
364        9.46067e-07
365        9.61445e-07
366        9.55258e-07
367        8.96356e-07
368        8.4262e-07
369        8.49521e-07
370        8.54585e-07
371        8.56981e-07
372        8.51183e-07
373        8.50864e-07
374        8.329e-07 
375        8.2254e-07
376        9.80671e-07
377        1.26202e-06
378        1.35909e-06
379        1.39057e-06
380        1.18619e-06
381        8.93181e-07
382        8.64869e-07
383        8.23717e-07
384        7.52189e-07
385        7.36005e-07
386        7.8706e-07
387        8.56068e-07
388        9.3337e-07
389        9.39761e-07
390        9.09684e-07
391        9.0969e-07
392        9.42551e-07
393        1.02089e-06
394        1.03045e-06
395        1.01447e-06
396        9.45518e-07
397        8.76615e-07
398        8.98079e-07
399        9.66182e-07
400        1.0347e-06
401        1.0936e-06
402        1.06329e-06
403        1.00947e-06
404        9.69477e-07
405        9.50372e-07
406        9.44679e-07
407        9.28232e-07
408        9.10776e-07
409        8.9947e-07
410        9.19784e-07
411        9.10893e-07
412        9.01032e-07
413        9.10587e-07
414        9.10353e-07
415        9.11635e-07
416        9.29601e-07
417        1.26872e-06
418        2.81136e-06
419        3.99142e-06
420        4.08085e-06
421        3.95908e-06
422        2.71597e-06
423        1.1577e-06
424        8.69863e-07
425        8.58526e-07
426        8.84194e-07
427        9.29322e-07
428        9.49442e-07
429        9.30903e-07
430        9.09635e-07
431        1.58589e-06
432        3.19763e-06
433        3.81354e-06
434        3.80278e-06
435        3.37494e-06
436        1.87584e-06
437        9.92901e-07
438        9.65149e-07
439        9.64686e-07
440        9.53178e-07
441        9.67312e-07
442        9.90876e-07
443        1.00729e-06
444        1.0103e-06
445        9.51174e-07
446        8.90945e-07
447        8.73348e-07
448        8.99617e-07
449        9.04215e-07
450        8.78064e-07
451        8.90498e-07
452        9.03268e-07
453        9.09112e-07
454        9.16279e-07
455        8.895e-07 
456        8.35079e-07
457        8.48801e-07
458        8.93005e-07
459        9.04604e-07
460        8.96892e-07
461        9.12593e-07
462        9.12711e-07
463        8.92299e-07
464        8.8884e-07
465        9.16531e-07
466        9.60227e-07
467        9.62652e-07
468        9.04193e-07
469        8.66972e-07
470        9.05866e-07
471        1.00847e-06
472        1.1115e-06
473        1.09793e-06
474        1.08296e-06
475        1.00093e-06
476        9.33703e-07
477        1.20782e-06
478        2.54227e-06
479        3.59723e-06
480        3.67278e-06
481        3.561e-06 
482        2.47123e-06
483        1.11763e-06
484        9.0812e-07
485        9.04091e-07
486        8.61644e-07
487        8.5125e-07
488        8.75703e-07
489        8.81488e-07
490        9.14943e-07
491        9.41574e-07
492        8.76267e-07
493        8.19547e-07
494        8.26414e-07
495        8.30733e-07
496        8.14303e-07
497        8.32947e-07
498        8.58432e-07
499        8.76624e-07
500        8.54759e-07
501        8.2105e-07
502        8.01411e-07
503        8.0166e-07
504        8.30713e-07
505        9.04677e-07
506        9.1497e-07
507        8.69059e-07
508        8.58134e-07
509        9.19458e-07
510        1.58023e-06
511        2.68138e-06
512        2.96041e-06
513        2.95793e-06
514        2.50011e-06
515        1.34903e-06
516        9.01791e-07
517        9.14932e-07
518        9.51081e-07
519        9.71966e-07
520        9.69173e-07
521        9.41425e-07
522        8.85017e-07
523        9.1113e-07
524        1.85447e-06
525        2.88045e-06
526        3.04501e-06
527        3.02322e-06
528        2.29313e-06
529        1.16915e-06
530        9.03143e-07
531        8.46202e-07
532        8.34867e-07
533        8.87199e-07
534        9.20579e-07
535        9.02622e-07
536        8.47808e-07
537        1.01318e-06
538        2.22071e-06
539        3.20976e-06
540        3.34081e-06
541        3.27596e-06
542        2.33029e-06
543        1.12415e-06
544        8.76831e-07
545        8.92902e-07
546        8.78838e-07
547        8.4784e-07
548        8.36544e-07
549        8.23583e-07
550        9.15491e-07
551        1.05665e-06
552        1.14297e-06
553        1.2277e-06
554        1.10201e-06
555        9.46485e-07
556        9.08605e-07
557        9.3959e-07
558        9.85028e-07
559        1.01175e-06
560        1.00479e-06
561        9.42081e-07
562        8.89234e-07
563        8.93618e-07
564        9.10495e-07
565        9.18897e-07
566        8.8706e-07
567        8.51886e-07
568        8.34821e-07
569        8.29291e-07
570        8.43502e-07
571        8.83469e-07
572        9.28036e-07
573        9.57172e-07
574        9.28908e-07
575        8.73981e-07
576        8.60623e-07
577        8.61637e-07
578        8.64213e-07
579        8.76619e-07
580        8.85505e-07
581        8.73636e-07
582        8.58102e-07
583        9.25188e-07
584        9.68868e-07
585        9.36025e-07
586        8.53299e-07
587        8.31277e-07
588        9.19848e-07
589        1.46726e-06
590        2.19026e-06
591        2.35746e-06
592        2.36177e-06
593        1.86853e-06
594        1.05319e-06
595        9.25645e-07
596        9.51883e-07
597        1.08883e-06
598        1.87635e-06
599        2.57368e-06
600        2.68467e-06
601        2.66728e-06
602        1.91774e-06
603        1.07096e-06
604        9.48278e-07
605        9.40314e-07
606        9.21203e-07
607        9.13175e-07
608        9.06936e-07
609        8.97367e-07
610        9.09703e-07
611        9.66348e-07
612        9.92512e-07
613        9.79016e-07
614        9.66594e-07
615        9.39901e-07
616        9.15632e-07
617        9.08422e-07
618        9.06677e-07
619        9.38918e-07
620        9.84462e-07
621        9.4819e-07
622        9.06226e-07
623        8.8814e-07
624        8.92799e-07
625        9.31471e-07
626        9.66242e-07
627        9.615e-07 
628        9.49696e-07
629        1.04913e-06
630        1.10688e-06
631        1.12281e-06
632        1.11706e-06
633        1.00448e-06
634        9.68862e-07
635        9.50482e-07
636        9.02001e-07
637        8.57219e-07
638        8.26356e-07
639        8.50829e-07
640        8.84846e-07
641        8.81687e-07
642        8.7289e-07
643        8.75403e-07
644        9.09711e-07
645        9.84708e-07
646        1.00405e-06
647        9.82716e-07
648        9.79021e-07
649        9.64274e-07
650        9.35528e-07
651        9.17724e-07
652        8.60924e-07
653        8.46728e-07
654        8.40289e-07
655        8.33858e-07
656        8.75572e-07
657        1.02784e-06
658        1.82685e-06
659        2.51154e-06
660        2.55232e-06
661        2.46482e-06
662        1.72923e-06
663        9.12344e-07
664        8.93945e-07
665        9.1888e-07
666        8.87106e-07
667        8.68862e-07
668        1.19315e-06
669        1.64957e-06
670        1.7266e-06
671        1.66958e-06
672        1.28366e-06
673        8.76938e-07
674        8.24294e-07
675        8.73175e-07
676        9.39563e-07
677        9.45629e-07
678        8.95865e-07
679        8.82855e-07
680        9.09808e-07
681        9.31159e-07
682        9.29836e-07
683        8.9775e-07
684        8.55181e-07
685        8.03113e-07
686        7.86511e-07
687        8.03872e-07
688        8.04776e-07
689        8.07093e-07
690        8.34408e-07
691        8.41688e-07
692        8.69295e-07
693        9.02458e-07
694        9.0475e-07
695        8.71823e-07
696        8.42173e-07
697        8.55977e-07
698        8.98793e-07
699        9.31662e-07
700        9.30256e-07
701        9.36458e-07
702        9.13341e-07
703        9.17417e-07
704        9.27134e-07
705        9.63442e-07
706        9.93147e-07
707        9.43626e-07
708        9.23354e-07
709        9.31495e-07
710        9.57552e-07
711        9.49908e-07
712        8.51025e-07
713        7.9239e-07
714        7.85345e-07
715        8.32645e-07
716        8.93281e-07
717        1.00983e-06
718        1.52117e-06
719        1.98641e-06
720        2.04095e-06
721        2.00868e-06
722        1.53425e-06
723        9.78007e-07
724        8.54312e-07
725        8.75364e-07
726        8.99393e-07
727        9.13776e-07
728        9.40918e-07
729        9.32658e-07
730        9.2718e-07
731        9.2237e-07
732        9.14756e-07
733        9.15372e-07
734        9.12941e-07
735        9.08201e-07
736        9.0637e-07
737        9.02369e-07
738        8.91185e-07
739        8.7857e-07
740        8.37787e-07
741        7.86477e-07
742        7.55814e-07
743        8.17003e-07
744        9.1232e-07
745        9.55921e-07
746        1.01766e-06
747        1.32024e-06
748        1.61066e-06
749        1.64309e-06
750        1.61587e-06
751        1.25722e-06
752        9.38431e-07
753        9.27726e-07
754        9.17386e-07
755        8.71594e-07
756        8.45818e-07
757        8.60088e-07
758        8.67102e-07
759        8.55687e-07
760        8.81318e-07
761        8.89947e-07
762        9.07822e-07
763        9.41807e-07
764        9.78478e-07
765        9.87785e-07
766        9.77372e-07
767        9.28508e-07
768        8.75026e-07
769        8.50752e-07
770        8.76571e-07
771        8.908e-07 
772        8.70829e-07
773        8.73558e-07
774        8.6801e-07
775        8.52094e-07
776        8.55601e-07
777        8.98254e-07
778        1.40591e-06
779        1.89537e-06
780        2.01265e-06
781        2.0369e-06
782        1.54507e-06
783        9.90968e-07
784        8.88216e-07
785        8.90237e-07
786        9.30717e-07
787        9.69807e-07
788        9.68879e-07
789        1.00276e-06
790        9.96942e-07
791        9.07546e-07
792        8.79816e-07
793        8.89316e-07
794        9.03497e-07
795        9.11856e-07
796        8.93374e-07
797        8.79013e-07
798        9.28808e-07
799        9.81249e-07
800        9.57961e-07
801        9.35982e-07
802        9.40406e-07
803        9.34976e-07
804        9.58662e-07
805        9.79829e-07
806        9.57774e-07
807        9.44194e-07
808        8.84292e-07
809        8.32738e-07
810        8.2064e-07
811        8.2081e-07
812        8.15514e-07
813        8.35747e-07
814        8.60488e-07
815        8.58822e-07
816        8.55514e-07
817        8.15965e-07
818        7.8422e-07
819        8.214e-07 
820        8.72528e-07
821        8.7895e-07
822        8.25502e-07
823        7.59782e-07
824        7.76159e-07
825        9.38395e-07
826        1.35976e-06
827        1.63486e-06
828        1.66568e-06
829        1.6252e-06
830        1.24445e-06
831        9.27133e-07
832        9.13407e-07
833        9.13252e-07
834        8.61003e-07
835        8.1448e-07
836        7.7761e-07
837        8.48266e-07
838        1.31967e-06
839        1.74138e-06
840        1.78108e-06
841        1.71173e-06
842        1.31646e-06
843        9.39184e-07
844        8.85355e-07
845        8.7705e-07
846        8.62225e-07
847        8.57692e-07
848        8.94322e-07
849        9.25847e-07
850        9.08719e-07
851        9.38292e-07
852        9.41804e-07
853        8.78833e-07
854        8.05591e-07
855        7.81556e-07
856        8.1115e-07
857        8.3684e-07
858        8.85041e-07
859        9.29295e-07
860        9.37188e-07
861        9.13647e-07
862        8.62819e-07
863        8.17123e-07
864        7.91197e-07
865        8.25946e-07
866        9.37173e-07
867        9.84662e-07
868        9.91234e-07
869        9.19468e-07
870        8.47575e-07
871        8.52145e-07
872        8.36304e-07
873        8.38131e-07
874        8.44452e-07
875        8.14783e-07
876        7.97966e-07
877        8.01906e-07
878        8.39642e-07
879        9.05484e-07
880        9.26915e-07
881        8.52644e-07
882        7.99571e-07
883        7.7159e-07
884        7.61556e-07
885        7.84136e-07
886        8.47873e-07
887        8.77603e-07
888        8.53408e-07
889        8.2607e-07
890        8.40085e-07
891        8.75174e-07
892        8.93068e-07
893        8.98269e-07
894        8.79719e-07
895        8.7552e-07
896        9.07792e-07
897        9.5198e-07
898        1.12566e-06
899        1.31376e-06
900        1.31581e-06
901        1.29672e-06
902        1.20112e-06
903        1.32646e-06
904        1.50263e-06
905        1.81188e-06
906        1.81643e-06
907        1.59473e-06
908        1.44934e-06
909        1.04747e-06
910        8.31453e-07
911        8.44192e-07
912        8.37124e-07
913        8.1961e-07
914        7.94934e-07
915        7.86505e-07
916        8.02965e-07
917        8.12854e-07
918        8.16281e-07
919        8.2689e-07
920        8.54493e-07
921        8.66119e-07
922        8.39693e-07
923        8.5332e-07
924        9.30162e-07
925        9.43559e-07
926        9.04539e-07
927        8.59015e-07
928        8.13718e-07
929        8.63438e-07
930        9.30778e-07
931        9.18847e-07
932        8.85216e-07
933        8.78128e-07
934        8.72875e-07
935        8.91616e-07
936        8.60796e-07
937        8.2366e-07
938        8.29397e-07
939        8.60708e-07
940        8.79036e-07
941        8.89053e-07
942        8.87067e-07
943        8.80106e-07
944        9.39247e-07
945        1.04938e-06
946        1.06862e-06
947        1.04239e-06
948        9.85276e-07
949        9.22181e-07
950        8.84373e-07
951        8.46125e-07
952        8.03008e-07
953        8.14496e-07
954        8.08888e-07
955        7.90056e-07
956        8.36001e-07
957        9.00968e-07
958        9.60032e-07
959        9.94273e-07
960        9.82132e-07
961        9.7281e-07
962        9.20093e-07
963        9.07091e-07
964        9.7047e-07
965        1.01295e-06
966        9.78927e-07
967        9.05562e-07
968        8.86282e-07
969        8.7725e-07
970        9.16692e-07
971        9.35448e-07
972        8.8602e-07
973        8.51465e-07
974        8.5909e-07
975        8.88417e-07
976        9.00877e-07
977        9.07784e-07
978        9.17321e-07
979        9.05723e-07
980        8.84437e-07
981        8.62734e-07
982        8.33536e-07
983        9.98134e-07
984        1.43039e-06
985        1.57676e-06
986        1.60929e-06
987        1.46463e-06
988        1.03724e-06
989        8.83169e-07
990        9.0523e-07
991        9.36459e-07
992        9.18025e-07
993        8.62621e-07
994        8.24325e-07
995        8.17771e-07
996        8.41339e-07
997        8.64972e-07
998        8.88053e-07
999        9.51853e-07
1000       9.52974e-07
1001       9.08216e-07
1002       8.06672e-07
1003       7.4911e-07
1004       7.62468e-07
1005       7.48335e-07
1006       7.30828e-07
1007       7.66043e-07
1008       8.35162e-07
1009       9.08891e-07
1010       9.21967e-07
1011       8.64076e-07
1012       8.64871e-07
1013       9.15377e-07
1014       9.08352e-07
1015       8.49256e-07
1016       8.14025e-07
1017       8.45315e-07
1018       9.02705e-07
1019       9.48219e-07
1020       9.52949e-07
1021       9.54703e-07
1022       9.38895e-07
1023       9.32866e-07
1024       9.32359e-07
1025       9.1134e-07
1026       8.72079e-07
1027       8.57655e-07
1028       8.85491e-07
1029       8.89117e-07
1030       9.14438e-07
1031       9.50346e-07
1032       9.63421e-07
1033       9.17069e-07
1034       8.94916e-07
1035       8.75104e-07
1036       8.19447e-07
1037       8.18379e-07
1038       8.13423e-07
1039       8.31499e-07
1040       8.91529e-07
1041       9.37781e-07
1042       9.45237e-07
1043       8.92182e-07
1044       8.51166e-07
1045       8.29899e-07
1046       8.31919e-07
1047       8.58081e-07
1048       8.44565e-07
1049       8.47338e-07
1050       8.73929e-07
1051       8.91039e-07
1052       8.75307e-07
1053       8.49223e-07
1054       8.43528e-07
1055       8.84486e-07
1056       9.41024e-07
1057       9.29858e-07
1058       8.80737e-07
1059       8.46015e-07
1060       8.56056e-07
1061       9.67531e-07
1062       1.33095e-06
1063       1.7196e-06
1064       1.7372e-06
1065       1.64935e-06
1066       1.36531e-06
1067       9.64267e-07
1068       8.5603e-07
1069       8.32478e-07
1070       8.36066e-07
1071       8.72749e-07
1072       8.76099e-07
1073       8.43009e-07
1074       8.45289e-07
1075       8.95574e-07
1076       9.43679e-07
1077       9.20321e-07
1078       9.07827e-07
1079       9.4117e-07
1080       9.36964e-07
1081       9.2959e-07
1082       8.82445e-07
1083       8.19032e-07
1084       7.98435e-07
1085       8.03876e-07
1086       8.5002e-07
1087       8.59706e-07
1088       8.24289e-07
1089       8.22085e-07
1090       7.91245e-07
1091       7.8866e-07
1092       8.20152e-07
1093       8.15772e-07
1094       8.05388e-07
1095       7.96143e-07
1096       8.14351e-07
1097       8.4914e-07
1098       8.71744e-07
1099       8.6717e-07
1100       8.54741e-07
1101       8.55243e-07
1102       8.70605e-07
1103       8.71326e-07
1104       8.87157e-07
1105       8.88174e-07
1106       8.57267e-07
1107       8.27282e-07
1108       7.9488e-07
1109       7.51243e-07
1110       7.17214e-07
1111       7.37464e-07
1112       7.51987e-07
1113       7.68449e-07
1114       8.0395e-07
1115       8.25454e-07
1116       8.28061e-07
1117       8.40705e-07
1118       8.45399e-07
1119       8.28512e-07
1120       7.87129e-07
1121       7.67448e-07
1122       7.77234e-07
1123       8.03248e-07
1124       8.44602e-07
1125       8.4765e-07
1126       8.85403e-07
1127       9.19314e-07
1128       8.97793e-07
1129       8.82596e-07
1130       8.9013e-07
1131       8.88318e-07
1132       8.88244e-07
1133       9.53359e-07
1134       1.01214e-06
1135       1.0725e-06
1136       1.08053e-06
1137       9.84675e-07
1138       9.66082e-07
1139       9.82886e-07
1140       9.70977e-07
1141       1.18711e-06
1142       1.4655e-06
1143       1.49559e-06
1144       1.52058e-06
1145       1.27843e-06
1146       9.75035e-07
1147       9.55032e-07
1148       9.53414e-07
1149       9.41867e-07
1150       9.38848e-07
1151       9.26796e-07
1152       9.25051e-07
1153       9.29037e-07
1154       9.57526e-07
1155       9.67374e-07
1156       9.41166e-07
1157       8.75557e-07
1158       8.23922e-07
1159       8.30381e-07
1160       8.46216e-07
1161       9.07943e-07
1162       9.71509e-07
1163       1.03465e-06
1164       1.05562e-06
1165       1.01255e-06
1166       9.15842e-07
1167       8.51706e-07
1168       8.4409e-07
1169       8.4572e-07
1170       8.49125e-07
1171       8.52563e-07
1172       8.49798e-07
1173       8.50501e-07
1174       8.73241e-07
1175       8.83278e-07
1176       8.70635e-07
1177       8.5738e-07
1178       8.27379e-07
1179       8.22986e-07
1180       8.77575e-07
1181       9.93002e-07
1182       1.02592e-06
1183       1.04024e-06
1184       1.04853e-06
1185       9.28961e-07
1186       8.32613e-07
1187       7.78485e-07
1188       8.23665e-07
1189       9.02559e-07
1190       9.32112e-07
1191       9.59274e-07
1192       9.8438e-07
1193       9.52933e-07
1194       9.06701e-07
1195       8.78481e-07
1196       8.40395e-07
1197       8.19766e-07
1198       9.42461e-07
1199       1.08684e-06
1200       1.14039e-06
1201       1.1597e-06
1202       1.05642e-06
1203       9.67125e-07
1204       9.44399e-07
1205       9.14388e-07
1206       8.47787e-07
1207       8.01233e-07
1208       7.8024e-07
1209       8.06437e-07
1210       8.4446e-07
1211       8.52603e-07
1212       8.50711e-07
1213       8.48427e-07
1214       8.32437e-07
1215       8.36586e-07
1216       8.61956e-07
1217       9.01486e-07
1218       8.76146e-07
1219       8.76858e-07
1220       1.27219e-06
1221       1.63263e-06
1222       1.66919e-06
1223       1.60727e-06
1224       1.24568e-06
1225       9.39888e-07
1226       9.10301e-07
1227       8.89015e-07
1228       8.22221e-07
1229       7.9543e-07
1230       8.39726e-07
1231       8.8635e-07
1232       9.00585e-07
1233       9.15981e-07
1234       9.31933e-07
1235       9.62011e-07
1236       9.73048e-07
1237       9.56461e-07
1238       9.3689e-07
1239       9.46964e-07
1240       9.52962e-07
1241       9.52494e-07
1242       8.99278e-07
1243       8.14617e-07
1244       8.40476e-07
1245       8.65275e-07
1246       8.45961e-07
1247       8.371e-07 
1248       8.58324e-07
1249       8.78083e-07
1250       9.13825e-07
1251       9.94839e-07
1252       1.0035e-06
1253       9.73035e-07
1254       9.26796e-07
1255       8.72843e-07
1256       8.31226e-07
1257       7.99831e-07
1258       9.31667e-07
1259       1.12653e-06
1260       1.24542e-06
1261       1.30162e-06
1262       1.20566e-06
1263       1.06712e-06
1264       9.53311e-07
1265       9.10153e-07
1266       8.93349e-07
1267       8.62947e-07
1268       8.26997e-07
1269       8.30658e-07
1270       8.22603e-07
1271       8.16829e-07
1272       8.26373e-07
1273       8.15814e-07
1274       8.14589e-07
1275       8.06289e-07
1276       8.50555e-07
1277       9.27046e-07
1278       9.54148e-07
1279       9.28989e-07
1280       8.56546e-07
1281       8.01559e-07
1282       8.20293e-07
1283       8.61903e-07
1284       8.60178e-07
1285       8.36848e-07
1286       8.39422e-07
1287       8.24881e-07
1288       8.339e-07 
1289       8.74471e-07
1290       9.20366e-07
1291       9.55298e-07
1292       9.81271e-07
1293       1.00332e-06
1294       9.83384e-07
1295       9.54672e-07
1296       9.42929e-07
1297       9.45073e-07
1298       9.61305e-07
1299       1.17626e-06
1300       1.32176e-06
1301       1.30029e-06
1302       1.22144e-06
1303       9.31478e-07
1304       8.13655e-07
1305       8.28861e-07
1306       8.27607e-07
1307       8.24348e-07
1308       7.94766e-07
1309       7.87213e-07
1310       7.97901e-07
1311       8.31715e-07
1312       9.05728e-07
1313       9.24694e-07
1314       8.82916e-07
1315       8.54485e-07
1316       8.48176e-07
1317       8.94588e-07
1318       1.02435e-06
1319       1.13003e-06
1320       1.11838e-06
1321       1.05408e-06
1322       9.2324e-07
1323       8.74086e-07
1324       9.27524e-07
1325       9.63798e-07
1326       9.42482e-07
1327       9.10291e-07
1328       8.98211e-07
1329       8.61703e-07
1330       8.28497e-07
1331       8.25203e-07
1332       8.13936e-07
1333       8.10743e-07
1334       7.84019e-07
1335       7.58926e-07
1336       7.89407e-07
1337       8.04574e-07
1338       8.71162e-07
1339       9.78108e-07
1340       1.00459e-06
1341       1.00495e-06
1342       9.13906e-07
1343       8.58934e-07
1344       9.10524e-07
1345       9.36389e-07
1346       9.33055e-07
1347       9.30549e-07
1348       9.19822e-07
1349       8.96533e-07
1350       8.70494e-07
1351       8.45024e-07
1352       8.23994e-07
1353       8.15314e-07
1354       8.22138e-07
1355       8.2292e-07
1356       8.26688e-07
1357       8.69819e-07
1358       9.22824e-07
1359       9.22593e-07
1360       9.03658e-07
1361       9.09917e-07
1362       8.91867e-07
1363       8.28432e-07
1364       8.12845e-07
1365       8.52573e-07
1366       8.84216e-07
1367       8.96698e-07
1368       8.58548e-07
1369       8.45087e-07
1370       8.37755e-07
1371       8.11691e-07
1372       7.81652e-07
1373       7.87247e-07
1374       7.97018e-07
1375       7.99069e-07
1376       8.21526e-07
1377       9.43111e-07
1378       1.35525e-06
1379       1.62356e-06
1380       1.59459e-06
1381       1.46767e-06
1382       1.07255e-06
1383       8.68569e-07
1384       9.07937e-07
1385       8.96522e-07
1386       8.62678e-07
1387       8.17953e-07
1388       8.12977e-07
1389       8.5334e-07
1390       8.37696e-07
1391       7.86258e-07
1392       7.60016e-07
1393       8.00573e-07
1394       8.60112e-07
1395       8.86886e-07
1396       9.28929e-07
1397       9.48927e-07
1398       9.33436e-07
1399       8.66205e-07
1400       8.12472e-07
1401       7.91784e-07
1402       7.8959e-07
1403       8.31101e-07
1404       8.61823e-07
1405       9.00165e-07
1406       9.51389e-07
1407       9.74011e-07
1408       9.52739e-07
1409       8.82479e-07
1410       8.23036e-07
1411       7.77023e-07
1412       7.44525e-07
1413       7.5372e-07
1414       7.9452e-07
1415       8.54311e-07
1416       8.59119e-07
1417       8.84527e-07
1418       9.38613e-07
1419       9.18614e-07
1420       9.15084e-07
1421       8.46709e-07
1422       8.09672e-07
1423       8.26867e-07
1424       8.8099e-07
1425       9.42803e-07
1426       9.46434e-07
1427       9.11747e-07
1428       8.61299e-07
1429       8.00634e-07
1430       7.90844e-07
1431       8.33151e-07
1432       8.72158e-07
1433       9.05544e-07
1434       9.1156e-07
1435       8.98313e-07
1436       8.82682e-07
1437       8.95146e-07
1438       1.07775e-06
1439       1.28394e-06
1440       1.34533e-06
1441       1.30657e-06
1442       1.0247e-06
1443       7.833e-07 
1444       7.92576e-07
1445       8.2022e-07
1446       8.49503e-07
1447       8.52736e-07
1448       8.4842e-07
1449       8.60085e-07
1450       8.51646e-07
1451       8.2369e-07
1452       8.15126e-07
1453       8.22429e-07
1454       8.36719e-07
1455       8.52587e-07
1456       8.47564e-07
1457       9.05939e-07
1458       9.4418e-07
1459       9.51716e-07
1460       9.52148e-07
1461       9.30189e-07
1462       9.28867e-07
1463       9.34285e-07
1464       9.1513e-07
1465       8.72589e-07
1466       8.23295e-07
1467       8.18143e-07
1468       8.60714e-07
1469       8.83558e-07
1470       8.67703e-07
1471       8.40942e-07
1472       8.28553e-07
1473       8.39117e-07
1474       8.63402e-07
1475       8.54002e-07
1476       8.36041e-07
1477       8.44562e-07
1478       8.83935e-07
1479       9.28087e-07
1480       9.11301e-07
1481       8.4908e-07
1482       7.94192e-07
1483       8.13568e-07
1484       8.77946e-07
1485       8.92602e-07
1486       8.7296e-07
1487       8.74616e-07
1488       9.01611e-07
1489       9.34875e-07
1490       9.37361e-07
1491       9.02248e-07
1492       8.43642e-07
1493       8.36672e-07
1494       8.7957e-07
1495       9.29757e-07
1496       9.95029e-07
1497       1.08693e-06
1498       1.31818e-06
1499       1.54323e-06
1500       1.48637e-06
1501       1.36809e-06
1502       1.1248e-06
1503       9.24235e-07
1504       8.70859e-07
1505       8.32439e-07
1506       8.13791e-07
1507       8.22836e-07
1508       8.90537e-07
1509       9.72326e-07
1510       1.00756e-06
1511       9.86e-07  
1512       9.21694e-07
1513       8.35393e-07
1514       7.41362e-07
1515       7.27038e-07
1516       7.55786e-07
1517       7.8994e-07
1518       8.27012e-07
1519       8.5238e-07
1520       8.68207e-07
1521       8.57947e-07
1522       8.2496e-07
1523       8.04871e-07
1524       8.17601e-07
1525       8.27163e-07
1526       8.16989e-07
1527       7.85487e-07
1528       7.92332e-07
1529       8.56011e-07
1530       9.03271e-07
1531       9.3941e-07
1532       9.29918e-07
1533       8.43645e-07
1534       8.08862e-07
1535       8.47444e-07
1536       8.92842e-07
1537       9.09697e-07
1538       9.11585e-07
1539       9.02974e-07
1540       8.7122e-07
1541       8.38706e-07
1542       8.27783e-07
1543       8.68878e-07
1544       8.84358e-07
1545       8.53674e-07
1546       8.24491e-07
1547       8.29252e-07
1548       8.48181e-07
1549       8.53318e-07
1550       8.70205e-07
1551       9.21704e-07
1552       9.43824e-07
1553       9.26726e-07
1554       9.2489e-07
1555       9.22439e-07
1556       9.01192e-07
1557       9.56405e-07
1558       1.23791e-06
1559       1.49191e-06
1560       1.48753e-06
1561       1.41022e-06
1562       1.10441e-06
1563       8.40323e-07
1564       8.28293e-07
1565       8.72177e-07
1566       9.10253e-07
1567       8.83795e-07
1568       8.69682e-07
1569       8.69591e-07
1570       8.72555e-07
1571       8.65672e-07
1572       8.72227e-07
1573       8.78454e-07
1574       8.89619e-07
1575       9.50571e-07
1576       1.0137e-06
1577       1.04125e-06
1578       1.06338e-06
1579       1.01931e-06
1580       9.74747e-07
1581       9.17178e-07
1582       8.54098e-07
1583       8.12283e-07
1584       7.8085e-07
1585       7.95691e-07
1586       8.02366e-07
1587       7.77192e-07
1588       7.61278e-07
1589       7.55265e-07
1590       7.80934e-07
1591       8.60403e-07
1592       9.36569e-07
1593       9.37498e-07
1594       9.10171e-07
1595       8.5604e-07
1596       8.21303e-07
1597       7.80896e-07
1598       7.69057e-07
1599       8.24611e-07
1600       8.70046e-07
