# Freq.    Mag.
0          1.17278e-05
64         1.20711e-05
128        1.28446e-05
192        1.31585e-05
256        1.33102e-05
320        1.36512e-05
384        1.36501e-05
448        1.33585e-05
512        1.25944e-05
576        1.19671e-05
640        1.20839e-05
704        1.22785e-05
768        1.1845e-05
832        1.14156e-05
896        1.11652e-05
960        1.13892e-05
1024       1.18226e-05
1088       1.17012e-05
1152       1.11165e-05
1216       1.04991e-05
1280       1.02662e-05
1344       1.00221e-05
1408       9.78398e-06
1472       9.74857e-06
1536       9.7067e-06
1600       9.57322e-06
1664       9.35269e-06
1728       9.10653e-06
1792       8.85536e-06
1856       8.6825e-06
1920       8.28331e-06
1984       7.87957e-06
2048       7.5866e-06
2112       7.45052e-06
2176       7.5546e-06
2240       7.70142e-06
2304       7.51098e-06
2368       7.18924e-06
2432       6.97742e-06
2496       7.0608e-06
2560       7.34009e-06
2624       7.20707e-06
2688       6.85303e-06
2752       6.62428e-06
2816       6.41036e-06
2880       6.21546e-06
2944       6.13783e-06
3008       5.92759e-06
3072       5.63537e-06
3136       5.4317e-06
3200       5.36284e-06
3264       5.38784e-06
3328       5.48942e-06
3392       5.38835e-06
3456       5.21229e-06
3520       4.95985e-06
3584       4.72072e-06
3648       4.4742e-06
3712       4.30584e-06
3776       4.44531e-06
3840       4.6983e-06
3904       4.86796e-06
3968       4.91528e-06
4032       4.739e-06 
4096       4.50959e-06
4160       4.36755e-06
4224       4.45786e-06
4288       4.54896e-06
4352       4.43728e-06
4416       4.25702e-06
4480       4.07267e-06
4544       3.94058e-06
4608       3.74551e-06
4672       3.56789e-06
4736       3.53341e-06
4800       3.48677e-06
4864       3.47966e-06
4928       3.44804e-06
4992       3.20937e-06
5056       2.96371e-06
5120       2.89272e-06
5184       2.99147e-06
5248       3.07217e-06
5312       3.19923e-06
5376       3.25236e-06
5440       3.22133e-06
5504       3.13376e-06
5568       2.94561e-06
5632       2.87728e-06
5696       2.83223e-06
5760       2.91026e-06
5824       2.9972e-06
5888       2.98436e-06
5952       2.93708e-06
6016       2.81777e-06
6080       2.73297e-06
6144       2.69349e-06
6208       2.54204e-06
6272       2.44779e-06
6336       2.50964e-06
6400       2.58788e-06
6464       2.59658e-06
6528       2.47274e-06
6592       2.30782e-06
6656       2.2348e-06
6720       2.26567e-06
6784       2.22952e-06
6848       2.15295e-06
6912       2.13712e-06
6976       2.19941e-06
7040       2.27331e-06
7104       2.31222e-06
7168       2.30108e-06
7232       2.29417e-06
7296       2.28762e-06
7360       2.31745e-06
7424       2.30956e-06
7488       2.21147e-06
7552       2.08043e-06
7616       1.96858e-06
7680       1.95411e-06
7744       1.98044e-06
7808       1.95839e-06
7872       1.89532e-06
7936       1.88694e-06
8000       1.88912e-06
8064       1.89548e-06
8128       1.91061e-06
8192       1.90927e-06
8256       1.85661e-06
8320       1.76311e-06
8384       1.70815e-06
8448       1.74e-06  
8512       1.78135e-06
8576       1.76183e-06
8640       1.76307e-06
8704       1.79218e-06
8768       1.81983e-06
8832       1.79226e-06
8896       1.76993e-06
8960       1.7013e-06
9024       1.59315e-06
9088       1.60321e-06
9152       1.70071e-06
9216       1.7519e-06
9280       1.71913e-06
9344       1.65788e-06
9408       1.6361e-06
9472       1.65757e-06
9536       1.64929e-06
9600       1.65872e-06
9664       1.63356e-06
9728       1.56445e-06
9792       1.53938e-06
9856       1.56531e-06
9920       1.57547e-06
9984       1.53647e-06
10048      1.51684e-06
10112      1.54753e-06
10176      1.56903e-06
10240      1.62151e-06
10304      1.64669e-06
10368      1.59978e-06
10432      1.51794e-06
10496      1.45411e-06
10560      1.43872e-06
10624      1.46371e-06
10688      1.45519e-06
10752      1.42208e-06
10816      1.44562e-06
10880      1.43494e-06
10944      1.42097e-06
11008      1.40211e-06
11072      1.38626e-06
11136      1.3829e-06
11200      1.34142e-06
11264      1.3267e-06
11328      1.3915e-06
11392      1.44481e-06
11456      1.45321e-06
11520      1.37965e-06
11584      1.31236e-06
11648      1.289e-06 
11712      1.28126e-06
11776      1.27392e-06
11840      1.27446e-06
11904      1.30548e-06
11968      1.31348e-06
12032      1.31264e-06
12096      1.30743e-06
12160      1.29744e-06
12224      1.32587e-06
12288      1.35801e-06
12352      1.33246e-06
12416      1.28602e-06
12480      1.25837e-06
12544      1.24491e-06
12608      1.21923e-06
12672      1.20989e-06
12736      1.26429e-06
12800      1.29222e-06
12864      1.26267e-06
12928      1.24915e-06
12992      1.22905e-06
13056      1.20281e-06
13120      1.16247e-06
13184      1.1437e-06
13248      1.15439e-06
13312      1.13275e-06
13376      1.11806e-06
13440      1.10261e-06
13504      1.13064e-06
13568      1.17433e-06
13632      1.19931e-06
13696      1.16747e-06
13760      1.15781e-06
13824      1.17165e-06
13888      1.14764e-06
13952      1.12742e-06
14016      1.12587e-06
14080      1.12599e-06
14144      1.08481e-06
14208      1.04786e-06
14272      1.02935e-06
14336      1.01288e-06
14400      1.04683e-06
14464      1.06293e-06
14528      1.0429e-06
14592      1.02069e-06
14656      1.00703e-06
14720      1.01585e-06
14784      1.02947e-06
14848      1.05963e-06
14912      1.04736e-06
14976      1.0167e-06
15040      1.02218e-06
15104      1.05029e-06
15168      1.03641e-06
15232      9.81787e-07
15296      9.43211e-07
15360      9.68699e-07
15424      1.0122e-06
15488      9.93417e-07
15552      9.64913e-07
15616      1.00919e-06
15680      1.04971e-06
15744      1.0593e-06
15808      1.059e-06 
15872      1.02154e-06
15936      9.74471e-07
16000      9.81059e-07
16064      1.04273e-06
16128      1.09334e-06
16192      1.11188e-06
16256      1.07469e-06
16320      1.02063e-06
16384      9.83128e-07
16448      9.64215e-07
16512      9.66322e-07
16576      9.61641e-07
16640      9.54115e-07
16704      9.5261e-07
16768      9.57067e-07
16832      1.00102e-06
16896      1.0637e-06
16960      1.08599e-06
17024      1.07721e-06
17088      1.01639e-06
17152      9.51526e-07
17216      9.28488e-07
17280      9.51971e-07
17344      9.66694e-07
17408      9.62693e-07
17472      9.40002e-07
17536      9.29469e-07
17600      9.36465e-07
17664      9.42817e-07
17728      9.57071e-07
17792      9.86816e-07
17856      1.00843e-06
17920      9.93492e-07
17984      9.70246e-07
18048      9.39528e-07
18112      9.45134e-07
18176      9.32807e-07
18240      9.0866e-07
18304      9.16605e-07
18368      9.31765e-07
18432      9.32779e-07
18496      9.372e-07 
18560      9.11748e-07
18624      8.80283e-07
18688      8.87351e-07
18752      8.70664e-07
18816      8.57925e-07
18880      8.75847e-07
18944      8.74814e-07
19008      8.69562e-07
19072      8.81341e-07
19136      8.69103e-07
19200      8.35043e-07
19264      8.54748e-07
19328      8.88722e-07
19392      8.96172e-07
19456      8.76068e-07
19520      8.55401e-07
19584      8.64324e-07
19648      8.80338e-07
19712      8.85172e-07
19776      9.04662e-07
19840      9.04578e-07
19904      8.80583e-07
19968      8.57479e-07
20032      8.28691e-07
20096      7.96446e-07
20160      8.10886e-07
20224      8.59746e-07
20288      8.76153e-07
20352      8.55968e-07
20416      8.60725e-07
20480      9.01959e-07
20544      9.26751e-07
20608      9.08994e-07
20672      8.86318e-07
20736      8.97355e-07
20800      9.18679e-07
20864      9.21042e-07
20928      8.89379e-07
20992      8.61494e-07
21056      8.6801e-07
21120      9.05233e-07
21184      9.19797e-07
21248      9.08867e-07
21312      8.96839e-07
21376      8.99405e-07
21440      8.9925e-07
21504      8.78217e-07
21568      8.38455e-07
21632      7.82417e-07
21696      7.54439e-07
21760      7.75601e-07
21824      7.89504e-07
21888      7.96351e-07
21952      8.20853e-07
22016      8.51122e-07
22080      8.58971e-07
22144      8.33031e-07
22208      8.18095e-07
22272      8.4366e-07
22336      8.85513e-07
22400      8.81243e-07
22464      8.51431e-07
22528      8.29044e-07
22592      8.09656e-07
22656      7.9249e-07
22720      7.97599e-07
22784      8.09428e-07
22848      8.07225e-07
22912      8.12095e-07
22976      8.00874e-07
23040      7.71573e-07
23104      7.7251e-07
23168      7.95808e-07
23232      8.0721e-07
23296      8.03474e-07
23360      8.13745e-07
23424      8.12962e-07
23488      8.08939e-07
23552      7.88553e-07
23616      7.38096e-07
23680      7.30427e-07
23744      7.60569e-07
23808      7.81936e-07
23872      7.63569e-07
23936      7.38594e-07
24000      7.29059e-07
24064      7.27721e-07
24128      7.54201e-07
24192      7.89124e-07
24256      8.19438e-07
24320      8.2722e-07
24384      8.07866e-07
24448      7.82137e-07
24512      7.63564e-07
24576      7.40438e-07
24640      7.40935e-07
24704      7.55019e-07
24768      7.61569e-07
24832      7.41641e-07
24896      7.33427e-07
24960      7.34342e-07
25024      7.21815e-07
25088      7.17221e-07
25152      7.11363e-07
25216      7.13434e-07
25280      7.29571e-07
25344      7.54354e-07
25408      7.64662e-07
25472      7.76838e-07
25536      7.91405e-07
25600      7.9281e-07
25664      7.73842e-07
25728      7.57583e-07
25792      7.66813e-07
25856      7.93207e-07
25920      8.05413e-07
25984      7.86152e-07
26048      7.25128e-07
26112      6.51423e-07
26176      6.39457e-07
26240      7.01833e-07
26304      7.23757e-07
26368      7.26415e-07
26432      7.46529e-07
26496      7.78671e-07
26560      8.04265e-07
26624      8.32791e-07
26688      8.36902e-07
26752      8.20488e-07
26816      8.0021e-07
26880      7.78204e-07
26944      7.7645e-07
27008      7.76719e-07
27072      8.05864e-07
27136      8.42378e-07
27200      8.58716e-07
27264      8.49638e-07
27328      8.73076e-07
27392      8.96756e-07
27456      8.68219e-07
27520      8.23428e-07
27584      8.09004e-07
27648      8.13223e-07
27712      8.19666e-07
27776      8.14e-07  
27840      8.00409e-07
27904      7.91723e-07
27968      8.02666e-07
28032      8.26152e-07
28096      8.19916e-07
28160      8.14106e-07
28224      8.18713e-07
28288      7.92963e-07
28352      7.74332e-07
28416      7.59414e-07
28480      7.61628e-07
28544      7.99152e-07
28608      8.34625e-07
28672      8.21126e-07
28736      7.8772e-07
28800      7.96835e-07
28864      8.11459e-07
28928      7.80244e-07
28992      7.25004e-07
29056      7.05861e-07
29120      7.20876e-07
29184      7.46885e-07
29248      7.46227e-07
29312      7.10146e-07
29376      6.78942e-07
29440      6.82981e-07
29504      7.26881e-07
29568      7.40472e-07
29632      7.2257e-07
29696      6.96134e-07
29760      6.71192e-07
29824      6.75838e-07
29888      6.77091e-07
29952      6.71234e-07
30016      6.82397e-07
30080      6.89786e-07
30144      7.06902e-07
30208      7.22948e-07
30272      7.06785e-07
30336      6.87232e-07
30400      6.79886e-07
30464      6.72098e-07
30528      6.69854e-07
30592      6.70656e-07
30656      6.97414e-07
30720      7.38498e-07
30784      7.54472e-07
30848      7.57081e-07
30912      7.51659e-07
30976      7.25169e-07
31040      6.92743e-07
31104      6.83859e-07
31168      6.97935e-07
31232      7.1152e-07
31296      7.33324e-07
31360      7.66227e-07
31424      7.73994e-07
31488      7.28661e-07
31552      6.81388e-07
31616      6.74262e-07
31680      7.05957e-07
31744      8.36031e-07
31808      1.13003e-06
31872      1.36597e-06
31936      1.39621e-06
32000      1.28465e-06
32064      1.02231e-06
32128      8.04678e-07
32192      7.78459e-07
32256      7.71148e-07
32320      7.20583e-07
32384      6.85463e-07
32448      6.84201e-07
32512      7.00769e-07
32576      7.13903e-07
32640      7.08976e-07
32704      7.0081e-07
32768      6.76917e-07
32832      6.38945e-07
32896      6.37732e-07
32960      6.70841e-07
33024      7.00044e-07
33088      7.00612e-07
33152      6.853e-07 
33216      6.72189e-07
33280      6.7936e-07
33344      6.82362e-07
33408      6.59865e-07
33472      6.2443e-07
33536      6.09681e-07
33600      6.26588e-07
33664      6.43866e-07
33728      6.57871e-07
33792      6.72437e-07
33856      6.80344e-07
33920      6.86346e-07
33984      6.85274e-07
34048      6.65018e-07
34112      6.3858e-07
34176      6.42136e-07
34240      6.71407e-07
34304      6.85957e-07
34368      7.05073e-07
34432      6.98913e-07
34496      6.71922e-07
34560      6.67796e-07
34624      6.66074e-07
34688      6.62965e-07
34752      6.55128e-07
34816      6.4334e-07
34880      6.53237e-07
34944      6.54107e-07
35008      6.38942e-07
35072      6.47656e-07
35136      6.59853e-07
35200      6.65505e-07
35264      6.6652e-07
35328      6.76824e-07
35392      6.86624e-07
35456      6.97474e-07
35520      7.19625e-07
35584      7.40228e-07
35648      7.30271e-07
35712      7.14604e-07
35776      7.31296e-07
35840      7.53915e-07
35904      7.80416e-07
35968      8.01582e-07
36032      7.94963e-07
36096      7.70253e-07
36160      7.37927e-07
36224      7.29845e-07
36288      7.30483e-07
36352      7.2961e-07
36416      7.24884e-07
36480      7.17705e-07
36544      7.44773e-07
36608      7.88412e-07
36672      7.88657e-07
36736      7.57435e-07
36800      7.37153e-07
36864      7.27505e-07
36928      7.19202e-07
36992      6.952e-07 
37056      6.85862e-07
37120      6.79843e-07
37184      6.65989e-07
37248      6.71643e-07
37312      6.68759e-07
37376      6.78416e-07
37440      6.88547e-07
37504      6.83272e-07
37568      6.73958e-07
37632      6.56483e-07
37696      6.4005e-07
37760      6.32423e-07
37824      6.40002e-07
37888      6.48223e-07
37952      6.37668e-07
38016      6.02433e-07
38080      5.76925e-07
38144      5.82873e-07
38208      5.78119e-07
38272      5.96325e-07
38336      6.36265e-07
38400      6.72431e-07
38464      6.72445e-07
38528      6.54897e-07
38592      6.65618e-07
38656      6.74203e-07
38720      6.50069e-07
38784      6.14462e-07
38848      5.89664e-07
38912      5.75973e-07
38976      5.90763e-07
39040      6.17862e-07
39104      6.42014e-07
39168      6.6146e-07
39232      6.74451e-07
39296      6.77737e-07
39360      6.82603e-07
39424      6.72233e-07
39488      6.33516e-07
39552      6.22871e-07
39616      6.33101e-07
39680      6.58366e-07
39744      6.82844e-07
39808      6.74972e-07
39872      6.65528e-07
39936      6.64911e-07
40000      6.73448e-07
40064      6.60383e-07
40128      6.34034e-07
40192      6.3363e-07
40256      6.41614e-07
40320      6.48879e-07
40384      6.47157e-07
40448      6.33826e-07
40512      6.2829e-07
40576      6.28318e-07
40640      6.2332e-07
40704      6.17806e-07
40768      6.04734e-07
40832      6.09258e-07
40896      6.19862e-07
40960      6.38478e-07
41024      6.54747e-07
41088      6.54118e-07
41152      6.53317e-07
41216      6.36983e-07
41280      6.22607e-07
41344      6.19651e-07
41408      6.2432e-07
41472      6.11688e-07
41536      6.04781e-07
41600      6.08835e-07
41664      6.08721e-07
41728      6.06206e-07
41792      5.98013e-07
41856      6.08858e-07
41920      6.19227e-07
41984      6.15903e-07
42048      6.26169e-07
42112      6.55424e-07
42176      6.75081e-07
42240      6.67252e-07
42304      6.37893e-07
42368      6.17518e-07
42432      6.14496e-07
42496      6.09068e-07
42560      6.08545e-07
42624      6.04416e-07
42688      6.06153e-07
42752      6.07196e-07
42816      5.93019e-07
42880      6.14068e-07
42944      6.40785e-07
43008      6.67145e-07
43072      6.74338e-07
43136      6.4651e-07
43200      6.15313e-07
43264      6.12423e-07
43328      6.23313e-07
43392      6.30378e-07
43456      6.32745e-07
43520      6.46048e-07
43584      6.55544e-07
43648      6.34879e-07
43712      6.0643e-07
43776      5.93528e-07
43840      5.90027e-07
43904      5.7626e-07
43968      5.6766e-07
44032      5.71542e-07
44096      5.87255e-07
44160      6.05216e-07
44224      6.05637e-07
44288      5.95553e-07
44352      6.12089e-07
44416      6.33372e-07
44480      6.33569e-07
44544      6.22127e-07
44608      5.94425e-07
44672      5.83937e-07
44736      5.81938e-07
44800      5.71083e-07
44864      5.71772e-07
44928      5.76894e-07
44992      6.05669e-07
45056      6.2393e-07
45120      6.26252e-07
45184      6.17161e-07
45248      5.99438e-07
45312      5.73763e-07
45376      5.71573e-07
45440      5.91817e-07
45504      5.97781e-07
45568      5.99619e-07
45632      5.91506e-07
45696      5.76596e-07
45760      5.72061e-07
45824      5.88345e-07
45888      6.11069e-07
45952      6.23343e-07
46016      6.17906e-07
46080      6.13775e-07
46144      6.17355e-07
46208      6.20783e-07
46272      6.10195e-07
46336      6.02343e-07
46400      6.24458e-07
46464      6.54323e-07
46528      6.49251e-07
46592      6.14333e-07
46656      5.90603e-07
46720      5.73853e-07
46784      5.68884e-07
46848      5.78412e-07
46912      6.02666e-07
46976      6.09659e-07
47040      6.06886e-07
47104      5.95411e-07
47168      5.90637e-07
47232      6.16946e-07
47296      6.24404e-07
47360      5.97705e-07
47424      5.75643e-07
47488      5.76337e-07
47552      5.87009e-07
47616      5.94703e-07
47680      5.87276e-07
47744      5.79724e-07
47808      5.71532e-07
47872      5.74151e-07
47936      5.8359e-07
48000      5.89671e-07
48064      5.84567e-07
48128      5.82571e-07
48192      6.0197e-07
48256      6.06577e-07
48320      6.0052e-07
48384      5.86575e-07
48448      5.56991e-07
48512      5.42627e-07
48576      5.44666e-07
48640      5.52398e-07
48704      5.46117e-07
48768      5.44134e-07
48832      5.48511e-07
48896      5.6452e-07
48960      5.86129e-07
49024      5.91367e-07
49088      5.89876e-07
49152      5.96722e-07
49216      6.04742e-07
49280      6.19007e-07
49344      6.25938e-07
49408      6.18213e-07
49472      6.0577e-07
49536      5.81186e-07
49600      5.71949e-07
49664      6.0562e-07
49728      6.36062e-07
49792      6.3619e-07
49856      6.05305e-07
49920      5.68706e-07
49984      5.64068e-07
50048      5.88135e-07
50112      6.07103e-07
50176      6.01211e-07
50240      5.82353e-07
50304      5.6609e-07
50368      5.73913e-07
50432      5.92595e-07
50496      5.97657e-07
50560      5.85275e-07
50624      5.73709e-07
50688      5.75064e-07
50752      5.88883e-07
50816      5.99172e-07
50880      5.82999e-07
50944      5.72194e-07
51008      5.64971e-07
51072      5.65215e-07
51136      5.53271e-07
51200      5.28382e-07
51264      5.19095e-07
51328      5.50706e-07
51392      5.72464e-07
51456      5.68486e-07
51520      5.65871e-07
51584      5.66599e-07
51648      5.63937e-07
51712      5.60781e-07
51776      5.72788e-07
51840      5.79369e-07
51904      5.69204e-07
51968      5.67676e-07
52032      5.85028e-07
52096      5.87423e-07
52160      5.88437e-07
52224      5.7253e-07
52288      5.53656e-07
52352      5.46183e-07
52416      5.50971e-07
52480      5.58156e-07
52544      5.59318e-07
52608      5.66887e-07
52672      5.72336e-07
52736      5.96449e-07
52800      6.06687e-07
52864      6.01098e-07
52928      5.86012e-07
52992      5.69322e-07
53056      5.66353e-07
53120      5.52902e-07
53184      5.48593e-07
53248      5.66456e-07
53312      5.77107e-07
53376      6.02335e-07
53440      6.30241e-07
53504      6.27658e-07
53568      6.19681e-07
53632      6.07492e-07
53696      6.11543e-07
53760      6.1476e-07
53824      5.94934e-07
53888      5.97735e-07
53952      5.95629e-07
54016      5.98743e-07
54080      5.96393e-07
54144      5.83118e-07
54208      5.72582e-07
54272      5.56442e-07
54336      5.54761e-07
54400      5.67352e-07
54464      5.82283e-07
54528      5.877e-07 
54592      5.84916e-07
54656      5.93178e-07
54720      5.95744e-07
54784      5.73734e-07
54848      5.62969e-07
54912      5.56486e-07
54976      5.42836e-07
55040      5.39563e-07
55104      5.19714e-07
55168      5.12064e-07
55232      5.28332e-07
55296      5.38782e-07
55360      5.45827e-07
55424      5.64232e-07
55488      5.93168e-07
55552      6.13548e-07
55616      6.07939e-07
55680      5.95637e-07
55744      5.75437e-07
55808      5.55836e-07
55872      5.45819e-07
55936      5.4164e-07
56000      5.243e-07 
56064      5.23474e-07
56128      5.25749e-07
56192      5.25485e-07
56256      5.31685e-07
56320      5.35731e-07
56384      5.44813e-07
56448      5.60296e-07
56512      5.83547e-07
56576      5.92103e-07
56640      5.83605e-07
56704      5.82166e-07
56768      5.76296e-07
56832      5.60787e-07
56896      5.47358e-07
56960      5.33515e-07
57024      5.3702e-07
57088      5.52687e-07
57152      5.52967e-07
57216      5.3745e-07
57280      5.11405e-07
57344      5.22373e-07
57408      5.47035e-07
57472      5.63742e-07
57536      5.69934e-07
57600      5.50505e-07
57664      5.411e-07 
57728      5.55001e-07
57792      5.76737e-07
57856      5.91469e-07
57920      5.69508e-07
57984      5.41004e-07
58048      5.43849e-07
58112      5.663e-07 
58176      5.77193e-07
58240      5.68136e-07
58304      5.4803e-07
58368      5.2935e-07
58432      5.20402e-07
58496      5.05147e-07
58560      4.9997e-07
58624      5.27607e-07
58688      5.73699e-07
58752      5.98822e-07
58816      6.08589e-07
58880      5.97074e-07
58944      5.7426e-07
59008      5.83568e-07
59072      5.86115e-07
59136      5.84782e-07
59200      6.15931e-07
59264      6.3384e-07
59328      6.31216e-07
59392      6.20434e-07
59456      6.07646e-07
59520      6.26255e-07
59584      6.34307e-07
59648      6.17533e-07
59712      6.11329e-07
59776      6.31296e-07
59840      6.36423e-07
59904      6.10543e-07
59968      5.80713e-07
60032      5.5758e-07
60096      5.50841e-07
60160      5.5687e-07
60224      5.67688e-07
60288      5.74991e-07
60352      5.69104e-07
60416      5.53601e-07
60480      5.26988e-07
60544      5.06857e-07
60608      5.41777e-07
60672      5.86702e-07
60736      5.86639e-07
60800      5.64604e-07
60864      5.41294e-07
60928      5.22116e-07
60992      5.10357e-07
61056      4.90496e-07
61120      4.80979e-07
61184      4.9562e-07
61248      5.17336e-07
61312      5.33501e-07
61376      5.30682e-07
61440      5.13529e-07
61504      5.02833e-07
61568      4.97779e-07
61632      4.94635e-07
61696      4.98636e-07
61760      4.8711e-07
61824      4.91834e-07
61888      5.17805e-07
61952      5.24945e-07
62016      5.23832e-07
62080      5.42433e-07
62144      5.52717e-07
62208      5.56649e-07
62272      5.56966e-07
62336      5.60861e-07
62400      5.62321e-07
62464      5.57001e-07
62528      5.51656e-07
62592      5.55053e-07
62656      5.53413e-07
62720      5.44157e-07
62784      5.26457e-07
62848      5.11254e-07
62912      5.05051e-07
62976      5.12075e-07
63040      5.17215e-07
63104      5.08944e-07
63168      5.11678e-07
63232      5.34827e-07
63296      5.39248e-07
63360      5.2244e-07
63424      5.16426e-07
63488      5.35902e-07
63552      5.43152e-07
63616      5.49902e-07
63680      7.61752e-07
63744      1.28159e-06
63808      1.57908e-06
63872      1.60813e-06
63936      1.47405e-06
64000      9.92573e-07
64064      6.26961e-07
64128      5.54544e-07
64192      5.26698e-07
64256      5.04072e-07
64320      4.93053e-07
64384      4.95591e-07
64448      5.01888e-07
64512      5.05285e-07
64576      5.06763e-07
64640      5.08942e-07
64704      5.08925e-07
64768      5.16364e-07
64832      5.24523e-07
64896      5.30142e-07
64960      5.29318e-07
65024      5.34748e-07
65088      5.44226e-07
65152      5.43325e-07
65216      5.35736e-07
65280      5.38685e-07
65344      5.52973e-07
65408      5.37753e-07
65472      5.1928e-07
65536      5.22283e-07
65600      5.2551e-07
65664      5.09853e-07
65728      4.89801e-07
65792      4.74064e-07
65856      4.78419e-07
65920      4.91498e-07
65984      5.11151e-07
66048      5.3501e-07
66112      5.55004e-07
66176      5.60167e-07
66240      5.42175e-07
66304      5.37077e-07
66368      5.41671e-07
66432      5.26948e-07
66496      5.09663e-07
66560      4.9003e-07
66624      4.9386e-07
66688      5.09465e-07
66752      5.15624e-07
66816      5.17689e-07
66880      5.09202e-07
66944      5.06792e-07
67008      5.30948e-07
67072      5.57851e-07
67136      5.56634e-07
67200      5.55939e-07
67264      5.54502e-07
67328      5.52452e-07
67392      5.35243e-07
67456      5.17806e-07
67520      5.15921e-07
67584      5.21476e-07
67648      5.30986e-07
67712      5.60111e-07
67776      5.97842e-07
67840      6.35423e-07
67904      6.45426e-07
67968      6.28587e-07
68032      6.12999e-07
68096      5.90746e-07
68160      5.68543e-07
68224      5.75754e-07
68288      5.97881e-07
68352      6.14344e-07
68416      6.21153e-07
68480      6.01411e-07
68544      5.5403e-07
68608      5.21003e-07
68672      5.1768e-07
68736      5.21584e-07
68800      5.40957e-07
68864      5.59295e-07
68928      5.70659e-07
68992      5.71708e-07
69056      5.57619e-07
69120      5.27818e-07
69184      4.86793e-07
69248      4.83806e-07
69312      5.07936e-07
69376      5.05712e-07
69440      4.98591e-07
69504      4.83511e-07
69568      4.52445e-07
69632      4.57172e-07
69696      4.86002e-07
69760      5.02093e-07
69824      4.98551e-07
69888      5.02668e-07
69952      5.1882e-07
70016      5.28449e-07
70080      5.18664e-07
70144      5.19707e-07
70208      5.22294e-07
70272      5.20456e-07
70336      5.13978e-07
70400      5.06896e-07
70464      5.05894e-07
70528      4.96894e-07
70592      4.91728e-07
70656      5.06907e-07
70720      5.15813e-07
70784      5.20336e-07
70848      5.12909e-07
70912      4.85707e-07
70976      4.90629e-07
71040      4.98618e-07
71104      5.00625e-07
71168      4.96741e-07
71232      4.82912e-07
71296      4.67508e-07
71360      4.73148e-07
71424      4.92655e-07
71488      5.22004e-07
71552      5.30965e-07
71616      5.27476e-07
71680      5.19936e-07
71744      4.97125e-07
71808      4.74006e-07
71872      4.6605e-07
71936      4.69063e-07
72000      4.92642e-07
72064      5.13642e-07
72128      5.18374e-07
72192      5.11452e-07
72256      5.20838e-07
72320      5.20914e-07
72384      5.10847e-07
72448      5.09037e-07
72512      5.15859e-07
72576      5.27977e-07
72640      5.3235e-07
72704      5.11469e-07
72768      5.01372e-07
72832      5.13245e-07
72896      5.26907e-07
72960      5.26048e-07
73024      5.17696e-07
73088      5.1647e-07
73152      5.00711e-07
73216      4.85323e-07
73280      4.99509e-07
73344      5.20133e-07
73408      5.15622e-07
73472      5.08624e-07
73536      4.84442e-07
73600      4.64857e-07
73664      4.82152e-07
73728      4.91634e-07
73792      4.87035e-07
73856      4.96607e-07
73920      5.07591e-07
73984      5.1177e-07
74048      5.01843e-07
74112      4.97338e-07
74176      4.94221e-07
74240      4.99113e-07
74304      5.06853e-07
74368      5.0801e-07
74432      5.31075e-07
74496      5.51551e-07
74560      5.32229e-07
74624      5.0874e-07
74688      5.02431e-07
74752      4.94765e-07
74816      4.80798e-07
74880      4.71053e-07
74944      4.78503e-07
75008      4.9998e-07
75072      5.10821e-07
75136      5.09903e-07
75200      5.09842e-07
75264      5.18955e-07
75328      5.20821e-07
75392      4.97157e-07
75456      4.92967e-07
75520      5.10815e-07
75584      5.22788e-07
75648      5.24808e-07
75712      5.17132e-07
75776      5.07616e-07
75840      5.06276e-07
75904      5.05888e-07
75968      5.10965e-07
76032      5.16577e-07
76096      5.111e-07 
76160      5.14722e-07
76224      5.18866e-07
76288      5.05243e-07
76352      4.95354e-07
76416      4.99676e-07
76480      5.04783e-07
76544      5.13619e-07
76608      5.23313e-07
76672      5.14846e-07
76736      4.93941e-07
76800      4.73154e-07
76864      4.89554e-07
76928      5.63982e-07
76992      5.98542e-07
77056      6.01625e-07
77120      5.70418e-07
77184      5.15342e-07
77248      4.96217e-07
77312      4.93977e-07
77376      5.06132e-07
77440      5.08748e-07
77504      5.06166e-07
77568      5.0558e-07
77632      5.19141e-07
77696      5.27807e-07
77760      5.4117e-07
77824      5.45814e-07
77888      5.33352e-07
77952      5.27085e-07
78016      5.26003e-07
78080      5.10171e-07
78144      4.86278e-07
78208      4.61659e-07
78272      4.50395e-07
78336      4.6746e-07
78400      5.12107e-07
78464      5.5088e-07
78528      5.58189e-07
78592      5.50209e-07
78656      5.27581e-07
78720      5.0657e-07
78784      4.88801e-07
78848      4.86402e-07
78912      4.96955e-07
78976      4.97954e-07
79040      5.03581e-07
79104      5.04309e-07
79168      4.94665e-07
79232      4.86572e-07
79296      4.66097e-07
79360      4.56763e-07
79424      4.70164e-07
79488      4.72376e-07
79552      4.69014e-07
79616      4.65016e-07
79680      4.64785e-07
79744      4.69898e-07
79808      4.8299e-07
79872      4.97986e-07
79936      4.89739e-07
80000      4.85271e-07
80064      4.69865e-07
80128      4.55033e-07
80192      4.5113e-07
80256      4.52154e-07
80320      4.54317e-07
80384      4.53789e-07
80448      4.7492e-07
80512      4.97347e-07
80576      5.03675e-07
80640      4.95982e-07
80704      4.66075e-07
80768      4.40085e-07
80832      4.37823e-07
80896      4.41385e-07
80960      4.53335e-07
81024      4.57872e-07
81088      4.59588e-07
81152      4.51955e-07
81216      4.45164e-07
81280      4.4357e-07
81344      4.50967e-07
81408      4.67373e-07
81472      4.77894e-07
81536      4.68242e-07
81600      4.4262e-07
81664      4.33518e-07
81728      4.55823e-07
81792      4.78469e-07
81856      4.88035e-07
81920      4.95701e-07
81984      4.96643e-07
82048      4.80232e-07
82112      4.61343e-07
82176      4.481e-07 
82240      4.37669e-07
82304      4.40028e-07
82368      4.44823e-07
82432      4.61314e-07
82496      4.87245e-07
82560      4.97808e-07
82624      4.9611e-07
82688      4.76061e-07
82752      4.42641e-07
82816      4.26784e-07
82880      4.47846e-07
82944      4.62559e-07
83008      4.55157e-07
83072      4.44729e-07
83136      4.40158e-07
83200      4.34966e-07
83264      4.47116e-07
83328      4.50612e-07
83392      4.47022e-07
83456      4.46124e-07
83520      4.47082e-07
83584      4.65074e-07
83648      4.69742e-07
83712      4.64677e-07
83776      4.47697e-07
83840      4.48071e-07
83904      4.69748e-07
83968      4.8019e-07
84032      4.71104e-07
84096      4.64902e-07
84160      4.62666e-07
84224      4.69138e-07
84288      4.90256e-07
84352      5.03402e-07
84416      5.13684e-07
84480      5.12845e-07
84544      5.01454e-07
84608      4.87916e-07
84672      4.61868e-07
84736      4.46404e-07
84800      4.49297e-07
84864      4.57855e-07
84928      4.60282e-07
84992      4.70405e-07
85056      4.73009e-07
85120      4.58479e-07
85184      4.58026e-07
85248      4.55483e-07
85312      4.62506e-07
85376      4.73414e-07
85440      4.73899e-07
85504      4.74716e-07
85568      4.84612e-07
85632      4.97036e-07
85696      4.85939e-07
85760      4.51059e-07
85824      4.30655e-07
85888      4.37866e-07
85952      4.62766e-07
86016      4.67365e-07
86080      4.55503e-07
86144      4.46724e-07
86208      4.53222e-07
86272      4.72551e-07
86336      4.75136e-07
86400      4.57106e-07
86464      4.54968e-07
86528      4.68349e-07
86592      4.77471e-07
86656      4.91916e-07
86720      4.9125e-07
86784      4.78153e-07
86848      4.75113e-07
86912      4.77705e-07
86976      4.77952e-07
87040      4.73064e-07
87104      4.66827e-07
87168      4.50216e-07
87232      4.39632e-07
87296      4.50559e-07
87360      4.57156e-07
87424      4.51726e-07
87488      4.3067e-07
87552      4.13685e-07
87616      4.08542e-07
87680      4.21662e-07
87744      4.32756e-07
87808      4.34659e-07
87872      4.32645e-07
87936      4.4562e-07
88000      4.61496e-07
88064      4.66661e-07
88128      4.62242e-07
88192      4.51637e-07
88256      4.35458e-07
88320      4.36495e-07
88384      4.66853e-07
88448      4.90917e-07
88512      4.92978e-07
88576      4.79047e-07
88640      4.49503e-07
88704      4.37939e-07
88768      4.3938e-07
88832      4.32541e-07
88896      4.23824e-07
88960      4.34832e-07
89024      4.35595e-07
89088      4.32009e-07
89152      4.40825e-07
89216      4.56011e-07
89280      4.84169e-07
89344      4.94061e-07
89408      4.81109e-07
89472      4.43984e-07
89536      4.12671e-07
89600      4.17923e-07
89664      4.25727e-07
89728      4.40339e-07
89792      4.4475e-07
89856      4.40142e-07
89920      4.39891e-07
89984      4.31664e-07
90048      4.33658e-07
90112      4.38748e-07
90176      4.37432e-07
90240      4.34435e-07
90304      4.27057e-07
90368      4.19628e-07
90432      4.27853e-07
90496      4.34448e-07
90560      4.27631e-07
90624      4.20856e-07
90688      4.30026e-07
90752      4.42229e-07
90816      4.52936e-07
90880      4.59682e-07
90944      4.47466e-07
91008      4.35798e-07
91072      4.33235e-07
91136      4.37353e-07
91200      4.32604e-07
91264      4.21778e-07
91328      4.21527e-07
91392      4.22336e-07
91456      4.27237e-07
91520      4.41553e-07
91584      4.43978e-07
91648      4.45329e-07
91712      4.64408e-07
91776      4.6852e-07
91840      4.59035e-07
91904      4.45691e-07
91968      4.33509e-07
92032      4.3721e-07
92096      4.51428e-07
92160      4.5946e-07
92224      4.64837e-07
92288      4.54809e-07
92352      4.42667e-07
92416      4.56281e-07
92480      4.69589e-07
92544      4.66377e-07
92608      4.65811e-07
92672      4.65566e-07
92736      4.59471e-07
92800      4.55343e-07
92864      4.57641e-07
92928      4.52573e-07
92992      4.35508e-07
93056      4.26698e-07
93120      4.26007e-07
93184      4.27861e-07
93248      4.21487e-07
93312      4.13097e-07
93376      4.15737e-07
93440      4.32102e-07
93504      4.47847e-07
93568      4.48496e-07
93632      4.53741e-07
93696      4.5205e-07
93760      4.39473e-07
93824      4.27463e-07
93888      4.18303e-07
93952      4.17057e-07
94016      4.23771e-07
94080      4.3076e-07
94144      4.35471e-07
94208      4.37636e-07
94272      4.31393e-07
94336      4.18398e-07
94400      4.27404e-07
94464      4.48681e-07
94528      4.51015e-07
94592      4.53702e-07
94656      4.55644e-07
94720      4.49539e-07
94784      4.28297e-07
94848      4.01277e-07
94912      3.96426e-07
94976      4.22865e-07
95040      4.54456e-07
95104      4.74237e-07
95168      4.804e-07 
95232      4.82649e-07
95296      4.75392e-07
95360      4.7853e-07
95424      4.8331e-07
95488      5.03647e-07
95552      5.54221e-07
95616      7.81006e-07
95680      1.26984e-06
95744      1.49616e-06
95808      1.50069e-06
95872      1.34298e-06
95936      8.54414e-07
96000      5.36042e-07
96064      5.08273e-07
96128      5.05217e-07
96192      4.88957e-07
96256      4.70265e-07
96320      4.78099e-07
96384      4.76379e-07
96448      4.65716e-07
96512      4.5413e-07
96576      4.45652e-07
96640      4.50959e-07
96704      4.50262e-07
96768      4.41146e-07
96832      4.35527e-07
96896      4.43844e-07
96960      4.57951e-07
97024      4.60707e-07
97088      4.45899e-07
97152      4.20299e-07
97216      3.96817e-07
97280      3.8828e-07
97344      4.02842e-07
97408      4.26672e-07
97472      4.41565e-07
97536      4.4348e-07
97600      4.33109e-07
97664      4.31694e-07
97728      4.40315e-07
97792      4.38015e-07
97856      4.30973e-07
97920      4.31225e-07
97984      4.28089e-07
98048      4.21102e-07
98112      4.17904e-07
98176      4.14496e-07
98240      4.0958e-07
98304      4.1482e-07
98368      4.32952e-07
98432      4.42062e-07
98496      4.50368e-07
98560      4.50274e-07
98624      4.41543e-07
98688      4.44437e-07
98752      4.49181e-07
98816      4.51132e-07
98880      4.45384e-07
98944      4.37844e-07
99008      4.38622e-07
99072      4.43177e-07
99136      4.54544e-07
99200      4.63458e-07
99264      4.60617e-07
99328      4.56008e-07
99392      4.60941e-07
99456      4.6312e-07
99520      4.58406e-07
99584      4.53571e-07
99648      4.4741e-07
99712      4.46235e-07
99776      4.60772e-07
99840      4.79994e-07
99904      4.81883e-07
99968      4.6917e-07
100032     4.73709e-07
100096     4.83117e-07
100160     4.79793e-07
100224     4.57902e-07
100288     4.30889e-07
100352     4.18336e-07
100416     4.13705e-07
100480     4.18658e-07
100544     4.3964e-07
100608     4.57006e-07
100672     4.50361e-07
100736     4.4082e-07
100800     4.20534e-07
100864     3.95285e-07
100928     3.96817e-07
100992     4.19492e-07
101056     4.39534e-07
101120     4.47135e-07
101184     4.43497e-07
101248     4.27547e-07
101312     4.10541e-07
101376     4.0215e-07
101440     4.06767e-07
101504     4.26857e-07
101568     4.32308e-07
101632     3.99503e-07
101696     3.86615e-07
101760     4.11899e-07
101824     4.36485e-07
101888     4.4621e-07
101952     4.40087e-07
102016     4.31124e-07
102080     4.36121e-07
102144     4.42021e-07
102208     4.39566e-07
102272     4.3317e-07
102336     4.30236e-07
102400     4.43557e-07
