# Freq.    Mag.
0          0.000268545
1          0.000248167
2          0.000184312
3          0.000105018
4          6.12231e-05
5          4.75473e-05
6          4.01518e-05
7          3.4768e-05
8          3.10138e-05
9          2.82943e-05
10         2.6447e-05
11         2.55278e-05
12         2.54818e-05
13         2.52196e-05
14         2.41454e-05
15         2.29468e-05
16         2.25101e-05
17         2.26861e-05
18         2.21991e-05
19         2.1676e-05
20         2.12956e-05
21         2.08585e-05
22         2.06626e-05
23         2.06743e-05
24         2.0819e-05
25         2.03061e-05
26         1.94732e-05
27         1.88484e-05
28         1.86305e-05
29         1.89447e-05
30         1.91924e-05
31         1.91279e-05
32         1.89151e-05
33         1.89246e-05
34         1.93432e-05
35         1.95149e-05
36         1.94481e-05
37         2.22033e-05
38         2.81938e-05
39         3.00983e-05
40         2.95679e-05
41         2.60693e-05
42         1.97334e-05
43         1.75555e-05
44         1.76586e-05
45         1.81413e-05
46         1.84726e-05
47         1.84724e-05
48         1.82754e-05
49         1.77159e-05
50         1.68688e-05
51         1.65664e-05
52         1.6583e-05
53         1.65863e-05
54         1.60135e-05
55         1.56555e-05
56         1.55548e-05
57         1.54019e-05
58         1.58968e-05
59         1.6432e-05
60         1.6673e-05
61         1.68857e-05
62         1.69818e-05
63         1.70653e-05
64         1.68803e-05
65         1.60514e-05
66         1.53244e-05
67         1.5347e-05
68         1.55698e-05
69         1.58552e-05
70         1.61219e-05
71         1.62111e-05
72         1.64113e-05
73         1.63493e-05
74         1.60891e-05
75         1.58634e-05
76         1.57455e-05
77         1.55486e-05
78         1.49786e-05
79         1.42285e-05
80         1.39398e-05
81         1.44512e-05
82         1.48938e-05
83         1.4852e-05
84         1.49768e-05
85         1.50968e-05
86         1.47822e-05
87         1.42625e-05
88         1.40029e-05
89         1.42681e-05
90         1.50878e-05
91         1.54367e-05
92         1.49549e-05
93         1.47047e-05
94         1.42879e-05
95         1.40159e-05
96         1.39599e-05
97         1.42241e-05
98         1.48065e-05
99         1.49205e-05
100        1.46527e-05
101        1.48594e-05
102        1.56899e-05
103        1.58524e-05
104        1.51772e-05
105        1.42767e-05
106        1.39037e-05
107        1.39787e-05
108        1.43649e-05
109        1.44991e-05
110        1.38453e-05
111        1.35252e-05
112        1.37869e-05
113        1.46009e-05
114        1.51548e-05
115        1.49229e-05
116        1.55656e-05
117        1.7774e-05
118        1.89193e-05
119        1.89345e-05
120        1.79388e-05
121        1.6429e-05
122        1.55687e-05
123        1.51917e-05
124        1.4933e-05
125        1.45924e-05
126        1.47118e-05
127        1.47957e-05
128        1.47507e-05
129        1.51455e-05
130        1.56686e-05
131        1.63166e-05
132        1.72469e-05
133        1.79801e-05
134        1.77519e-05
135        1.69013e-05
136        1.60622e-05
137        1.5281e-05
138        1.50434e-05
139        1.50371e-05
140        1.50514e-05
141        1.52093e-05
142        1.55392e-05
143        1.58672e-05
144        1.55992e-05
145        1.5468e-05
146        1.58588e-05
147        1.62456e-05
148        1.65466e-05
149        1.63105e-05
150        1.57771e-05
151        1.49997e-05
152        1.44202e-05
153        1.43863e-05
154        1.501e-05 
155        1.55431e-05
156        1.5533e-05
157        1.52831e-05
158        1.48088e-05
159        1.4439e-05
160        1.46017e-05
161        1.50901e-05
162        1.56421e-05
163        1.57733e-05
164        1.51408e-05
165        1.46347e-05
166        1.48278e-05
167        1.49578e-05
168        1.44225e-05
169        1.38147e-05
170        1.37628e-05
171        1.41337e-05
172        1.44122e-05
173        1.46404e-05
174        1.499e-05 
175        1.54249e-05
176        1.55229e-05
177        1.54678e-05
178        1.59421e-05
179        1.64707e-05
180        1.62124e-05
181        1.58832e-05
182        1.50684e-05
183        1.49895e-05
184        1.53191e-05
185        1.53822e-05
186        1.54113e-05
187        1.58047e-05
188        1.63408e-05
189        1.62074e-05
190        1.53451e-05
191        1.42978e-05
192        1.36344e-05
193        1.35504e-05
194        1.40552e-05
195        1.49162e-05
196        1.5693e-05
197        1.5748e-05
198        1.54403e-05
199        1.46064e-05
200        1.41127e-05
201        1.45914e-05
202        1.51289e-05
203        1.52501e-05
204        1.46953e-05
205        1.44061e-05
206        1.43801e-05
207        1.43395e-05
208        1.44392e-05
209        1.45189e-05
210        1.48864e-05
211        1.51533e-05
212        1.52526e-05
213        1.57587e-05
214        1.60258e-05
215        1.60872e-05
216        1.63771e-05
217        1.63227e-05
218        1.59109e-05
219        1.56188e-05
220        1.57299e-05
221        1.62769e-05
222        1.66462e-05
223        1.64057e-05
224        1.58054e-05
225        1.56266e-05
226        1.56425e-05
227        1.55358e-05
228        1.50867e-05
229        1.41359e-05
230        1.32233e-05
231        1.32067e-05
232        1.36568e-05
233        1.45705e-05
234        1.53575e-05
235        1.57321e-05
236        1.55502e-05
237        1.49877e-05
238        1.54338e-05
239        1.62102e-05
240        1.63457e-05
241        1.61301e-05
242        1.59725e-05
243        1.60552e-05
244        1.61836e-05
245        1.65916e-05
246        1.66558e-05
247        1.60819e-05
248        1.49079e-05
249        1.40453e-05
250        1.40186e-05
251        1.43349e-05
252        1.48763e-05
253        1.50791e-05
254        1.52932e-05
255        1.55705e-05
256        1.55079e-05
257        1.52349e-05
258        1.51174e-05
259        1.49349e-05
260        1.48116e-05
261        1.47665e-05
262        1.46539e-05
263        1.46708e-05
264        1.49e-05  
265        1.53364e-05
266        1.59728e-05
267        1.61585e-05
268        1.57789e-05
269        1.49707e-05
270        1.42115e-05
271        1.40237e-05
272        1.40869e-05
273        1.43914e-05
274        1.45135e-05
275        1.4791e-05
276        1.51027e-05
277        1.53027e-05
278        1.52055e-05
279        1.4678e-05
280        1.4246e-05
281        1.41217e-05
282        1.45527e-05
283        1.56929e-05
284        1.61771e-05
285        1.61017e-05
286        1.62625e-05
287        1.6004e-05
288        1.55502e-05
289        1.50719e-05
290        1.44859e-05
291        1.40878e-05
292        1.39913e-05
293        1.43239e-05
294        1.41258e-05
295        1.43614e-05
296        1.51263e-05
297        1.52233e-05
298        1.53177e-05
299        1.58442e-05
300        1.60546e-05
301        1.61533e-05
302        1.60933e-05
303        1.61505e-05
304        1.58798e-05
305        1.52646e-05
306        1.43288e-05
307        1.35268e-05
308        1.35248e-05
309        1.43532e-05
310        1.55419e-05
311        1.56845e-05
312        1.48298e-05
313        1.44737e-05
314        1.46506e-05
315        1.48225e-05
316        1.53118e-05
317        1.52887e-05
318        1.48784e-05
319        1.4698e-05
320        1.48857e-05
321        1.53469e-05
322        1.55419e-05
323        1.54972e-05
324        1.55871e-05
325        1.58724e-05
326        1.5869e-05
327        1.55322e-05
328        1.5689e-05
329        1.65099e-05
330        1.6727e-05
331        1.65296e-05
332        1.60528e-05
333        1.55353e-05
334        1.54562e-05
335        1.55603e-05
336        1.5911e-05
337        1.64987e-05
338        1.61888e-05
339        1.51078e-05
340        1.44953e-05
341        1.46593e-05
342        1.5256e-05
343        1.58211e-05
344        1.62763e-05
345        1.67924e-05
346        1.66099e-05
347        1.58426e-05
348        1.57321e-05
349        1.5414e-05
350        1.49584e-05
351        1.51752e-05
352        1.48845e-05
353        1.47424e-05
354        1.49576e-05
355        1.50363e-05
356        1.50734e-05
357        1.48892e-05
358        1.49741e-05
359        1.56227e-05
360        1.63555e-05
361        1.69079e-05
362        1.63363e-05
363        1.53705e-05
364        1.49978e-05
365        1.5034e-05
366        1.4982e-05
367        1.50663e-05
368        1.54016e-05
369        1.51238e-05
370        1.47386e-05
371        1.46139e-05
372        1.47472e-05
373        1.45525e-05
374        1.37426e-05
375        1.32298e-05
376        1.37087e-05
377        1.43881e-05
378        1.47204e-05
379        1.48965e-05
380        1.49572e-05
381        1.47584e-05
382        1.45075e-05
383        1.43106e-05
384        1.40798e-05
385        1.43015e-05
386        1.45334e-05
387        1.49034e-05
388        1.49569e-05
389        1.4296e-05
390        1.41276e-05
391        1.47611e-05
392        1.56292e-05
393        1.59059e-05
394        1.55678e-05
395        1.51249e-05
396        1.52082e-05
397        1.58549e-05
398        1.61981e-05
399        1.61284e-05
400        1.58959e-05
401        1.59436e-05
402        1.56343e-05
403        1.46354e-05
404        1.4046e-05
405        1.46205e-05
406        1.55908e-05
407        1.60594e-05
408        1.65192e-05
409        1.69371e-05
410        1.67419e-05
411        1.65912e-05
412        1.67705e-05
413        1.63225e-05
414        1.57203e-05
415        1.54132e-05
416        1.53595e-05
417        1.56203e-05
418        1.57585e-05
419        1.547e-05 
420        1.50805e-05
421        1.48073e-05
422        1.48719e-05
423        1.49062e-05
424        1.46983e-05
425        1.45039e-05
426        1.46426e-05
427        1.48131e-05
428        1.46149e-05
429        1.40944e-05
430        1.39234e-05
431        1.43736e-05
432        1.55201e-05
433        1.66974e-05
434        1.71631e-05
435        1.64419e-05
436        1.50428e-05
437        1.41329e-05
438        1.34923e-05
439        1.35225e-05
440        1.41103e-05
441        1.47356e-05
442        1.51622e-05
443        1.53661e-05
444        1.5584e-05
445        1.54494e-05
446        1.48621e-05
447        1.4677e-05
448        1.53275e-05
449        1.62857e-05
450        1.68273e-05
451        1.65021e-05
452        1.56831e-05
453        1.45525e-05
454        1.364e-05 
455        1.37175e-05
456        1.41694e-05
457        1.45381e-05
458        1.45213e-05
459        1.45453e-05
460        1.48582e-05
461        1.51483e-05
462        1.56274e-05
463        1.52745e-05
464        1.43728e-05
465        1.41486e-05
466        1.44478e-05
467        1.50729e-05
468        1.5344e-05
469        1.50782e-05
470        1.44935e-05
471        1.37977e-05
472        1.36716e-05
473        1.39129e-05
474        1.3935e-05
475        1.3942e-05
476        1.40026e-05
477        1.42848e-05
478        1.48372e-05
479        1.49832e-05
480        1.45251e-05
481        1.45449e-05
482        1.45824e-05
483        1.46715e-05
484        1.44421e-05
485        1.4123e-05
486        1.43709e-05
487        1.50106e-05
488        1.53661e-05
489        1.54748e-05
490        1.52347e-05
491        1.45127e-05
492        1.38004e-05
493        1.39226e-05
494        1.45698e-05
495        1.46732e-05
496        1.44578e-05
497        1.4151e-05
498        1.39291e-05
499        1.39276e-05
500        1.46536e-05
501        1.55638e-05
502        1.57003e-05
503        1.54935e-05
504        1.51598e-05
505        1.48251e-05
506        1.50363e-05
507        1.51101e-05
508        1.48637e-05
509        1.45884e-05
510        1.44978e-05
511        1.45688e-05
512        1.44198e-05
513        1.44053e-05
514        1.47471e-05
515        1.47438e-05
516        1.49224e-05
517        1.5103e-05
518        1.46461e-05
519        1.39419e-05
520        1.37149e-05
521        1.38251e-05
522        1.40288e-05
523        1.42225e-05
524        1.43208e-05
525        1.41093e-05
526        1.34648e-05
527        1.32132e-05
528        1.3842e-05
529        1.46147e-05
530        1.47025e-05
531        1.42149e-05
532        1.3882e-05
533        1.42296e-05
534        1.42377e-05
535        1.38213e-05
536        1.35725e-05
537        1.33851e-05
538        1.3549e-05
539        1.42552e-05
540        1.49214e-05
541        1.51539e-05
542        1.45815e-05
543        1.41449e-05
544        1.44926e-05
545        1.50835e-05
546        1.53269e-05
547        1.50094e-05
548        1.46782e-05
549        1.46445e-05
550        1.43901e-05
551        1.4087e-05
552        1.38188e-05
553        1.36647e-05
554        1.36027e-05
555        1.40907e-05
556        1.45938e-05
557        1.46436e-05
558        1.4762e-05
559        1.45216e-05
560        1.44943e-05
561        1.44357e-05
562        1.42647e-05
563        1.3979e-05
564        1.3946e-05
565        1.44007e-05
566        1.44684e-05
567        1.41006e-05
568        1.36591e-05
569        1.32973e-05
570        1.32317e-05
571        1.3534e-05
572        1.39825e-05
573        1.41697e-05
574        1.38627e-05
575        1.33045e-05
576        1.34925e-05
577        1.401e-05 
578        1.47596e-05
579        1.49009e-05
580        1.47152e-05
581        1.44583e-05
582        1.39517e-05
583        1.39649e-05
584        1.43507e-05
585        1.46695e-05
586        1.48201e-05
587        1.48773e-05
588        1.49716e-05
589        1.48858e-05
590        1.39701e-05
591        1.36451e-05
592        1.42303e-05
593        1.45565e-05
594        1.47483e-05
595        1.49647e-05
596        1.5201e-05
597        1.51538e-05
598        1.4662e-05
599        1.4674e-05
600        1.50557e-05
601        1.52742e-05
602        1.50746e-05
603        1.4593e-05
604        1.4214e-05
605        1.38796e-05
606        1.34469e-05
607        1.33847e-05
608        1.33959e-05
609        1.34811e-05
610        1.38839e-05
611        1.45387e-05
612        1.51272e-05
613        1.50848e-05
614        1.44158e-05
615        1.31556e-05
616        1.29369e-05
617        1.36405e-05
618        1.44415e-05
619        1.49115e-05
620        1.4931e-05
621        1.47632e-05
622        1.40783e-05
623        1.37004e-05
624        1.35745e-05
625        1.33515e-05
626        1.3517e-05
627        1.46055e-05
628        1.51794e-05
629        1.41224e-05
630        1.30487e-05
631        1.28888e-05
632        1.31788e-05
633        1.3382e-05
634        1.36844e-05
635        1.45566e-05
636        1.50948e-05
637        1.48963e-05
638        1.46126e-05
639        1.47503e-05
640        1.47528e-05
641        1.49252e-05
642        1.50888e-05
643        1.46893e-05
644        1.42345e-05
645        1.42956e-05
646        1.43547e-05
647        1.39805e-05
648        1.36381e-05
649        1.39013e-05
650        1.43712e-05
651        1.49277e-05
652        1.50403e-05
653        1.42673e-05
654        1.3808e-05
655        1.42302e-05
656        1.43867e-05
657        1.40821e-05
658        1.42488e-05
659        1.4891e-05
660        1.50941e-05
661        1.51057e-05
662        1.47658e-05
663        1.42517e-05
664        1.38545e-05
665        1.40213e-05
666        1.42974e-05
667        1.41022e-05
668        1.37823e-05
669        1.37154e-05
670        1.3755e-05
671        1.35846e-05
672        1.34951e-05
673        1.36702e-05
674        1.36183e-05
675        1.34337e-05
676        1.35365e-05
677        1.38078e-05
678        1.39854e-05
679        1.36926e-05
680        1.35503e-05
681        1.37588e-05
682        1.34516e-05
683        1.31921e-05
684        1.31006e-05
685        1.31186e-05
686        1.29676e-05
687        1.28677e-05
688        1.275e-05 
689        1.23607e-05
690        1.24279e-05
691        1.30319e-05
692        1.39143e-05
693        1.42408e-05
694        1.41477e-05
695        1.40628e-05
696        1.36896e-05
697        1.3234e-05
698        1.31449e-05
699        1.38829e-05
700        1.41085e-05
701        1.38133e-05
702        1.4158e-05
703        1.46036e-05
704        1.492e-05 
705        1.52142e-05
706        1.53134e-05
707        1.50494e-05
708        1.42903e-05
709        1.37927e-05
710        1.38667e-05
711        1.38012e-05
712        1.38413e-05
713        1.41228e-05
714        1.44724e-05
715        1.45692e-05
716        1.45963e-05
717        1.48718e-05
718        1.49218e-05
719        1.46777e-05
720        1.43771e-05
721        1.3867e-05
722        1.31732e-05
723        1.30084e-05
724        1.36374e-05
725        1.44091e-05
726        1.49358e-05
727        1.47399e-05
728        1.39596e-05
729        1.32045e-05
730        1.30986e-05
731        1.37448e-05
732        1.43713e-05
733        1.40791e-05
734        1.36029e-05
735        1.30749e-05
736        1.28559e-05
737        1.29143e-05
738        1.31107e-05
739        1.3823e-05
740        1.45092e-05
741        1.45017e-05
742        1.42501e-05
743        1.39462e-05
744        1.39344e-05
745        1.41554e-05
746        1.39197e-05
747        1.33946e-05
748        1.32099e-05
749        1.29094e-05
750        1.25759e-05
751        1.24814e-05
752        1.26439e-05
753        1.27891e-05
754        1.29936e-05
755        1.30166e-05
756        1.33209e-05
757        1.38779e-05
758        1.38391e-05
759        1.33959e-05
760        1.36181e-05
761        1.43822e-05
762        1.49372e-05
763        1.50613e-05
764        1.47622e-05
765        1.43783e-05
766        1.41764e-05
767        1.37048e-05
768        1.32033e-05
769        1.28669e-05
770        1.24035e-05
771        1.24777e-05
772        1.28632e-05
773        1.34906e-05
774        1.39996e-05
775        1.44609e-05
776        1.44737e-05
777        1.39834e-05
778        1.35129e-05
779        1.29461e-05
780        1.25396e-05
781        1.26303e-05
782        1.32874e-05
783        1.39422e-05
784        1.40156e-05
785        1.38717e-05
786        1.34726e-05
787        1.31406e-05
788        1.32827e-05
789        1.35486e-05
790        1.3365e-05
791        1.31529e-05
792        1.33873e-05
793        1.35431e-05
794        1.32798e-05
795        1.29865e-05
796        1.27073e-05
797        1.27325e-05
798        1.28795e-05
799        1.30971e-05
800        1.3429e-05
801        1.37277e-05
802        1.41579e-05
803        1.44575e-05
804        1.43238e-05
805        1.4099e-05
806        1.40848e-05
807        1.40741e-05
808        1.36328e-05
809        1.30614e-05
810        1.31577e-05
811        1.35066e-05
812        1.35466e-05
813        1.33959e-05
814        1.33453e-05
815        1.32907e-05
816        1.29841e-05
817        1.26149e-05
818        1.22695e-05
819        1.25149e-05
820        1.31022e-05
821        1.35291e-05
822        1.3856e-05
823        1.41952e-05
824        1.41965e-05
825        1.37152e-05
826        1.30714e-05
827        1.27973e-05
828        1.30287e-05
829        1.3519e-05
830        1.3903e-05
831        1.39164e-05
832        1.37976e-05
833        1.34464e-05
834        1.30484e-05
835        1.28337e-05
836        1.25097e-05
837        1.21145e-05
838        1.23646e-05
839        1.31137e-05
840        1.35222e-05
841        1.34308e-05
842        1.31728e-05
843        1.30816e-05
844        1.34294e-05
845        1.34833e-05
846        1.3575e-05
847        1.3826e-05
848        1.36615e-05
849        1.33634e-05
850        1.32486e-05
851        1.27488e-05
852        1.25509e-05
853        1.25738e-05
854        1.26142e-05
855        1.29174e-05
856        1.31247e-05
857        1.31655e-05
858        1.29263e-05
859        1.24788e-05
860        1.20765e-05
861        1.21338e-05
862        1.27042e-05
863        1.31455e-05
864        1.34338e-05
865        1.31914e-05
866        1.28518e-05
867        1.23763e-05
868        1.22837e-05
869        1.26606e-05
870        1.2817e-05
871        1.27147e-05
872        1.22757e-05
873        1.2335e-05
874        1.29977e-05
875        1.34177e-05
876        1.32067e-05
877        1.33222e-05
878        1.35996e-05
879        1.39389e-05
880        1.35717e-05
881        1.29078e-05
882        1.27531e-05
883        1.28445e-05
884        1.32605e-05
885        1.34186e-05
886        1.29467e-05
887        1.26712e-05
888        1.27496e-05
889        1.28519e-05
890        1.27471e-05
891        1.25808e-05
892        1.28093e-05
893        1.30807e-05
894        1.35165e-05
895        1.39131e-05
896        1.4074e-05
897        1.37779e-05
898        1.30159e-05
899        1.24737e-05
900        1.27746e-05
901        1.30967e-05
902        1.32595e-05
903        1.27425e-05
904        1.20455e-05
905        1.24461e-05
906        1.34285e-05
907        1.4205e-05
908        1.44131e-05
909        1.39022e-05
910        1.31992e-05
911        1.27735e-05
912        1.24408e-05
913        1.25974e-05
914        1.29963e-05
915        1.32265e-05
916        1.30583e-05
917        1.2811e-05
918        1.26874e-05
919        1.23408e-05
920        1.20836e-05
921        1.19473e-05
922        1.22718e-05
923        1.26513e-05
924        1.2694e-05
925        1.27795e-05
926        1.2858e-05
927        1.27246e-05
928        1.26443e-05
929        1.28484e-05
930        1.28793e-05
931        1.24126e-05
932        1.22635e-05
933        1.29314e-05
934        1.32691e-05
935        1.30529e-05
936        1.28453e-05
937        1.27308e-05
938        1.27933e-05
939        1.29791e-05
940        1.2942e-05
941        1.28267e-05
942        1.29131e-05
943        1.27142e-05
944        1.26314e-05
945        1.2867e-05
946        1.28142e-05
947        1.32376e-05
948        1.40856e-05
949        1.45288e-05
950        1.4087e-05
951        1.3232e-05
952        1.2568e-05
953        1.24637e-05
954        1.26247e-05
955        1.28014e-05
956        1.30231e-05
957        1.33366e-05
958        1.33585e-05
959        1.27392e-05
960        1.23741e-05
961        1.23579e-05
962        1.24196e-05
963        1.24376e-05
964        1.23031e-05
965        1.25715e-05
966        1.30695e-05
967        1.31951e-05
968        1.29096e-05
969        1.27653e-05
970        1.26955e-05
971        1.25921e-05
972        1.26964e-05
973        1.28969e-05
974        1.29127e-05
975        1.27619e-05
976        1.2677e-05
977        1.24596e-05
978        1.21353e-05
979        1.21292e-05
980        1.22739e-05
981        1.27125e-05
982        1.29529e-05
983        1.27635e-05
984        1.235e-05 
985        1.24609e-05
986        1.27281e-05
987        1.25326e-05
988        1.20605e-05
989        1.18428e-05
990        1.22659e-05
991        1.24209e-05
992        1.26552e-05
993        1.26547e-05
994        1.2327e-05
995        1.22013e-05
996        1.22783e-05
997        1.20705e-05
998        1.23449e-05
999        1.31278e-05
1000       1.32019e-05
1001       1.27183e-05
1002       1.2458e-05
1003       1.29909e-05
1004       1.32708e-05
1005       1.26824e-05
1006       1.21132e-05
1007       1.20207e-05
1008       1.2152e-05
1009       1.2688e-05
1010       1.31156e-05
1011       1.32837e-05
1012       1.31936e-05
1013       1.31494e-05
1014       1.30177e-05
1015       1.25375e-05
1016       1.23215e-05
1017       1.28565e-05
1018       1.35493e-05
1019       1.40631e-05
1020       1.40038e-05
1021       1.33399e-05
1022       1.26417e-05
1023       1.2153e-05
1024       1.22998e-05
1025       1.2884e-05
1026       1.30114e-05
1027       1.25885e-05
1028       1.20162e-05
1029       1.16784e-05
1030       1.19111e-05
1031       1.20856e-05
1032       1.13385e-05
1033       1.07291e-05
1034       1.12079e-05
1035       1.21764e-05
1036       1.25816e-05
1037       1.25011e-05
1038       1.23151e-05
1039       1.20122e-05
1040       1.1895e-05
1041       1.19501e-05
1042       1.19378e-05
1043       1.178e-05 
1044       1.21437e-05
1045       1.24582e-05
1046       1.24054e-05
1047       1.22672e-05
1048       1.2319e-05
1049       1.24976e-05
1050       1.26105e-05
1051       1.23469e-05
1052       1.25932e-05
1053       1.28666e-05
1054       1.29719e-05
1055       1.32558e-05
1056       1.31206e-05
1057       1.26526e-05
1058       1.24268e-05
1059       1.24416e-05
1060       1.24706e-05
1061       1.25495e-05
1062       1.22897e-05
1063       1.17216e-05
1064       1.14428e-05
1065       1.18861e-05
1066       1.2662e-05
1067       1.26942e-05
1068       1.2057e-05
1069       1.16515e-05
1070       1.1551e-05
1071       1.18734e-05
1072       1.1968e-05
1073       1.17758e-05
1074       1.17815e-05
1075       1.19241e-05
1076       1.21726e-05
1077       1.25987e-05
1078       1.2947e-05
1079       1.2934e-05
1080       1.23217e-05
1081       1.16815e-05
1082       1.18151e-05
1083       1.23906e-05
1084       1.25359e-05
1085       1.1909e-05
1086       1.12765e-05
1087       1.09152e-05
1088       1.08951e-05
1089       1.0986e-05
1090       1.11906e-05
1091       1.14107e-05
1092       1.14446e-05
1093       1.12477e-05
1094       1.10211e-05
1095       1.10971e-05
1096       1.15232e-05
1097       1.20454e-05
1098       1.24267e-05
1099       1.2709e-05
1100       1.27047e-05
1101       1.22014e-05
1102       1.18071e-05
1103       1.18963e-05
1104       1.18651e-05
1105       1.17965e-05
1106       1.20258e-05
1107       1.23737e-05
1108       1.2748e-05
1109       1.28478e-05
1110       1.23844e-05
1111       1.15443e-05
1112       1.10583e-05
1113       1.08964e-05
1114       1.10068e-05
1115       1.1457e-05
1116       1.15459e-05
1117       1.14152e-05
1118       1.16082e-05
1119       1.16093e-05
1120       1.14223e-05
1121       1.16565e-05
1122       1.20666e-05
1123       1.20069e-05
1124       1.13922e-05
1125       1.08886e-05
1126       1.13647e-05
1127       1.22772e-05
1128       1.26394e-05
1129       1.28472e-05
1130       1.28017e-05
1131       1.24585e-05
1132       1.23011e-05
1133       1.20613e-05
1134       1.14784e-05
1135       1.12961e-05
1136       1.13013e-05
1137       1.12707e-05
1138       1.14576e-05
1139       1.17787e-05
1140       1.22335e-05
1141       1.28548e-05
1142       1.26866e-05
1143       1.18153e-05
1144       1.11183e-05
1145       1.09259e-05
1146       1.12093e-05
1147       1.12833e-05
1148       1.12566e-05
1149       1.18968e-05
1150       1.23751e-05
1151       1.21747e-05
1152       1.19463e-05
1153       1.19003e-05
1154       1.18852e-05
1155       1.16623e-05
1156       1.13652e-05
1157       1.15259e-05
1158       1.19181e-05
1159       1.20294e-05
1160       1.17714e-05
1161       1.19827e-05
1162       1.21712e-05
1163       1.21203e-05
1164       1.2023e-05
1165       1.17287e-05
1166       1.12297e-05
1167       1.10083e-05
1168       1.12796e-05
1169       1.13397e-05
1170       1.10049e-05
1171       1.10864e-05
1172       1.15918e-05
1173       1.20686e-05
1174       1.20063e-05
1175       1.17349e-05
1176       1.18613e-05
1177       1.22795e-05
1178       1.22291e-05
1179       1.19797e-05
1180       1.20248e-05
1181       1.18862e-05
1182       1.14235e-05
1183       1.06516e-05
1184       1.03893e-05
1185       1.07691e-05
1186       1.14096e-05
1187       1.14428e-05
1188       1.13092e-05
1189       1.12728e-05
1190       1.13655e-05
1191       1.13538e-05
1192       1.12006e-05
1193       1.10776e-05
1194       1.10607e-05
1195       1.13457e-05
1196       1.16773e-05
1197       1.17568e-05
1198       1.18978e-05
1199       1.20641e-05
1200       1.21936e-05
1201       1.18701e-05
1202       1.13785e-05
1203       1.13009e-05
1204       1.12254e-05
1205       1.10419e-05
1206       1.12446e-05
1207       1.144e-05 
1208       1.16654e-05
1209       1.18188e-05
1210       1.18861e-05
1211       1.16123e-05
1212       1.15882e-05
1213       1.19858e-05
1214       1.217e-05 
1215       1.20349e-05
1216       1.18503e-05
1217       1.16953e-05
1218       1.13945e-05
1219       1.11492e-05
1220       1.09936e-05
1221       1.06974e-05
1222       1.08795e-05
1223       1.17314e-05
1224       1.26659e-05
1225       1.33082e-05
1226       1.30164e-05
1227       1.22228e-05
1228       1.15481e-05
1229       1.11516e-05
1230       1.12534e-05
1231       1.1365e-05
1232       1.08928e-05
1233       1.01248e-05
1234       9.76871e-06
1235       9.96684e-06
1236       1.03502e-05
1237       1.0879e-05
1238       1.13214e-05
1239       1.13009e-05
1240       1.11943e-05
1241       1.09717e-05
1242       1.08689e-05
1243       1.10139e-05
1244       1.09056e-05
1245       1.08403e-05
1246       1.06172e-05
1247       1.04866e-05
1248       1.05464e-05
1249       1.08273e-05
1250       1.14413e-05
1251       1.15701e-05
1252       1.1176e-05
1253       1.10085e-05
1254       1.1166e-05
1255       1.15854e-05
1256       1.16615e-05
1257       1.11359e-05
1258       1.06335e-05
1259       1.08517e-05
1260       1.10792e-05
1261       1.1207e-05
1262       1.08444e-05
1263       1.04182e-05
1264       1.06707e-05
1265       1.11992e-05
1266       1.17376e-05
1267       1.16615e-05
1268       1.12764e-05
1269       1.1147e-05
1270       1.12204e-05
1271       1.14077e-05
1272       1.14765e-05
1273       1.12504e-05
1274       1.08343e-05
1275       1.06918e-05
1276       1.10428e-05
1277       1.12265e-05
1278       1.10768e-05
1279       1.11083e-05
1280       1.1203e-05
1281       1.09997e-05
1282       1.05418e-05
1283       1.0288e-05
1284       1.04585e-05
1285       1.07357e-05
1286       1.08467e-05
1287       1.09653e-05
1288       1.10984e-05
1289       1.12734e-05
1290       1.16138e-05
1291       1.18248e-05
1292       1.1503e-05
1293       1.08204e-05
1294       1.04701e-05
1295       1.06846e-05
1296       1.11313e-05
1297       1.15779e-05
1298       1.17201e-05
1299       1.17042e-05
1300       1.17046e-05
1301       1.14552e-05
1302       1.11147e-05
1303       1.08634e-05
1304       1.07291e-05
1305       1.09808e-05
1306       1.15539e-05
1307       1.13212e-05
1308       1.09069e-05
1309       1.08797e-05
1310       1.07215e-05
1311       1.07009e-05
1312       1.065e-05 
1313       1.09157e-05
1314       1.12668e-05
1315       1.15358e-05
1316       1.15803e-05
1317       1.16638e-05
1318       1.17124e-05
1319       1.16273e-05
1320       1.15239e-05
1321       1.13947e-05
1322       1.1219e-05
1323       1.09706e-05
1324       1.03268e-05
1325       9.93444e-06
1326       1.0182e-05
1327       1.06558e-05
1328       1.07708e-05
1329       1.09985e-05
1330       1.10863e-05
1331       1.07791e-05
1332       1.07029e-05
1333       1.11126e-05
1334       1.13299e-05
1335       1.15694e-05
1336       1.14474e-05
1337       1.07637e-05
1338       1.02465e-05
1339       1.03649e-05
1340       1.09092e-05
1341       1.11911e-05
1342       1.10772e-05
1343       1.09871e-05
1344       1.09216e-05
1345       1.06425e-05
1346       1.031e-05 
1347       1.048e-05 
1348       1.07323e-05
1349       1.09723e-05
1350       1.10702e-05
1351       1.06934e-05
1352       1.05108e-05
1353       1.08111e-05
1354       1.09891e-05
1355       1.08456e-05
1356       1.07625e-05
1357       1.06502e-05
1358       1.05746e-05
1359       1.05602e-05
1360       1.04572e-05
1361       1.05097e-05
1362       1.09136e-05
1363       1.137e-05 
1364       1.12357e-05
1365       1.10772e-05
1366       1.09713e-05
1367       1.09156e-05
1368       1.0684e-05
1369       1.03162e-05
1370       1.00255e-05
1371       1.00158e-05
1372       1.03437e-05
1373       1.05342e-05
1374       1.08609e-05
1375       1.11917e-05
1376       1.11971e-05
1377       1.10603e-05
1378       1.10186e-05
1379       1.11176e-05
1380       1.12612e-05
1381       1.11396e-05
1382       1.06795e-05
1383       1.02898e-05
1384       1.00368e-05
1385       9.90973e-06
1386       9.61735e-06
1387       9.49664e-06
1388       9.7679e-06
1389       1.02009e-05
1390       1.06412e-05
1391       1.08701e-05
1392       1.08949e-05
1393       1.09679e-05
1394       1.07561e-05
1395       1.05167e-05
1396       1.06438e-05
1397       1.07994e-05
1398       1.09053e-05
1399       1.0849e-05
1400       1.06966e-05
1401       1.07462e-05
1402       1.08542e-05
1403       1.10508e-05
1404       1.12565e-05
1405       1.12646e-05
1406       1.10292e-05
1407       1.05416e-05
1408       1.01628e-05
1409       1.01488e-05
1410       1.05738e-05
1411       1.08473e-05
1412       1.11781e-05
1413       1.13639e-05
1414       1.0977e-05
1415       1.06078e-05
1416       1.00156e-05
1417       9.76144e-06
1418       9.90256e-06
1419       9.92246e-06
1420       1.03403e-05
1421       1.08855e-05
1422       1.1312e-05
1423       1.12461e-05
1424       1.09836e-05
1425       1.09066e-05
1426       1.07768e-05
1427       1.06846e-05
1428       1.05813e-05
1429       1.06143e-05
1430       1.07797e-05
1431       1.05829e-05
1432       1.02015e-05
1433       1.00816e-05
1434       1.04345e-05
1435       1.07964e-05
1436       1.05093e-05
1437       1.00687e-05
1438       1.00825e-05
1439       1.06102e-05
1440       1.12515e-05
1441       1.13824e-05
1442       1.09715e-05
1443       1.04456e-05
1444       1.00874e-05
1445       9.82639e-06
1446       9.97181e-06
1447       1.03069e-05
1448       1.04599e-05
1449       1.04701e-05
1450       1.04159e-05
1451       1.04561e-05
1452       1.0429e-05
1453       1.0174e-05
1454       1.01688e-05
1455       1.0474e-05
1456       1.0633e-05
1457       1.07732e-05
1458       1.09326e-05
1459       1.0608e-05
1460       1.03241e-05
1461       1.01271e-05
1462       1.01508e-05
1463       1.04638e-05
1464       1.06798e-05
1465       1.04792e-05
1466       1.02949e-05
1467       1.02656e-05
1468       1.06249e-05
1469       1.09426e-05
1470       1.09612e-05
1471       1.1034e-05
1472       1.07975e-05
1473       1.04879e-05
1474       1.03437e-05
1475       1.01514e-05
1476       1.01548e-05
1477       1.0301e-05
1478       1.0389e-05
1479       1.05293e-05
1480       1.04418e-05
1481       1.00767e-05
1482       1.0076e-05
1483       9.97024e-06
1484       9.95705e-06
1485       1.00314e-05
1486       1.0315e-05
1487       1.06128e-05
1488       1.03343e-05
1489       9.96557e-06
1490       9.70189e-06
1491       9.41341e-06
1492       9.52563e-06
1493       9.67128e-06
1494       9.80312e-06
1495       1.01331e-05
1496       1.0458e-05
1497       1.06419e-05
1498       1.06818e-05
1499       1.08701e-05
1500       1.09011e-05
1501       1.10786e-05
1502       1.15199e-05
1503       1.17392e-05
1504       1.15018e-05
1505       1.08954e-05
1506       1.04957e-05
1507       1.04179e-05
1508       1.02603e-05
1509       1.0527e-05
1510       1.05888e-05
1511       1.02093e-05
1512       1.02934e-05
1513       1.06138e-05
1514       1.06215e-05
1515       1.05108e-05
1516       1.02061e-05
1517       1.00431e-05
1518       1.02594e-05
1519       1.03183e-05
1520       1.0074e-05
1521       1.01619e-05
1522       1.02067e-05
1523       1.00273e-05
1524       1.01143e-05
1525       1.05499e-05
1526       1.05641e-05
1527       1.03262e-05
1528       1.01079e-05
1529       9.97031e-06
1530       1.01259e-05
1531       1.02891e-05
1532       1.0548e-05
1533       1.06807e-05
1534       1.051e-05 
1535       1.02927e-05
1536       9.76083e-06
1537       9.37801e-06
1538       9.27538e-06
1539       9.20719e-06
1540       9.49079e-06
1541       9.73968e-06
1542       9.81112e-06
1543       1.00243e-05
1544       1.03724e-05
1545       1.03156e-05
1546       1.01392e-05
1547       1.00993e-05
1548       1.01644e-05
1549       1.03738e-05
1550       1.04271e-05
1551       1.01864e-05
1552       9.89112e-06
1553       9.69982e-06
1554       9.46764e-06
1555       9.3858e-06
1556       9.80636e-06
1557       1.0104e-05
1558       9.7491e-06
1559       9.25118e-06
1560       9.13211e-06
1561       9.50236e-06
1562       9.82421e-06
1563       9.9419e-06
1564       9.72582e-06
1565       9.46053e-06
1566       9.45993e-06
1567       9.6298e-06
1568       9.94884e-06
1569       1.04718e-05
1570       1.03592e-05
1571       9.71301e-06
1572       9.49181e-06
1573       9.42701e-06
1574       9.51309e-06
1575       9.75783e-06
1576       9.89236e-06
1577       9.82297e-06
1578       9.9059e-06
1579       1.00368e-05
1580       1.01956e-05
1581       1.02566e-05
1582       1.0349e-05
1583       1.02112e-05
1584       1.01494e-05
1585       1.01128e-05
1586       1.00664e-05
1587       1.02044e-05
1588       1.01892e-05
1589       1.00803e-05
1590       1.02557e-05
1591       1.05308e-05
1592       1.02245e-05
1593       9.72222e-06
1594       9.10602e-06
1595       8.93888e-06
1596       9.22322e-06
1597       9.62837e-06
1598       1.00093e-05
1599       1.02286e-05
1600       1.00989e-05
