# Freq.    Mag.
0          2.16249e-05
1          2.11505e-05
2          1.54581e-05
3          9.26511e-06
4          8.42574e-06
5          7.90171e-06
6          7.37954e-06
7          7.29693e-06
8          7.21435e-06
9          7.12932e-06
10         7.15285e-06
11         6.90307e-06
12         6.88235e-06
13         7.21175e-06
14         7.6039e-06
15         7.55683e-06
16         7.57793e-06
17         7.77263e-06
18         7.74387e-06
19         7.7068e-06
20         7.58554e-06
21         7.67542e-06
22         7.92429e-06
23         8.16349e-06
24         8.54821e-06
25         8.72359e-06
26         8.56736e-06
27         8.49353e-06
28         8.32739e-06
29         7.95085e-06
30         7.86363e-06
31         8.2316e-06
32         8.51056e-06
33         8.67622e-06
34         8.62842e-06
35         8.23234e-06
36         8.05982e-06
37         9.53004e-06
38         1.27892e-05
39         1.36727e-05
40         1.35641e-05
41         1.22413e-05
42         9.13439e-06
43         7.9844e-06
44         7.78518e-06
45         7.75338e-06
46         7.87536e-06
47         8.17856e-06
48         8.35029e-06
49         8.04193e-06
50         7.71054e-06
51         7.75574e-06
52         7.98781e-06
53         7.9151e-06
54         7.9346e-06
55         8.31801e-06
56         8.75433e-06
57         9.10724e-06
58         9.08567e-06
59         8.93538e-06
60         8.69234e-06
61         8.52449e-06
62         8.54207e-06
63         8.41637e-06
64         8.29345e-06
65         8.23012e-06
66         8.33534e-06
67         8.667e-06 
68         8.81574e-06
69         8.61849e-06
70         8.39292e-06
71         8.02851e-06
72         7.74061e-06
73         7.87867e-06
74         8.06368e-06
75         8.1547e-06
76         8.03208e-06
77         8.14126e-06
78         8.37705e-06
79         8.43055e-06
80         8.39886e-06
81         8.47038e-06
82         8.52627e-06
83         8.45002e-06
84         8.38394e-06
85         8.28566e-06
86         8.25781e-06
87         8.51399e-06
88         8.73791e-06
89         8.76818e-06
90         8.66649e-06
91         8.47261e-06
92         8.40161e-06
93         8.46231e-06
94         8.44718e-06
95         8.41796e-06
96         8.42911e-06
97         8.38088e-06
98         8.30222e-06
99         8.14933e-06
100        8.11194e-06
101        8.38702e-06
102        8.80639e-06
103        8.90806e-06
104        8.65276e-06
105        8.07995e-06
106        7.96732e-06
107        8.20307e-06
108        8.31723e-06
109        8.50511e-06
110        8.73062e-06
111        8.89453e-06
112        8.71327e-06
113        8.60084e-06
114        8.52214e-06
115        8.17775e-06
116        7.92004e-06
117        8.11564e-06
118        8.5028e-06
119        8.90539e-06
120        8.9567e-06
121        8.93275e-06
122        8.94462e-06
123        8.94389e-06
124        8.76044e-06
125        8.48872e-06
126        8.39493e-06
127        8.30517e-06
128        8.0879e-06
129        8.18694e-06
130        8.31923e-06
131        8.06285e-06
132        7.94244e-06
133        8.16783e-06
134        8.58437e-06
135        8.68369e-06
136        8.36628e-06
137        8.23835e-06
138        8.26342e-06
139        8.14948e-06
140        7.9346e-06
141        7.82311e-06
142        8.10781e-06
143        8.46433e-06
144        8.66192e-06
145        8.63493e-06
146        8.63287e-06
147        8.73711e-06
148        8.6679e-06
149        8.63192e-06
150        8.6949e-06
151        8.59089e-06
152        8.1187e-06
153        7.84184e-06
154        7.97717e-06
155        8.05406e-06
156        8.32804e-06
157        8.56657e-06
158        8.60079e-06
159        8.5809e-06
160        8.36083e-06
161        8.17513e-06
162        7.99974e-06
163        8.01998e-06
164        8.33561e-06
165        8.49271e-06
166        8.37881e-06
167        8.09076e-06
168        8.03548e-06
169        8.19069e-06
170        8.17425e-06
171        7.79598e-06
172        7.64887e-06
173        7.83477e-06
174        7.85479e-06
175        7.93307e-06
176        8.09098e-06
177        8.22642e-06
178        8.29676e-06
179        8.54684e-06
180        8.8935e-06
181        8.60134e-06
182        7.94691e-06
183        7.79947e-06
184        7.89912e-06
185        7.71453e-06
186        7.53985e-06
187        7.72807e-06
188        8.32113e-06
189        8.72341e-06
190        8.53907e-06
191        8.36896e-06
192        8.39516e-06
193        8.36599e-06
194        8.36964e-06
195        8.32736e-06
196        8.38935e-06
197        8.69338e-06
198        8.78003e-06
199        8.50485e-06
200        8.30443e-06
201        8.2546e-06
202        8.21981e-06
203        8.30336e-06
204        8.63445e-06
205        8.78453e-06
206        8.69126e-06
207        8.49621e-06
208        8.37077e-06
209        8.38269e-06
210        8.26195e-06
211        8.19225e-06
212        8.07197e-06
213        7.96606e-06
214        7.97861e-06
215        8.08894e-06
216        8.31172e-06
217        8.40957e-06
218        8.28903e-06
219        8.11601e-06
220        7.86377e-06
221        7.79398e-06
222        8.1716e-06
223        8.39923e-06
224        8.40499e-06
225        8.28918e-06
226        8.07962e-06
227        8.04957e-06
228        7.97204e-06
229        7.95962e-06
230        8.03509e-06
231        8.39992e-06
232        8.79637e-06
233        8.94596e-06
234        8.92582e-06
235        8.95722e-06
236        8.79094e-06
237        8.46516e-06
238        8.41263e-06
239        8.32431e-06
240        8.16467e-06
241        8.11503e-06
242        8.18706e-06
243        8.43731e-06
244        8.69102e-06
245        8.59817e-06
246        8.30792e-06
247        8.29622e-06
248        8.26392e-06
249        8.0927e-06
250        8.37091e-06
251        8.63395e-06
252        8.6654e-06
253        8.33719e-06
254        7.72051e-06
255        7.4024e-06
256        7.30882e-06
257        7.66963e-06
258        8.00409e-06
259        8.19951e-06
260        7.97515e-06
261        7.78502e-06
262        7.612e-06 
263        7.4824e-06
264        7.52466e-06
265        7.63739e-06
266        7.85694e-06
267        8.11288e-06
268        8.21135e-06
269        8.31543e-06
270        8.42593e-06
271        8.28826e-06
272        8.13945e-06
273        8.02846e-06
274        7.94683e-06
275        7.77869e-06
276        7.62263e-06
277        7.83827e-06
278        8.16285e-06
279        8.49686e-06
280        8.5103e-06
281        8.05197e-06
282        7.51777e-06
283        7.08644e-06
284        7.18902e-06
285        7.64658e-06
286        7.92669e-06
287        8.00114e-06
288        8.08149e-06
289        8.48254e-06
290        8.83925e-06
291        8.93937e-06
292        8.80474e-06
293        8.37566e-06
294        8.05572e-06
295        8.02242e-06
296        8.153e-06 
297        8.30984e-06
298        8.24433e-06
299        8.21436e-06
300        8.05179e-06
301        7.81631e-06
302        7.80946e-06
303        7.88268e-06
304        8.08318e-06
305        8.0362e-06
306        7.84127e-06
307        7.84434e-06
308        7.80596e-06
309        7.85026e-06
310        8.01503e-06
311        8.33317e-06
312        8.57393e-06
313        8.62267e-06
314        8.58118e-06
315        8.56296e-06
316        8.59111e-06
317        8.46833e-06
318        7.97315e-06
319        7.71774e-06
320        7.81517e-06
321        8.01722e-06
322        8.19574e-06
323        8.02721e-06
324        7.87092e-06
325        7.6609e-06
326        7.70038e-06
327        7.81707e-06
328        7.83692e-06
329        8.00321e-06
330        8.33599e-06
331        8.40678e-06
332        8.17185e-06
333        8.11108e-06
334        8.14363e-06
335        8.16406e-06
336        7.88658e-06
337        7.60581e-06
338        7.64402e-06
339        7.84794e-06
340        7.797e-06 
341        7.4925e-06
342        7.33705e-06
343        7.52075e-06
344        7.96323e-06
345        8.29899e-06
346        8.22938e-06
347        7.91017e-06
348        7.64045e-06
349        7.39416e-06
350        7.25007e-06
351        7.3716e-06
352        7.43114e-06
353        7.54249e-06
354        7.56412e-06
355        7.50027e-06
356        7.70323e-06
357        7.95464e-06
358        8.02748e-06
359        8.1665e-06
360        8.18759e-06
361        8.01592e-06
362        7.85623e-06
363        7.67284e-06
364        7.41363e-06
365        7.3693e-06
366        7.49147e-06
367        7.70678e-06
368        7.99187e-06
369        8.15742e-06
370        8.41406e-06
371        8.49006e-06
372        8.31421e-06
373        8.14968e-06
374        8.02779e-06
375        8.13091e-06
376        8.31055e-06
377        8.52594e-06
378        8.51714e-06
379        8.31153e-06
380        8.05563e-06
381        8.04591e-06
382        7.98329e-06
383        7.85402e-06
384        7.84698e-06
385        7.86722e-06
386        8.00011e-06
387        8.16196e-06
388        8.03938e-06
389        7.6493e-06
390        7.59406e-06
391        7.91575e-06
392        8.27984e-06
393        8.55194e-06
394        8.58838e-06
395        8.07459e-06
396        7.36976e-06
397        6.92142e-06
398        6.85131e-06
399        7.12684e-06
400        7.38279e-06
401        7.45447e-06
402        7.68965e-06
403        8.12113e-06
404        8.32499e-06
405        7.99315e-06
406        7.5456e-06
407        7.17871e-06
408        7.115e-06 
409        7.39193e-06
410        7.76184e-06
411        8.01349e-06
412        8.39719e-06
413        8.56748e-06
414        8.44958e-06
415        8.08678e-06
416        7.98624e-06
417        8.04359e-06
418        7.89196e-06
419        7.85061e-06
420        7.80248e-06
421        7.7816e-06
422        7.83682e-06
423        7.84647e-06
424        7.48856e-06
425        7.11422e-06
426        7.0806e-06
427        7.35599e-06
428        7.88821e-06
429        8.19796e-06
430        8.09752e-06
431        7.897e-06 
432        7.60491e-06
433        7.46307e-06
434        7.59697e-06
435        7.86375e-06
436        8.20391e-06
437        8.40684e-06
438        8.38628e-06
439        8.31618e-06
440        8.06094e-06
441        7.74175e-06
442        7.50024e-06
443        7.36359e-06
444        7.29073e-06
445        7.26886e-06
446        7.19841e-06
447        7.12624e-06
448        7.30011e-06
449        7.63997e-06
450        7.9031e-06
451        7.74412e-06
452        7.51765e-06
453        7.35405e-06
454        7.32734e-06
455        7.65106e-06
456        7.97068e-06
457        8.17382e-06
458        8.28529e-06
459        8.13045e-06
460        8.10667e-06
461        8.14471e-06
462        8.0285e-06
463        8.17154e-06
464        8.26023e-06
465        8.26099e-06
466        8.12245e-06
467        7.95221e-06
468        7.95162e-06
469        7.95116e-06
470        7.85424e-06
471        7.85341e-06
472        7.8341e-06
473        7.81175e-06
474        7.7591e-06
475        7.51995e-06
476        7.65193e-06
477        8.09926e-06
478        8.22459e-06
479        7.90029e-06
480        7.57342e-06
481        7.54743e-06
482        7.66481e-06
483        7.56117e-06
484        7.19439e-06
485        7.20054e-06
486        7.57571e-06
487        7.99973e-06
488        8.12704e-06
489        8.00051e-06
490        7.90005e-06
491        7.86438e-06
492        7.9114e-06
493        8.10405e-06
494        8.3057e-06
495        8.30001e-06
496        7.92594e-06
497        7.59667e-06
498        7.50766e-06
499        7.57846e-06
500        7.77238e-06
501        7.92583e-06
502        8.08046e-06
503        8.25092e-06
504        8.27928e-06
505        8.28241e-06
506        8.34759e-06
507        8.26521e-06
508        8.19485e-06
509        8.0323e-06
510        7.88285e-06
511        7.85084e-06
512        7.90381e-06
513        7.48851e-06
514        7.13825e-06
515        6.84812e-06
516        6.77396e-06
517        7.01131e-06
518        7.29326e-06
519        7.59881e-06
520        7.62905e-06
521        7.7285e-06
522        7.81311e-06
523        7.81588e-06
524        7.867e-06 
525        7.92904e-06
526        7.98951e-06
527        7.9998e-06
528        7.74873e-06
529        7.52803e-06
530        7.38558e-06
531        7.47408e-06
532        7.94833e-06
533        8.16648e-06
534        8.10731e-06
535        8.02173e-06
536        7.76756e-06
537        7.67335e-06
538        7.968e-06 
539        8.24777e-06
540        8.28068e-06
541        7.95988e-06
542        7.73176e-06
543        7.79007e-06
544        7.73757e-06
545        7.80918e-06
546        7.80031e-06
547        7.6792e-06
548        7.44519e-06
549        7.16085e-06
550        7.20093e-06
551        7.23561e-06
552        7.13151e-06
553        7.17565e-06
554        7.17709e-06
555        7.33157e-06
556        7.51202e-06
557        7.61007e-06
558        7.55841e-06
559        7.39062e-06
560        7.2386e-06
561        7.19564e-06
562        7.23235e-06
563        7.12709e-06
564        7.23346e-06
565        7.32575e-06
566        7.36391e-06
567        7.51876e-06
568        7.75768e-06
569        8.03246e-06
570        8.04383e-06
571        7.81336e-06
572        7.75483e-06
573        7.60399e-06
574        7.25219e-06
575        7.03679e-06
576        7.14894e-06
577        7.28698e-06
578        7.3418e-06
579        7.33477e-06
580        7.08279e-06
581        6.94086e-06
582        7.06475e-06
583        7.20269e-06
584        7.32829e-06
585        7.5593e-06
586        7.93909e-06
587        8.21865e-06
588        8.1719e-06
589        7.73007e-06
590        7.30987e-06
591        7.04174e-06
592        6.91932e-06
593        7.06704e-06
594        7.45901e-06
595        7.68516e-06
596        7.61974e-06
597        7.49474e-06
598        7.42127e-06
599        7.43451e-06
600        7.31282e-06
601        7.24327e-06
602        7.33889e-06
603        7.46425e-06
604        7.34672e-06
605        7.05557e-06
606        6.75965e-06
607        6.82407e-06
608        6.86073e-06
609        6.68523e-06
610        6.67103e-06
611        6.87553e-06
612        7.22926e-06
613        7.59634e-06
614        7.93789e-06
615        8.23163e-06
616        8.2587e-06
617        8.02648e-06
618        7.77377e-06
619        7.51273e-06
620        7.50493e-06
621        7.44256e-06
622        7.24917e-06
623        7.16746e-06
624        7.22917e-06
625        7.27908e-06
626        7.54038e-06
627        7.83294e-06
628        7.63322e-06
629        7.5206e-06
630        7.42941e-06
631        7.18612e-06
632        7.20927e-06
633        7.3656e-06
634        7.56826e-06
635        7.47121e-06
636        7.27039e-06
637        7.27551e-06
638        7.45692e-06
639        7.53149e-06
640        7.35842e-06
641        7.04907e-06
642        6.78702e-06
643        6.74845e-06
644        7.02379e-06
645        7.33739e-06
646        7.50581e-06
647        7.63564e-06
648        7.64782e-06
649        7.68245e-06
650        7.78243e-06
651        7.61306e-06
652        7.29623e-06
653        7.12563e-06
654        7.18051e-06
655        7.23271e-06
656        7.27302e-06
657        7.14682e-06
658        7.04911e-06
659        7.28864e-06
660        7.62303e-06
661        7.74089e-06
662        7.50293e-06
663        7.23406e-06
664        7.04621e-06
665        6.9635e-06
666        7.07159e-06
667        7.20254e-06
668        7.45076e-06
669        7.58453e-06
670        7.35783e-06
671        7.27176e-06
672        7.149e-06 
673        6.83104e-06
674        6.63645e-06
675        6.72069e-06
676        6.90135e-06
677        7.09983e-06
678        7.27266e-06
679        7.03588e-06
680        6.70214e-06
681        6.68684e-06
682        6.85395e-06
683        7.0076e-06
684        7.15266e-06
685        7.51405e-06
686        7.66808e-06
687        7.55252e-06
688        7.13513e-06
689        6.66148e-06
690        6.64577e-06
691        6.92547e-06
692        7.4349e-06
693        7.51725e-06
694        7.33149e-06
695        7.26538e-06
696        7.17641e-06
697        7.09446e-06
698        7.03012e-06
699        6.92727e-06
700        7.03428e-06
701        7.10203e-06
702        6.92086e-06
703        6.68176e-06
704        6.53466e-06
705        6.60354e-06
706        7.01257e-06
707        7.43988e-06
708        7.58104e-06
709        7.50844e-06
710        7.27283e-06
711        7.11478e-06
712        7.10255e-06
713        7.01888e-06
714        7.12648e-06
715        7.46064e-06
716        7.70015e-06
717        7.59487e-06
718        7.35979e-06
719        7.32351e-06
720        7.35448e-06
721        7.38067e-06
722        7.35488e-06
723        7.49389e-06
724        7.54282e-06
725        7.48863e-06
726        7.35678e-06
727        7.13647e-06
728        6.87984e-06
729        6.61892e-06
730        6.57074e-06
731        6.7823e-06
732        6.90781e-06
733        6.86799e-06
734        6.94713e-06
735        7.18118e-06
736        7.26797e-06
737        7.00168e-06
738        6.77969e-06
739        6.83112e-06
740        6.80075e-06
741        6.9427e-06
742        7.1397e-06
743        7.03106e-06
744        6.78761e-06
745        6.75854e-06
746        6.9209e-06
747        7.17082e-06
748        7.0158e-06
749        6.56296e-06
750        6.49877e-06
751        6.65153e-06
752        6.64874e-06
753        6.29317e-06
754        6.33572e-06
755        6.58051e-06
756        6.61941e-06
757        6.82739e-06
758        7.17986e-06
759        7.81944e-06
760        8.15239e-06
761        7.83796e-06
762        7.36679e-06
763        7.20246e-06
764        7.40429e-06
765        7.6196e-06
766        7.54921e-06
767        7.5304e-06
768        7.47577e-06
769        7.24699e-06
770        7.11053e-06
771        7.06964e-06
772        7.08989e-06
773        7.15572e-06
774        7.01786e-06
775        6.8552e-06
776        6.90206e-06
777        6.96792e-06
778        6.98412e-06
779        6.73662e-06
780        6.64764e-06
781        6.72493e-06
782        6.72035e-06
783        6.77179e-06
784        6.85844e-06
785        6.81879e-06
786        6.65378e-06
787        6.69476e-06
788        6.90757e-06
789        7.07187e-06
790        7.06679e-06
791        6.87436e-06
792        6.73173e-06
793        6.69647e-06
794        6.83986e-06
795        6.93059e-06
796        7.07974e-06
797        7.19208e-06
798        7.00072e-06
799        6.95032e-06
800        7.15837e-06
801        7.30987e-06
802        7.29032e-06
803        7.16883e-06
804        7.29855e-06
805        7.50595e-06
806        7.36604e-06
807        6.99592e-06
808        6.75974e-06
809        6.96535e-06
810        7.32516e-06
811        7.22671e-06
812        7.07154e-06
813        7.0617e-06
814        7.102e-06 
815        7.06231e-06
816        6.7076e-06
817        6.60381e-06
818        6.86254e-06
819        7.23173e-06
820        7.38922e-06
821        7.21116e-06
822        7.00242e-06
823        6.83822e-06
824        6.91652e-06
825        7.10728e-06
826        7.19243e-06
827        7.10462e-06
828        7.0308e-06
829        7.23479e-06
830        7.2304e-06
831        6.90497e-06
832        6.45897e-06
833        6.30158e-06
834        6.49598e-06
835        6.70553e-06
836        6.77041e-06
837        6.72519e-06
838        6.88424e-06
839        6.98814e-06
840        7.02206e-06
841        6.93997e-06
842        6.79086e-06
843        6.80251e-06
844        6.92699e-06
845        6.9028e-06
846        6.69503e-06
847        6.61804e-06
848        6.75897e-06
849        7.02921e-06
850        7.17022e-06
851        6.93583e-06
852        6.6099e-06
853        6.44397e-06
854        6.56944e-06
855        7.06751e-06
856        7.20645e-06
857        7.0006e-06
858        6.64429e-06
859        6.37593e-06
860        6.21707e-06
861        6.30618e-06
862        6.60906e-06
863        6.65566e-06
864        6.50736e-06
865        6.35986e-06
866        6.41301e-06
867        6.59437e-06
868        6.72033e-06
869        6.84311e-06
870        6.81798e-06
871        6.85356e-06
872        6.99313e-06
873        6.96118e-06
874        6.76326e-06
875        6.52097e-06
876        6.38202e-06
877        6.52254e-06
878        6.71488e-06
879        6.81858e-06
880        6.8645e-06
881        6.9564e-06
882        7.21275e-06
883        7.09552e-06
884        6.72486e-06
885        6.69014e-06
886        6.89499e-06
887        7.13839e-06
888        7.14451e-06
889        7.10437e-06
890        7.02836e-06
891        6.65886e-06
892        6.30108e-06
893        6.44132e-06
894        6.85151e-06
895        7.08337e-06
896        7.07429e-06
897        6.83623e-06
898        6.70843e-06
899        6.70415e-06
900        6.87085e-06
901        7.10003e-06
902        6.88285e-06
903        6.60728e-06
904        6.60517e-06
905        6.58986e-06
906        6.58143e-06
907        6.56355e-06
908        6.47387e-06
909        6.46132e-06
910        6.70847e-06
911        6.73968e-06
912        6.56683e-06
913        6.53043e-06
914        6.59987e-06
915        6.62057e-06
916        6.59628e-06
917        6.69339e-06
918        6.64952e-06
919        6.47709e-06
920        6.32072e-06
921        6.3956e-06
922        6.61046e-06
923        6.56752e-06
924        6.53089e-06
925        6.56763e-06
926        6.60347e-06
927        6.55645e-06
928        6.67263e-06
929        6.65947e-06
930        6.37619e-06
931        6.18178e-06
932        6.17061e-06
933        6.24501e-06
934        6.35611e-06
935        6.59797e-06
936        6.66543e-06
937        6.44371e-06
938        6.37031e-06
939        6.60591e-06
940        6.92135e-06
941        6.87439e-06
942        6.69939e-06
943        6.65467e-06
944        6.73665e-06
945        6.84181e-06
946        6.66764e-06
947        6.46842e-06
948        6.40758e-06
949        6.63707e-06
950        6.96786e-06
951        7.01616e-06
952        6.95189e-06
953        6.66608e-06
954        6.43177e-06
955        6.25362e-06
956        6.08966e-06
957        6.02702e-06
958        6.07885e-06
959        6.25346e-06
960        6.46732e-06
961        6.56959e-06
962        6.59243e-06
963        6.55423e-06
964        6.41179e-06
965        6.31076e-06
966        6.21781e-06
967        6.19729e-06
968        6.32135e-06
969        6.51521e-06
970        6.75254e-06
971        6.62473e-06
972        6.33517e-06
973        6.27712e-06
974        6.40669e-06
975        6.51473e-06
976        6.59864e-06
977        6.493e-06 
978        6.35074e-06
979        6.33878e-06
980        6.43323e-06
981        6.58581e-06
982        6.62887e-06
983        6.6051e-06
984        6.44402e-06
985        6.43728e-06
986        6.44239e-06
987        6.45798e-06
988        6.63245e-06
989        6.62895e-06
990        6.43897e-06
991        6.40302e-06
992        6.55227e-06
993        6.69511e-06
994        6.72996e-06
995        6.59029e-06
996        6.36257e-06
997        6.22223e-06
998        6.66743e-06
999        7.40639e-06
1000       7.62205e-06
1001       7.76206e-06
1002       7.10837e-06
1003       6.27816e-06
1004       6.08004e-06
1005       6.0602e-06
1006       5.93862e-06
1007       6.01505e-06
1008       6.13234e-06
1009       6.33076e-06
1010       6.48009e-06
1011       6.38646e-06
1012       6.44415e-06
1013       6.48816e-06
1014       6.44563e-06
1015       6.36391e-06
1016       6.21759e-06
1017       6.0526e-06
1018       6.01211e-06
1019       6.18772e-06
1020       6.25879e-06
1021       6.27009e-06
1022       6.35312e-06
1023       6.57237e-06
1024       6.74337e-06
1025       6.81019e-06
1026       6.95646e-06
1027       7.05255e-06
1028       6.83603e-06
1029       6.61645e-06
1030       6.40165e-06
1031       6.05325e-06
1032       5.94015e-06
1033       6.06484e-06
1034       6.18813e-06
1035       6.36099e-06
1036       6.44572e-06
1037       6.48046e-06
1038       6.54331e-06
1039       6.42937e-06
1040       6.27062e-06
1041       6.32814e-06
1042       6.39559e-06
1043       6.39152e-06
1044       6.31512e-06
1045       6.06457e-06
1046       5.80954e-06
1047       5.87491e-06
1048       6.10282e-06
1049       6.26922e-06
1050       6.23753e-06
1051       6.08757e-06
1052       6.08392e-06
1053       6.01682e-06
1054       6.02555e-06
1055       6.2085e-06
1056       6.70735e-06
1057       6.97657e-06
1058       6.73011e-06
1059       6.35777e-06
1060       6.25214e-06
1061       6.26359e-06
1062       6.35011e-06
1063       6.43693e-06
1064       6.36217e-06
1065       6.30999e-06
1066       6.35284e-06
1067       6.33083e-06
1068       6.24284e-06
1069       6.18969e-06
1070       6.27813e-06
1071       6.33096e-06
1072       6.38495e-06
1073       6.48854e-06
1074       6.57274e-06
1075       6.6596e-06
1076       6.59002e-06
1077       6.26375e-06
1078       5.83033e-06
1079       5.77107e-06
1080       5.93654e-06
1081       5.96411e-06
1082       5.98039e-06
1083       6.00925e-06
1084       5.99019e-06
1085       5.86401e-06
1086       5.7512e-06
1087       5.60919e-06
1088       5.74648e-06
1089       5.90841e-06
1090       5.8436e-06
1091       5.83228e-06
1092       5.85006e-06
1093       6.01332e-06
1094       6.19127e-06
1095       6.21465e-06
1096       6.29574e-06
1097       6.48158e-06
1098       6.6892e-06
1099       6.72417e-06
1100       6.63991e-06
1101       6.52478e-06
1102       6.41606e-06
1103       6.48025e-06
1104       6.54271e-06
1105       6.70582e-06
1106       6.61151e-06
1107       6.25667e-06
1108       6.02182e-06
1109       5.96292e-06
1110       6.03008e-06
1111       6.14043e-06
1112       6.02522e-06
1113       5.62928e-06
1114       5.54566e-06
1115       5.94967e-06
1116       6.1716e-06
1117       6.23731e-06
1118       6.20401e-06
1119       6.17453e-06
1120       6.14093e-06
1121       6.05723e-06
1122       6.07408e-06
1123       6.05313e-06
1124       6.02093e-06
1125       6.27386e-06
1126       6.44145e-06
1127       6.4289e-06
1128       6.42961e-06
1129       6.31575e-06
1130       6.12462e-06
1131       5.9896e-06
1132       5.95602e-06
1133       6.00565e-06
1134       5.96715e-06
1135       5.86877e-06
1136       5.89558e-06
1137       6.09878e-06
1138       6.1314e-06
1139       6.14562e-06
1140       6.24265e-06
1141       6.27048e-06
1142       6.40431e-06
1143       6.6794e-06
1144       6.73561e-06
1145       6.5568e-06
1146       6.39637e-06
1147       6.30625e-06
1148       6.40514e-06
1149       6.45089e-06
1150       6.25587e-06
1151       6.22908e-06
1152       6.36357e-06
1153       6.37768e-06
1154       6.41594e-06
1155       6.2382e-06
1156       5.98738e-06
1157       5.84783e-06
1158       5.70895e-06
1159       5.53603e-06
1160       5.39766e-06
1161       5.59755e-06
1162       6.078e-06 
1163       6.3438e-06
1164       6.00602e-06
1165       5.55537e-06
1166       5.4651e-06
1167       5.67084e-06
1168       5.83451e-06
1169       6.17431e-06
1170       6.44868e-06
1171       6.43901e-06
1172       6.35613e-06
1173       6.10453e-06
1174       5.79147e-06
1175       5.58077e-06
1176       5.46888e-06
1177       5.76931e-06
1178       6.30989e-06
1179       6.53563e-06
1180       6.58953e-06
1181       6.49711e-06
1182       6.50157e-06
1183       6.48243e-06
1184       6.30774e-06
1185       6.15643e-06
1186       5.87512e-06
1187       5.67722e-06
1188       5.93528e-06
1189       6.02245e-06
1190       5.90951e-06
1191       5.85868e-06
1192       6.00228e-06
1193       6.31225e-06
1194       6.2969e-06
1195       5.97101e-06
1196       5.75419e-06
1197       5.76836e-06
1198       5.92583e-06
1199       6.07075e-06
1200       6.11773e-06
1201       6.05378e-06
1202       5.85622e-06
1203       5.48491e-06
1204       5.32414e-06
1205       5.53084e-06
1206       5.87124e-06
1207       6.1353e-06
1208       5.93712e-06
1209       5.43812e-06
1210       5.152e-06 
1211       5.10894e-06
1212       5.30197e-06
1213       5.46379e-06
1214       5.56308e-06
1215       5.63633e-06
1216       5.57744e-06
1217       5.44722e-06
1218       5.33511e-06
1219       5.2932e-06
1220       5.52652e-06
1221       5.76168e-06
1222       5.9138e-06
1223       5.95449e-06
1224       5.9543e-06
1225       6.01448e-06
1226       6.09139e-06
1227       6.17982e-06
1228       6.1123e-06
1229       5.98241e-06
1230       5.81722e-06
1231       5.64403e-06
1232       5.73377e-06
1233       5.8591e-06
1234       6.02433e-06
1235       6.26138e-06
1236       6.33875e-06
1237       6.22946e-06
1238       6.08634e-06
1239       5.98499e-06
1240       5.97744e-06
1241       5.93388e-06
1242       5.64952e-06
1243       5.53302e-06
1244       5.52644e-06
1245       5.64711e-06
1246       5.85094e-06
1247       5.92221e-06
1248       5.90061e-06
1249       5.88562e-06
1250       5.81751e-06
1251       5.89865e-06
1252       6.09755e-06
1253       6.05448e-06
1254       6.03403e-06
1255       6.1081e-06
1256       6.01207e-06
1257       5.79624e-06
1258       5.77709e-06
1259       6.06452e-06
1260       6.33339e-06
1261       6.35941e-06
1262       6.20258e-06
1263       5.98484e-06
1264       5.88981e-06
1265       6.01419e-06
1266       6.09413e-06
1267       5.90933e-06
1268       5.72471e-06
1269       5.58156e-06
1270       5.52223e-06
1271       5.71104e-06
1272       5.93791e-06
1273       5.91782e-06
1274       5.79175e-06
1275       5.82741e-06
1276       5.91675e-06
1277       5.85142e-06
1278       5.55153e-06
1279       5.15859e-06
1280       5.08661e-06
1281       5.14497e-06
1282       5.23698e-06
1283       5.31102e-06
1284       5.45509e-06
1285       5.6313e-06
1286       5.69936e-06
1287       5.72196e-06
1288       5.53623e-06
1289       5.36347e-06
1290       5.46869e-06
1291       5.70298e-06
1292       5.84903e-06
1293       5.77666e-06
1294       5.56864e-06
1295       5.33325e-06
1296       5.24746e-06
1297       5.41922e-06
1298       5.62517e-06
1299       5.75401e-06
1300       5.77712e-06
1301       5.84513e-06
1302       5.82208e-06
1303       5.61013e-06
1304       5.5767e-06
1305       5.56474e-06
1306       5.64265e-06
1307       5.66221e-06
1308       5.46997e-06
1309       5.35107e-06
1310       5.48769e-06
1311       5.7634e-06
1312       5.79429e-06
1313       5.81103e-06
1314       5.90998e-06
1315       5.92081e-06
1316       5.90811e-06
1317       5.80242e-06
1318       5.68032e-06
1319       5.7503e-06
1320       5.87864e-06
1321       5.98018e-06
1322       5.95929e-06
1323       5.77038e-06
1324       5.57385e-06
1325       5.60997e-06
1326       5.5555e-06
1327       5.50919e-06
1328       5.52598e-06
1329       5.4334e-06
1330       5.27671e-06
1331       5.23101e-06
1332       5.39341e-06
1333       5.61248e-06
1334       5.70443e-06
1335       5.63822e-06
1336       5.61573e-06
1337       5.59343e-06
1338       5.6202e-06
1339       5.65626e-06
1340       5.60346e-06
1341       5.61386e-06
1342       5.54497e-06
1343       5.34234e-06
1344       5.36239e-06
1345       5.41978e-06
1346       5.45283e-06
1347       5.65305e-06
1348       5.77442e-06
1349       5.63866e-06
1350       5.48641e-06
1351       5.35193e-06
1352       5.4233e-06
1353       5.58503e-06
1354       5.61847e-06
1355       5.66332e-06
1356       5.68241e-06
1357       5.74905e-06
1358       5.63697e-06
1359       5.3925e-06
1360       5.27803e-06
1361       5.33867e-06
1362       5.5836e-06
1363       5.76114e-06
1364       5.63696e-06
1365       5.56559e-06
1366       5.47343e-06
1367       5.31694e-06
1368       5.2798e-06
1369       5.42654e-06
1370       5.64209e-06
1371       5.7406e-06
1372       5.70325e-06
1373       5.5673e-06
1374       5.52947e-06
1375       5.61295e-06
1376       5.58334e-06
1377       5.64102e-06
1378       5.82025e-06
1379       5.86671e-06
1380       5.6868e-06
1381       5.48762e-06
1382       5.47042e-06
1383       5.43764e-06
1384       5.46621e-06
1385       5.52977e-06
1386       5.51787e-06
1387       5.51323e-06
1388       5.61413e-06
1389       5.62588e-06
1390       5.63197e-06
1391       5.48385e-06
1392       5.15779e-06
1393       4.90935e-06
1394       4.94281e-06
1395       5.29914e-06
1396       5.68706e-06
1397       5.83333e-06
1398       5.88926e-06
1399       5.9444e-06
1400       6.07056e-06
1401       6.10017e-06
1402       5.91378e-06
1403       5.63323e-06
1404       5.45967e-06
1405       5.39257e-06
1406       5.51041e-06
1407       5.61819e-06
1408       5.77131e-06
1409       5.86406e-06
1410       5.7597e-06
1411       5.59533e-06
1412       5.50807e-06
1413       5.4814e-06
1414       5.3961e-06
1415       5.33231e-06
1416       5.18425e-06
1417       4.96967e-06
1418       4.9193e-06
1419       5.05867e-06
1420       5.24904e-06
1421       5.40159e-06
1422       5.44101e-06
1423       5.29316e-06
1424       5.21293e-06
1425       5.13207e-06
1426       5.10152e-06
1427       5.22385e-06
1428       5.37569e-06
1429       5.48952e-06
1430       5.44443e-06
1431       5.39785e-06
1432       5.31291e-06
1433       5.05245e-06
1434       4.8566e-06
1435       4.93846e-06
1436       5.10208e-06
1437       5.25617e-06
1438       5.40084e-06
1439       5.45043e-06
1440       5.50018e-06
1441       5.59841e-06
1442       5.65359e-06
1443       5.67103e-06
1444       5.65692e-06
1445       5.60938e-06
1446       5.6391e-06
1447       5.49839e-06
1448       5.17683e-06
1449       5.0154e-06
1450       4.97687e-06
1451       4.98139e-06
1452       5.05982e-06
1453       5.05073e-06
1454       4.8474e-06
1455       4.78229e-06
1456       5.05917e-06
1457       5.34144e-06
1458       5.2495e-06
1459       5.11294e-06
1460       5.23712e-06
1461       5.45619e-06
1462       5.54052e-06
1463       5.53098e-06
1464       5.49135e-06
1465       5.42595e-06
1466       5.41195e-06
1467       5.43574e-06
1468       5.33116e-06
1469       5.20771e-06
1470       5.08616e-06
1471       5.00491e-06
1472       5.28396e-06
1473       5.6386e-06
1474       5.81155e-06
1475       5.8093e-06
1476       5.62613e-06
1477       5.43919e-06
1478       5.36122e-06
1479       5.32067e-06
1480       5.3269e-06
1481       5.25022e-06
1482       5.10608e-06
1483       5.01272e-06
1484       5.03854e-06
1485       5.26789e-06
1486       5.45505e-06
1487       5.37711e-06
1488       5.32577e-06
1489       5.30706e-06
1490       5.34256e-06
1491       5.38171e-06
1492       5.45608e-06
1493       5.56754e-06
1494       5.59358e-06
1495       5.46106e-06
1496       5.29438e-06
1497       5.17927e-06
1498       5.01577e-06
1499       4.88953e-06
1500       4.91408e-06
1501       5.02799e-06
1502       5.24718e-06
1503       5.33306e-06
1504       5.25952e-06
1505       5.28695e-06
1506       5.45382e-06
1507       5.61037e-06
1508       5.77735e-06
1509       5.83231e-06
1510       5.61856e-06
1511       5.32747e-06
1512       5.18416e-06
1513       5.18935e-06
1514       5.04615e-06
1515       4.86882e-06
1516       4.80872e-06
1517       4.79298e-06
1518       4.79969e-06
1519       4.86082e-06
1520       4.84762e-06
1521       4.90241e-06
1522       4.99397e-06
1523       5.05994e-06
1524       5.07612e-06
1525       5.21154e-06
1526       5.40211e-06
1527       5.45453e-06
1528       5.38543e-06
1529       5.21789e-06
1530       5.17596e-06
1531       4.91648e-06
1532       4.70679e-06
1533       4.69074e-06
1534       4.67205e-06
1535       4.69427e-06
1536       4.68763e-06
1537       4.63169e-06
1538       4.59475e-06
1539       4.69174e-06
1540       4.94867e-06
1541       5.09816e-06
1542       5.10142e-06
1543       5.13069e-06
1544       5.17196e-06
1545       5.08837e-06
1546       5.0199e-06
1547       5.00767e-06
1548       5.02198e-06
1549       5.16185e-06
1550       5.20385e-06
1551       5.07725e-06
1552       4.82295e-06
1553       4.79534e-06
1554       5.11938e-06
1555       5.40308e-06
1556       5.42563e-06
1557       5.30995e-06
1558       5.30153e-06
1559       5.30336e-06
1560       5.24238e-06
1561       5.23381e-06
1562       5.35234e-06
1563       5.40792e-06
1564       5.28717e-06
1565       5.03458e-06
1566       5.03682e-06
1567       5.25876e-06
1568       5.3727e-06
1569       5.33286e-06
1570       5.23324e-06
1571       5.15915e-06
1572       5.04518e-06
1573       4.96448e-06
1574       4.92434e-06
1575       4.88755e-06
1576       4.82766e-06
1577       4.82721e-06
1578       4.69305e-06
1579       4.58886e-06
1580       4.67264e-06
1581       4.86333e-06
1582       5.17329e-06
1583       5.35212e-06
1584       5.39474e-06
1585       5.42143e-06
1586       5.31958e-06
1587       5.08298e-06
1588       4.91343e-06
1589       4.93314e-06
1590       5.10076e-06
1591       5.09572e-06
1592       4.92402e-06
1593       4.78073e-06
1594       4.81431e-06
1595       4.88045e-06
1596       4.91247e-06
1597       5.0508e-06
1598       5.06574e-06
1599       4.8546e-06
1600       4.71188e-06
