# Freq.    Mag.
0          8.43429e-06
1          8.21227e-06
2          5.65713e-06
3          2.51405e-06
4          1.99702e-06
5          1.78864e-06
6          1.50541e-06
7          1.27185e-06
8          1.11466e-06
9          1.12815e-06
10         1.21946e-06
11         1.267e-06 
12         1.25323e-06
13         1.20074e-06
14         1.19204e-06
15         1.26564e-06
16         1.30861e-06
17         1.29191e-06
18         1.29913e-06
19         1.31078e-06
20         1.31304e-06
21         1.26777e-06
22         1.19847e-06
23         1.15025e-06
24         1.08726e-06
25         1.0619e-06
26         1.07239e-06
27         1.04444e-06
28         1.00456e-06
29         1.03395e-06
30         1.11874e-06
31         1.19138e-06
32         1.23158e-06
33         1.21229e-06
34         1.12428e-06
35         1.07639e-06
36         4.00716e-06
37         1.94419e-05
38         3.81386e-05
39         4.31138e-05
40         4.30158e-05
41         3.57622e-05
42         1.59548e-05
43         2.72812e-06
44         1.00645e-06
45         9.93433e-07
46         1.00281e-06
47         1.17671e-06
48         1.67607e-06
49         1.92074e-06
50         1.92082e-06
51         1.79604e-06
52         1.30136e-06
53         1.0648e-06
54         1.0557e-06
55         1.02528e-06
56         9.89387e-07
57         1.24633e-06
58         2.63628e-06
59         3.72022e-06
60         3.78666e-06
61         3.62565e-06
62         2.53255e-06
63         1.20122e-06
64         1.00926e-06
65         1.0651e-06
66         1.01693e-06
67         9.49694e-07
68         9.08797e-07
69         8.90121e-07
70         8.56298e-07
71         8.3482e-07
72         8.17677e-07
73         8.59861e-07
74         9.79817e-07
75         1.01649e-06
76         1.01581e-06
77         1.16741e-06
78         1.33037e-06
79         1.36463e-06
80         1.33871e-06
81         1.12878e-06
82         9.67449e-07
83         9.15902e-07
84         9.09074e-07
85         9.58254e-07
86         9.7806e-07
87         9.64584e-07
88         9.49279e-07
89         9.60342e-07
90         9.44226e-07
91         9.41445e-07
92         9.4902e-07
93         9.22265e-07
94         8.85646e-07
95         8.97143e-07
96         9.46872e-07
97         1.0084e-06
98         1.05531e-06
99         1.0285e-06
100        9.92654e-07
101        9.9001e-07
102        9.35595e-07
103        8.74184e-07
104        8.60994e-07
105        8.44391e-07
106        8.22604e-07
107        8.04868e-07
108        8.16516e-07
109        8.84219e-07
110        9.50797e-07
111        9.6694e-07
112        9.14233e-07
113        8.66741e-07
114        8.91035e-07
115        1.92414e-06
116        7.0823e-06
117        1.23492e-05
118        1.36933e-05
119        1.40952e-05
120        1.15062e-05
121        6.5231e-06
122        3.48837e-06
123        1.25956e-06
124        8.72779e-07
125        9.41331e-07
126        1.0105e-06
127        1.06728e-06
128        1.08387e-06
129        1.05882e-06
130        9.89265e-07
131        9.24931e-07
132        8.92892e-07
133        9.23348e-07
134        9.62457e-07
135        1.01452e-06
136        1.0758e-06
137        1.08784e-06
138        1.02971e-06
139        1.00991e-06
140        1.00094e-06
141        9.92228e-07
142        1.01697e-06
143        9.66133e-07
144        9.04094e-07
145        8.94657e-07
146        8.83091e-07
147        8.68549e-07
148        9.11196e-07
149        9.68831e-07
150        9.86215e-07
151        1.02111e-06
152        1.03018e-06
153        9.54523e-07
154        8.95005e-07
155        9.03989e-07
156        9.79973e-07
157        1.04764e-06
158        1.07083e-06
159        1.05822e-06
160        1.01253e-06
161        9.64571e-07
162        9.07816e-07
163        8.76665e-07
164        8.58283e-07
165        8.42228e-07
166        8.62091e-07
167        9.42481e-07
168        1.01205e-06
169        9.94553e-07
170        9.27429e-07
171        8.34886e-07
172        7.62506e-07
173        7.66697e-07
174        8.09333e-07
175        8.5259e-07
176        8.81638e-07
177        1.5096e-06
178        4.18625e-06
179        6.11247e-06
180        6.31802e-06
181        6.14978e-06
182        4.13193e-06
183        1.47261e-06
184        8.11507e-07
185        8.42479e-07
186        8.91222e-07
187        9.30029e-07
188        9.72984e-07
189        9.51579e-07
190        9.11631e-07
191        8.79074e-07
192        8.8527e-07
193        9.33852e-07
194        1.65256e-06
195        4.59119e-06
196        6.98936e-06
197        7.24346e-06
198        7.09197e-06
199        5.08171e-06
200        2.02323e-06
201        1.17148e-06
202        1.06605e-06
203        9.9096e-07
204        9.69862e-07
205        9.39419e-07
206        8.86483e-07
207        8.9086e-07
208        9.00145e-07
209        9.10607e-07
210        9.45615e-07
211        9.42815e-07
212        9.06474e-07
213        8.74773e-07
214        8.20806e-07
215        8.20439e-07
216        8.2624e-07
217        8.2864e-07
218        9.16409e-07
219        1.03545e-06
220        1.07099e-06
221        1.05367e-06
222        1.02143e-06
223        9.4914e-07
224        9.06705e-07
225        9.35594e-07
226        9.98125e-07
227        1.00726e-06
228        9.73326e-07
229        8.98425e-07
230        8.64738e-07
231        8.64661e-07
232        8.78107e-07
233        9.11012e-07
234        8.9751e-07
235        8.88179e-07
236        9.05851e-07
237        1.36424e-06
238        3.13638e-06
239        4.36255e-06
240        4.39997e-06
241        4.20905e-06
242        2.8026e-06
243        1.14345e-06
244        8.82868e-07
245        8.43989e-07
246        8.48667e-07
247        8.64821e-07
248        9.26873e-07
249        9.69792e-07
250        9.9045e-07
251        9.55647e-07
252        8.58558e-07
253        8.04185e-07
254        8.2313e-07
255        8.90167e-07
256        9.2456e-07
257        9.21202e-07
258        8.6917e-07
259        8.61409e-07
260        9.12888e-07
261        9.55626e-07
262        9.49946e-07
263        9.11348e-07
264        9.43772e-07
265        9.45086e-07
266        9.16993e-07
267        8.59993e-07
268        8.46995e-07
269        8.15327e-07
270        8.08782e-07
271        8.55067e-07
272        8.47009e-07
273        1.41088e-06
274        3.73093e-06
275        5.25429e-06
276        5.3356e-06
277        5.07203e-06
278        3.22681e-06
279        1.11734e-06
280        9.11563e-07
281        1.00959e-06
282        1.04219e-06
283        1.07395e-06
284        1.06755e-06
285        1.01548e-06
286        9.73283e-07
287        9.15316e-07
288        8.25332e-07
289        8.13667e-07
290        9.11808e-07
291        9.91936e-07
292        9.88459e-07
293        9.46626e-07
294        9.2671e-07
295        9.18507e-07
296        9.15026e-07
297        1.28131e-06
298        2.88663e-06
299        4.06449e-06
300        4.17411e-06
301        4.0207e-06
302        2.75447e-06
303        1.30061e-06
304        1.01845e-06
305        9.48937e-07
306        8.60129e-07
307        7.9137e-07
308        7.82597e-07
309        8.01387e-07
310        8.0425e-07
311        8.06861e-07
312        8.43256e-07
313        9.12393e-07
314        9.74623e-07
315        9.85436e-07
316        9.81172e-07
317        9.97171e-07
318        1.01107e-06
319        1.03079e-06
320        1.03006e-06
321        1.006e-06 
322        9.49676e-07
323        8.99039e-07
324        8.95397e-07
325        8.97991e-07
326        8.82618e-07
327        9.27838e-07
328        9.6061e-07
329        9.19637e-07
330        8.82589e-07
331        9.03892e-07
332        9.52125e-07
333        9.81933e-07
334        1.00795e-06
335        1.01382e-06
336        9.73848e-07
337        9.38589e-07
338        9.44071e-07
339        9.46541e-07
340        9.49323e-07
341        9.39186e-07
342        9.3238e-07
343        9.23484e-07
344        8.65705e-07
345        8.18846e-07
346        8.61599e-07
347        9.27423e-07
348        9.54103e-07
349        9.86709e-07
350        9.6051e-07
351        9.40143e-07
352        1.62089e-06
353        3.63601e-06
354        4.66988e-06
355        4.67601e-06
356        4.31983e-06
357        2.74634e-06
358        3.32743e-06
359        4.6488e-06
360        4.73739e-06
361        4.57176e-06
362        3.07046e-06
363        1.25542e-06
364        8.87443e-07
365        8.31125e-07
366        8.49769e-07
367        9.00629e-07
368        9.17404e-07
369        8.93451e-07
370        8.15888e-07
371        7.82716e-07
372        7.93513e-07
373        8.26631e-07
374        9.01438e-07
375        1.15053e-06
376        1.40968e-06
377        1.4303e-06
378        1.4088e-06
379        1.19785e-06
380        9.58089e-07
381        8.54957e-07
382        8.37732e-07
383        8.72075e-07
384        9.35654e-07
385        9.75284e-07
386        9.66459e-07
387        9.83504e-07
388        9.80115e-07
389        9.50817e-07
390        9.4116e-07
391        9.5118e-07
392        1.01089e-06
393        1.09451e-06
394        1.10459e-06
395        1.09119e-06
396        9.97196e-07
397        8.65597e-07
398        8.49889e-07
399        9.57161e-07
400        1.03665e-06
401        1.0532e-06
402        9.97064e-07
403        9.36128e-07
404        9.16054e-07
405        8.7843e-07
406        8.60081e-07
407        8.9505e-07
408        8.95443e-07
409        8.62639e-07
410        8.70791e-07
411        8.96758e-07
412        9.12562e-07
413        8.99705e-07
414        8.69218e-07
415        8.72748e-07
416        9.00538e-07
417        1.30532e-06
418        2.91762e-06
419        4.06476e-06
420        4.16256e-06
421        4.05245e-06
422        2.81797e-06
423        1.3206e-06
424        9.3369e-07
425        8.31671e-07
426        8.2534e-07
427        9.06257e-07
428        9.77567e-07
429        9.87483e-07
430        9.30979e-07
431        1.62041e-06
432        3.31347e-06
433        3.98412e-06
434        3.99854e-06
435        3.56483e-06
436        1.96515e-06
437        9.69678e-07
438        9.32569e-07
439        9.4811e-07
440        9.85268e-07
441        1.00346e-06
442        9.91123e-07
443        9.84051e-07
444        9.78049e-07
445        9.51448e-07
446        9.22418e-07
447        9.02218e-07
448        8.68338e-07
449        8.34298e-07
450        8.72671e-07
451        9.30717e-07
452        8.99813e-07
453        8.76671e-07
454        8.445e-07 
455        8.21178e-07
456        8.53313e-07
457        9.04901e-07
458        9.31938e-07
459        9.18368e-07
460        8.75454e-07
461        8.43331e-07
462        8.69867e-07
463        9.22337e-07
464        9.79761e-07
465        9.5154e-07
466        8.66379e-07
467        8.14245e-07
468        8.17156e-07
469        8.45671e-07
470        8.81755e-07
471        9.66939e-07
472        1.04871e-06
473        1.08967e-06
474        1.11689e-06
475        1.01042e-06
476        9.04432e-07
477        1.16719e-06
478        2.4886e-06
479        3.46063e-06
480        3.58834e-06
481        3.5227e-06
482        2.4348e-06
483        1.16322e-06
484        9.41411e-07
485        9.49552e-07
486        9.27516e-07
487        9.49417e-07
488        9.49653e-07
489        9.46722e-07
490        9.44814e-07
491        9.17869e-07
492        9.38052e-07
493        9.40112e-07
494        9.52224e-07
495        9.26496e-07
496        8.60168e-07
497        8.40669e-07
498        8.38552e-07
499        8.54142e-07
500        8.90204e-07
501        9.32611e-07
502        9.29965e-07
503        8.95748e-07
504        8.79342e-07
505        8.33187e-07
506        8.39618e-07
507        8.75092e-07
508        8.89933e-07
509        9.74395e-07
510        1.69187e-06
511        2.88413e-06
512        3.20949e-06
513        3.19007e-06
514        2.7026e-06
515        1.43537e-06
516        8.48524e-07
517        8.44925e-07
518        8.56593e-07
519        8.5861e-07
520        8.44523e-07
521        8.39907e-07
522        8.41718e-07
523        8.7682e-07
524        1.10367e-06
525        2.23375e-06
526        3.14678e-06
527        3.1882e-06
528        3.07104e-06
529        2.13579e-06
530        1.00036e-06
531        8.84607e-07
532        9.43872e-07
533        9.69476e-07
534        9.84267e-07
535        9.50791e-07
536        8.82641e-07
537        1.16461e-06
538        2.36994e-06
539        3.20511e-06
540        3.25277e-06
541        3.09348e-06
542        2.03175e-06
543        9.32312e-07
544        8.51429e-07
545        9.09587e-07
546        9.04899e-07
547        8.54869e-07
548        8.5077e-07
549        8.99815e-07
550        1.01648e-06
551        1.11827e-06
552        1.10293e-06
553        1.0287e-06
554        8.8391e-07
555        8.20374e-07
556        8.39853e-07
557        8.82994e-07
558        8.99706e-07
559        9.18377e-07
560        9.33016e-07
561        9.11294e-07
562        9.01854e-07
563        8.7805e-07
564        8.46988e-07
565        8.53128e-07
566        8.45291e-07
567        8.49091e-07
568        8.7895e-07
569        8.90445e-07
570        8.86243e-07
571        9.08001e-07
572        9.23562e-07
573        9.05633e-07
574        9.18506e-07
575        9.23937e-07
576        9.18217e-07
577        9.42104e-07
578        9.37466e-07
579        9.2578e-07
580        8.88003e-07
581        8.59556e-07
582        8.36417e-07
583        8.25305e-07
584        8.52699e-07
585        8.45067e-07
586        8.8085e-07
587        9.3896e-07
588        9.84553e-07
589        1.51977e-06
590        2.2839e-06
591        2.4017e-06
592        2.35664e-06
593        1.90236e-06
594        1.08208e-06
595        8.70643e-07
596        8.32794e-07
597        1.00924e-06
598        1.88212e-06
599        2.5007e-06
600        2.55617e-06
601        2.49803e-06
602        1.74876e-06
603        9.6695e-07
604        8.72433e-07
605        9.07798e-07
606        9.57772e-07
607        9.64164e-07
608        9.56925e-07
609        9.29202e-07
610        9.32682e-07
611        8.89327e-07
612        8.00381e-07
613        7.42234e-07
614        7.42816e-07
615        8.08196e-07
616        8.71494e-07
617        8.86089e-07
618        8.33532e-07
619        7.73395e-07
620        7.39712e-07
621        7.57686e-07
622        7.89023e-07
623        7.83915e-07
624        7.6632e-07
625        7.80539e-07
626        8.19039e-07
627        8.67558e-07
628        9.72104e-07
629        1.15403e-06
630        1.24828e-06
631        1.25223e-06
632        1.1992e-06
633        1.03919e-06
634        9.57871e-07
635        9.03758e-07
636        8.59316e-07
637        8.41428e-07
638        8.62566e-07
639        9.26136e-07
640        9.46345e-07
641        9.24643e-07
642        8.88075e-07
643        8.7494e-07
644        8.75407e-07
645        8.94516e-07
646        9.08771e-07
647        9.07279e-07
648        8.95116e-07
649        9.19802e-07
650        9.54971e-07
651        9.40626e-07
652        8.91033e-07
653        8.24639e-07
654        7.75863e-07
655        7.75955e-07
656        8.33682e-07
657        1.04866e-06
658        1.85493e-06
659        2.44943e-06
660        2.4958e-06
661        2.37698e-06
662        1.60603e-06
663        8.95274e-07
664        8.20015e-07
665        8.54403e-07
666        9.02757e-07
667        9.42972e-07
668        1.29679e-06
669        1.79346e-06
670        1.87857e-06
671        1.87462e-06
672        1.46322e-06
673        9.00094e-07
674        7.96077e-07
675        8.34275e-07
676        8.50685e-07
677        8.35387e-07
678        8.74473e-07
679        8.94407e-07
680        8.66654e-07
681        8.49456e-07
682        8.50415e-07
683        8.9186e-07
684        9.1813e-07
685        8.99652e-07
686        8.70365e-07
687        8.2985e-07
688        8.25624e-07
689        8.62277e-07
690        8.88308e-07
691        9.08503e-07
692        8.93608e-07
693        8.57431e-07
694        8.89716e-07
695        9.38364e-07
696        9.36463e-07
697        9.36634e-07
698        9.08023e-07
699        8.72262e-07
700        8.482e-07 
701        8.51119e-07
702        8.54481e-07
703        8.5981e-07
704        9.01933e-07
705        9.24539e-07
706        9.14464e-07
707        8.77937e-07
708        9.09448e-07
709        9.55746e-07
710        9.8625e-07
711        9.01902e-07
712        7.68342e-07
713        7.29006e-07
714        7.27385e-07
715        7.76142e-07
716        8.42476e-07
717        9.11869e-07
718        1.40356e-06
719        1.82761e-06
720        1.89295e-06
721        1.85444e-06
722        1.34896e-06
723        9.5246e-07
724        9.15679e-07
725        9.07394e-07
726        9.39338e-07
727        1.01479e-06
728        1.04881e-06
729        9.84551e-07
730        9.17805e-07
731        8.91103e-07
732        8.5377e-07
733        8.56623e-07
734        9.02489e-07
735        8.89771e-07
736        8.12959e-07
737        7.75247e-07
738        7.77527e-07
739        8.3226e-07
740        8.69316e-07
741        8.53029e-07
742        8.19762e-07
743        7.80813e-07
744        7.6323e-07
745        7.79016e-07
746        8.83706e-07
747        1.3381e-06
748        1.74312e-06
749        1.83232e-06
750        1.77584e-06
751        1.35235e-06
752        1.01601e-06
753        9.31711e-07
754        8.97145e-07
755        8.97597e-07
756        9.01829e-07
757        9.40316e-07
758        9.3528e-07
759        8.78532e-07
760        8.22648e-07
761        8.26385e-07
762        8.83918e-07
763        9.48974e-07
764        9.80661e-07
765        9.69243e-07
766        9.28334e-07
767        8.92362e-07
768        8.87203e-07
769        8.74326e-07
770        8.3565e-07
771        8.18723e-07
772        8.52959e-07
773        8.82667e-07
774        8.74385e-07
775        8.35293e-07
776        8.22502e-07
777        8.8977e-07
778        1.38764e-06
779        1.75794e-06
780        1.80012e-06
781        1.78469e-06
782        1.37345e-06
783        9.71697e-07
784        8.95522e-07
785        8.57995e-07
786        7.97211e-07
787        8.11656e-07
788        8.16684e-07
789        8.32625e-07
790        8.08813e-07
791        7.74595e-07
792        8.08708e-07
793        8.29231e-07
794        8.02926e-07
795        7.92893e-07
796        8.21407e-07
797        8.58792e-07
798        9.1368e-07
799        9.78822e-07
800        9.64921e-07
801        9.04162e-07
802        8.49686e-07
803        8.21699e-07
804        8.17093e-07
805        8.35436e-07
806        8.519e-07 
807        8.54471e-07
808        8.48961e-07
809        8.75852e-07
810        8.85387e-07
811        8.39102e-07
812        7.87017e-07
813        8.03243e-07
814        8.38741e-07
815        8.51664e-07
816        8.45114e-07
817        8.46264e-07
818        8.62358e-07
819        9.19046e-07
820        9.59308e-07
821        9.31249e-07
822        8.68276e-07
823        7.88897e-07
824        7.76375e-07
825        9.7436e-07
826        1.51796e-06
827        1.83251e-06
828        1.85437e-06
829        1.74019e-06
830        1.24747e-06
831        9.09699e-07
832        8.41778e-07
833        8.22071e-07
834        8.40485e-07
835        8.30719e-07
836        8.26562e-07
837        9.42408e-07
838        1.33913e-06
839        1.61775e-06
840        1.58367e-06
841        1.47576e-06
842        1.09115e-06
843        8.24664e-07
844        8.50738e-07
845        8.8876e-07
846        9.03683e-07
847        8.8214e-07
848        8.86382e-07
849        9.13973e-07
850        9.33456e-07
851        9.58132e-07
852        9.64492e-07
853        9.26248e-07
854        8.79592e-07
855        8.30934e-07
856        7.98669e-07
857        8.17881e-07
858        8.54305e-07
859        8.87072e-07
860        9.18385e-07
861        9.05656e-07
862        8.70663e-07
863        8.61286e-07
864        8.52409e-07
865        8.70668e-07
866        9.14543e-07
867        9.14353e-07
868        9.16675e-07
869        9.28102e-07
870        9.58966e-07
871        9.69257e-07
872        8.99024e-07
873        8.28576e-07
874        8.05936e-07
875        8.23452e-07
876        8.79971e-07
877        8.69478e-07
878        8.22746e-07
879        8.50772e-07
880        9.11921e-07
881        9.32951e-07
882        8.99117e-07
883        8.2921e-07
884        8.04307e-07
885        8.29152e-07
886        8.43827e-07
887        8.66199e-07
888        8.73436e-07
889        9.06433e-07
890        8.96673e-07
891        8.60345e-07
892        8.98171e-07
893        9.49897e-07
894        9.88874e-07
895        9.88111e-07
896        9.39611e-07
897        9.52194e-07
898        1.14899e-06
899        1.30915e-06
900        1.32778e-06
901        1.31422e-06
902        1.28838e-06
903        1.42623e-06
904        1.54101e-06
905        1.83132e-06
906        1.76954e-06
907        1.57055e-06
908        1.4146e-06
909        1.07556e-06
910        9.97424e-07
911        9.99297e-07
912        9.81287e-07
913        9.08899e-07
914        8.50051e-07
915        8.79423e-07
916        8.99689e-07
917        8.7786e-07
918        8.32978e-07
919        8.16758e-07
920        7.98512e-07
921        7.98018e-07
922        8.01389e-07
923        8.26077e-07
924        8.50541e-07
925        8.48201e-07
926        8.45539e-07
927        8.69755e-07
928        9.24713e-07
929        9.30063e-07
930        8.97367e-07
931        8.81659e-07
932        8.72547e-07
933        8.76706e-07
934        8.73744e-07
935        8.65545e-07
936        8.71761e-07
937        8.54586e-07
938        7.89208e-07
939        7.39896e-07
940        7.52139e-07
941        7.86855e-07
942        8.74426e-07
943        9.54227e-07
944        9.89904e-07
945        1.01649e-06
946        9.74413e-07
947        9.29599e-07
948        9.00507e-07
949        9.38602e-07
950        9.34991e-07
951        9.22562e-07
952        9.38359e-07
953        9.33871e-07
954        9.31241e-07
955        9.33081e-07
956        9.73061e-07
957        1.03238e-06
958        1.09682e-06
959        1.11052e-06
960        1.04361e-06
961        9.74008e-07
962        8.84816e-07
963        8.46719e-07
964        8.52271e-07
965        8.66781e-07
966        8.85434e-07
967        9.03888e-07
968        9.12732e-07
969        8.44893e-07
970        8.01045e-07
971        7.78767e-07
972        7.43193e-07
973        7.25354e-07
974        7.29944e-07
975        7.94258e-07
976        8.45632e-07
977        8.51199e-07
978        8.2185e-07
979        8.38484e-07
980        8.66841e-07
981        8.45861e-07
982        8.18947e-07
983        9.66267e-07
984        1.34718e-06
985        1.44596e-06
986        1.44754e-06
987        1.30058e-06
988        9.3458e-07
989        8.59636e-07
990        8.68836e-07
991        8.65175e-07
992        8.45464e-07
993        8.44448e-07
994        8.37756e-07
995        8.54767e-07
996        8.79811e-07
997        9.16992e-07
998        9.97893e-07
999        1.06339e-06
1000       1.03295e-06
1001       9.88732e-07
1002       9.30142e-07
1003       8.62421e-07
1004       8.07396e-07
1005       7.94112e-07
1006       7.8577e-07
1007       8.03821e-07
1008       8.02346e-07
1009       8.40762e-07
1010       8.94682e-07
1011       9.10426e-07
1012       8.78985e-07
1013       8.52897e-07
1014       8.67871e-07
1015       8.46199e-07
1016       8.05741e-07
1017       8.18357e-07
1018       8.29154e-07
1019       8.25494e-07
1020       8.17908e-07
1021       8.52447e-07
1022       8.80086e-07
1023       9.19281e-07
1024       9.60603e-07
1025       9.78514e-07
1026       9.86797e-07
1027       9.10914e-07
1028       8.24238e-07
1029       7.50533e-07
1030       7.15462e-07
1031       7.64958e-07
1032       8.39381e-07
1033       8.60456e-07
1034       8.1445e-07
1035       7.76837e-07
1036       7.57179e-07
1037       7.5916e-07
1038       7.50343e-07
1039       7.87484e-07
1040       8.49035e-07
1041       8.49808e-07
1042       7.8064e-07
1043       7.39994e-07
1044       7.84544e-07
1045       8.73044e-07
1046       9.41609e-07
1047       9.65984e-07
1048       9.63883e-07
1049       9.50633e-07
1050       9.37626e-07
1051       9.0038e-07
1052       8.69531e-07
1053       8.63395e-07
1054       8.71359e-07
1055       8.75654e-07
1056       8.38683e-07
1057       8.20883e-07
1058       8.38705e-07
1059       8.73143e-07
1060       9.06554e-07
1061       9.04595e-07
1062       1.05136e-06
1063       1.4199e-06
1064       1.53997e-06
1065       1.57298e-06
1066       1.33589e-06
1067       9.47987e-07
1068       9.22282e-07
1069       9.48604e-07
1070       9.19626e-07
1071       8.61199e-07
1072       8.28005e-07
1073       8.2457e-07
1074       8.57696e-07
1075       9.16467e-07
1076       9.57694e-07
1077       9.63478e-07
1078       9.77706e-07
1079       1.02052e-06
1080       1.03417e-06
1081       1.04466e-06
1082       9.90719e-07
1083       9.3046e-07
1084       9.03352e-07
1085       8.55597e-07
1086       8.1451e-07
1087       8.01414e-07
1088       8.59178e-07
1089       9.54905e-07
1090       9.85825e-07
1091       9.14489e-07
1092       8.17051e-07
1093       7.84581e-07
1094       7.94428e-07
1095       7.51737e-07
1096       7.37884e-07
1097       8.12102e-07
1098       8.84699e-07
1099       9.59277e-07
1100       9.48314e-07
1101       9.23365e-07
1102       9.66303e-07
1103       9.85697e-07
1104       9.88592e-07
1105       9.49409e-07
1106       8.58635e-07
1107       8.30457e-07
1108       8.88289e-07
1109       9.58392e-07
1110       9.50884e-07
1111       9.00142e-07
1112       8.48638e-07
1113       8.43847e-07
1114       9.02172e-07
1115       9.58617e-07
1116       9.57136e-07
1117       9.24242e-07
1118       9.39809e-07
1119       9.64626e-07
1120       9.31887e-07
1121       8.88678e-07
1122       8.99396e-07
1123       9.3514e-07
1124       9.54354e-07
1125       9.52379e-07
1126       9.30283e-07
1127       8.97957e-07
1128       8.45767e-07
1129       8.85994e-07
1130       1.01477e-06
1131       1.01869e-06
1132       1.06654e-06
1133       1.02957e-06
1134       8.93713e-07
1135       8.71789e-07
1136       8.84054e-07
1137       9.14326e-07
1138       9.64654e-07
1139       1.00714e-06
1140       9.9791e-07
1141       1.17428e-06
1142       1.44451e-06
1143       1.51825e-06
1144       1.57243e-06
1145       1.28844e-06
1146       9.32033e-07
1147       8.96529e-07
1148       9.2428e-07
1149       9.72475e-07
1150       9.6928e-07
1151       9.37624e-07
1152       8.97469e-07
1153       8.962e-07 
1154       9.34134e-07
1155       9.55871e-07
1156       9.54893e-07
1157       9.53683e-07
1158       9.34884e-07
1159       8.80616e-07
1160       8.25159e-07
1161       8.03962e-07
1162       8.12631e-07
1163       8.23628e-07
1164       8.36365e-07
1165       8.61093e-07
1166       8.88046e-07
1167       8.87735e-07
1168       8.73025e-07
1169       8.13013e-07
1170       7.83051e-07
1171       7.55294e-07
1172       7.6457e-07
1173       7.85688e-07
1174       7.32372e-07
1175       7.3331e-07
1176       8.01526e-07
1177       8.28153e-07
1178       8.0375e-07
1179       8.09314e-07
1180       8.24645e-07
1181       9.18704e-07
1182       9.75905e-07
1183       9.93022e-07
1184       9.81556e-07
1185       9.14111e-07
1186       9.10493e-07
1187       9.26058e-07
1188       9.16395e-07
1189       8.83448e-07
1190       8.49774e-07
1191       8.54077e-07
1192       8.82275e-07
1193       9.02064e-07
1194       9.14397e-07
1195       8.75129e-07
1196       8.47338e-07
1197       8.84289e-07
1198       1.0089e-06
1199       1.11164e-06
1200       1.16896e-06
1201       1.20929e-06
1202       1.08004e-06
1203       9.57408e-07
1204       9.29997e-07
1205       9.19378e-07
1206       8.83931e-07
1207       8.75338e-07
1208       8.84143e-07
1209       8.9127e-07
1210       9.00607e-07
1211       9.01374e-07
1212       8.8113e-07
1213       8.31196e-07
1214       7.98772e-07
1215       8.11356e-07
1216       8.40428e-07
1217       8.45806e-07
1218       8.32253e-07
1219       8.93499e-07
1220       1.31608e-06
1221       1.60739e-06
1222       1.5591e-06
1223       1.48022e-06
1224       1.11399e-06
1225       8.28028e-07
1226       7.92205e-07
1227       8.15278e-07
1228       8.24731e-07
1229       8.25005e-07
1230       8.58898e-07
1231       9.11273e-07
1232       9.55975e-07
1233       9.65262e-07
1234       9.23974e-07
1235       8.72971e-07
1236       8.66352e-07
1237       9.0215e-07
1238       9.48835e-07
1239       9.4706e-07
1240       9.02297e-07
1241       8.73889e-07
1242       8.74059e-07
1243       8.83002e-07
1244       8.4701e-07
1245       8.17852e-07
1246       8.23673e-07
1247       8.50081e-07
1248       8.45118e-07
1249       8.18139e-07
1250       8.47113e-07
1251       9.01529e-07
1252       8.95747e-07
1253       8.32506e-07
1254       8.3579e-07
1255       8.68052e-07
1256       8.71659e-07
1257       8.86247e-07
1258       1.0619e-06
1259       1.29707e-06
1260       1.45223e-06
1261       1.44835e-06
1262       1.2368e-06
1263       1.05092e-06
1264       9.08993e-07
1265       8.53764e-07
1266       8.64178e-07
1267       8.80635e-07
1268       8.8962e-07
1269       8.70627e-07
1270       8.35343e-07
1271       8.3233e-07
1272       8.47099e-07
1273       8.44766e-07
1274       8.15248e-07
1275       7.73577e-07
1276       7.53692e-07
1277       7.30982e-07
1278       7.24545e-07
1279       7.3463e-07
1280       7.55699e-07
1281       7.89707e-07
1282       8.29513e-07
1283       8.39246e-07
1284       8.31541e-07
1285       8.50216e-07
1286       8.43091e-07
1287       8.4563e-07
1288       8.64366e-07
1289       8.89956e-07
1290       9.36087e-07
1291       9.37683e-07
1292       9.37404e-07
1293       9.33777e-07
1294       8.9322e-07
1295       8.91771e-07
1296       9.11969e-07
1297       9.10678e-07
1298       9.84252e-07
1299       1.29566e-06
1300       1.46977e-06
1301       1.44146e-06
1302       1.35287e-06
1303       1.06237e-06
1304       9.22206e-07
1305       9.52417e-07
1306       9.42186e-07
1307       8.82583e-07
1308       8.75224e-07
1309       8.88885e-07
1310       9.03248e-07
1311       8.89178e-07
1312       8.86802e-07
1313       8.76791e-07
1314       8.49387e-07
1315       8.42459e-07
1316       8.72971e-07
1317       9.26074e-07
1318       1.07982e-06
1319       1.20447e-06
1320       1.2234e-06
1321       1.13859e-06
1322       9.52674e-07
1323       9.08615e-07
1324       9.2999e-07
1325       9.03153e-07
1326       8.95213e-07
1327       9.16369e-07
1328       9.01502e-07
1329       8.52285e-07
1330       8.32807e-07
1331       8.68091e-07
1332       9.03479e-07
1333       9.33972e-07
1334       9.26211e-07
1335       8.68268e-07
1336       8.12126e-07
1337       8.49687e-07
1338       1.00613e-06
1339       1.2013e-06
1340       1.2449e-06
1341       1.22526e-06
1342       1.0953e-06
1343       9.31278e-07
1344       8.76166e-07
1345       8.77012e-07
1346       8.95326e-07
1347       9.09825e-07
1348       9.32495e-07
1349       9.82505e-07
1350       9.84256e-07
1351       9.56389e-07
1352       9.09767e-07
1353       8.59221e-07
1354       8.18723e-07
1355       7.95158e-07
1356       8.03144e-07
1357       8.31878e-07
1358       8.24031e-07
1359       7.82241e-07
1360       7.8301e-07
1361       8.24446e-07
1362       8.95023e-07
1363       9.23745e-07
1364       8.74047e-07
1365       8.36862e-07
1366       8.53254e-07
1367       8.96882e-07
1368       9.27293e-07
1369       8.98402e-07
1370       8.85242e-07
1371       9.13588e-07
1372       8.99481e-07
1373       8.57825e-07
1374       8.39385e-07
1375       8.53645e-07
1376       8.73961e-07
1377       9.57452e-07
1378       1.39113e-06
1379       1.66324e-06
1380       1.65652e-06
1381       1.5719e-06
1382       1.17645e-06
1383       9.00091e-07
1384       8.63832e-07
1385       8.42251e-07
1386       8.33044e-07
1387       8.55205e-07
1388       8.4965e-07
1389       8.40726e-07
1390       8.03845e-07
1391       7.3441e-07
1392       7.60331e-07
1393       8.10384e-07
1394       8.20171e-07
1395       8.33981e-07
1396       8.45895e-07
1397       8.42491e-07
1398       8.44242e-07
1399       8.2661e-07
1400       7.99768e-07
1401       8.0492e-07
1402       8.0413e-07
1403       8.15533e-07
1404       8.34803e-07
1405       8.85407e-07
1406       8.95675e-07
1407       8.55893e-07
1408       8.32106e-07
1409       8.62653e-07
1410       8.49327e-07
1411       7.98231e-07
1412       7.83035e-07
1413       8.57147e-07
1414       9.53712e-07
1415       9.64328e-07
1416       9.28019e-07
1417       9.62733e-07
1418       1.01157e-06
1419       9.77933e-07
1420       9.64643e-07
1421       9.33185e-07
1422       8.85457e-07
1423       8.41274e-07
1424       8.00512e-07
1425       7.82257e-07
1426       8.20784e-07
1427       8.74912e-07
1428       9.16337e-07
1429       9.04766e-07
1430       8.37456e-07
1431       8.0739e-07
1432       8.54052e-07
1433       8.77048e-07
1434       8.42248e-07
1435       8.03676e-07
1436       7.96082e-07
1437       8.60843e-07
1438       1.09976e-06
1439       1.28827e-06
1440       1.34154e-06
1441       1.3398e-06
1442       1.10949e-06
1443       9.30866e-07
1444       8.7518e-07
1445       8.65449e-07
1446       8.70099e-07
1447       8.39848e-07
1448       8.29534e-07
1449       8.46714e-07
1450       8.9013e-07
1451       8.71769e-07
1452       7.9605e-07
1453       7.77648e-07
1454       8.00366e-07
1455       7.87512e-07
1456       7.92528e-07
1457       8.8712e-07
1458       1.00073e-06
1459       1.10673e-06
1460       1.09708e-06
1461       9.7049e-07
1462       8.35481e-07
1463       7.41091e-07
1464       8.04236e-07
1465       8.47716e-07
1466       8.20514e-07
1467       7.87664e-07
1468       8.28658e-07
1469       8.86736e-07
1470       8.63065e-07
1471       8.52115e-07
1472       8.56883e-07
1473       8.80583e-07
1474       9.00498e-07
1475       8.55605e-07
1476       8.37785e-07
1477       8.96322e-07
1478       9.16909e-07
1479       8.81549e-07
1480       8.11526e-07
1481       8.04296e-07
1482       8.69587e-07
1483       9.32009e-07
1484       9.51026e-07
1485       9.20107e-07
1486       9.07144e-07
1487       8.97625e-07
1488       8.77942e-07
1489       8.52885e-07
1490       8.18142e-07
1491       8.04765e-07
1492       7.76034e-07
1493       8.03845e-07
1494       8.51632e-07
1495       8.87034e-07
1496       9.26384e-07
1497       9.2339e-07
1498       1.08436e-06
1499       1.2442e-06
1500       1.24754e-06
1501       1.24388e-06
1502       9.92908e-07
1503       8.48982e-07
1504       8.51287e-07
1505       8.49738e-07
1506       8.69901e-07
1507       8.75612e-07
1508       8.46253e-07
1509       8.01583e-07
1510       7.79845e-07
1511       7.53837e-07
1512       7.37748e-07
1513       7.35723e-07
1514       7.75317e-07
1515       8.37115e-07
1516       8.83639e-07
1517       9.21383e-07
1518       9.40065e-07
1519       9.22469e-07
1520       8.97647e-07
1521       8.97057e-07
1522       9.27178e-07
1523       9.08722e-07
1524       8.74766e-07
1525       8.40524e-07
1526       8.36162e-07
1527       8.4191e-07
1528       8.06875e-07
1529       7.76395e-07
1530       7.8269e-07
1531       7.76386e-07
1532       7.36997e-07
1533       7.30244e-07
1534       7.45597e-07
1535       7.74733e-07
1536       8.40426e-07
1537       8.7895e-07
1538       8.68454e-07
1539       8.53301e-07
1540       8.5398e-07
1541       8.66902e-07
1542       8.58445e-07
1543       8.27823e-07
1544       8.14167e-07
1545       8.1811e-07
1546       8.48582e-07
1547       8.6088e-07
1548       8.39667e-07
1549       8.10937e-07
1550       7.71185e-07
1551       7.43179e-07
1552       7.48129e-07
1553       7.62063e-07
1554       8.05525e-07
1555       8.21541e-07
1556       8.22734e-07
1557       9.63563e-07
1558       1.33217e-06
1559       1.54097e-06
1560       1.51484e-06
1561       1.41883e-06
1562       1.08673e-06
1563       8.41669e-07
1564       8.15984e-07
1565       8.24084e-07
1566       8.27925e-07
1567       7.9897e-07
1568       7.5375e-07
1569       7.32154e-07
1570       7.80964e-07
1571       8.26531e-07
1572       8.5716e-07
1573       8.80625e-07
1574       8.79181e-07
1575       9.43067e-07
1576       1.02359e-06
1577       1.04933e-06
1578       1.02507e-06
1579       9.00786e-07
1580       8.32574e-07
1581       8.19574e-07
1582       8.44536e-07
1583       8.96297e-07
1584       8.73416e-07
1585       8.35993e-07
1586       8.16042e-07
1587       8.03513e-07
1588       8.10366e-07
1589       8.16763e-07
1590       8.44808e-07
1591       9.23165e-07
1592       9.86866e-07
1593       9.87834e-07
1594       9.49319e-07
1595       8.92007e-07
1596       8.41985e-07
1597       8.56226e-07
1598       9.06111e-07
1599       9.34791e-07
1600       9.2831e-07
