# Freq.    Mag.
0          4.74683e-06
8          4.73978e-06
16         4.98511e-06
24         1.06606e-05
32         1.49147e-05
40         1.52197e-05
48         1.46788e-05
56         9.57327e-06
64         3.20753e-06
72         1.56056e-06
80         1.16403e-06
88         1.04078e-06
96         1.74314e-06
104        3.8747e-06
112        5.05392e-06
120        5.1131e-06
128        4.82989e-06
136        2.98153e-06
144        1.19509e-06
152        9.63284e-07
160        1.20344e-06
168        2.03178e-06
176        2.57024e-06
184        3.31172e-06
192        3.51679e-06
200        3.08497e-06
208        2.64063e-06
216        1.5733e-06
224        1.30352e-06
232        1.66793e-06
240        1.7122e-06
248        1.71419e-06
256        1.50174e-06
264        1.7799e-06
272        1.96981e-06
280        2.03634e-06
288        2.0701e-06
296        1.70914e-06
304        1.57114e-06
312        1.37897e-06
320        9.35777e-07
328        8.21787e-07
336        1.21482e-06
344        2.01166e-06
352        2.43102e-06
360        2.4385e-06
368        2.20622e-06
376        1.49388e-06
384        1.01758e-06
392        9.54674e-07
400        1.12145e-06
408        1.61459e-06
416        1.94589e-06
424        2.20759e-06
432        2.10831e-06
440        1.8034e-06
448        1.48463e-06
456        1.04624e-06
464        1.14278e-06
472        1.47907e-06
480        1.56567e-06
488        1.57463e-06
496        1.48028e-06
504        1.57282e-06
512        1.77127e-06
520        1.9486e-06
528        1.90714e-06
536        1.74948e-06
544        1.49872e-06
552        1.26867e-06
560        1.00674e-06
568        9.45405e-07
576        1.08228e-06
584        1.27936e-06
592        1.37246e-06
600        1.35437e-06
608        1.23486e-06
616        1.02581e-06
624        9.1616e-07
632        9.05873e-07
640        9.24003e-07
648        1.09898e-06
656        1.27117e-06
664        1.32834e-06
672        1.24191e-06
680        1.01767e-06
688        9.01102e-07
696        9.45701e-07
704        1.05198e-06
712        1.14582e-06
720        1.18773e-06
728        1.22362e-06
736        1.22387e-06
744        1.19477e-06
752        1.15315e-06
760        1.13042e-06
768        1.11219e-06
776        1.07572e-06
784        1.00831e-06
792        9.32973e-07
800        8.2591e-07
808        8.32243e-07
816        9.2959e-07
824        9.8267e-07
832        1.06957e-06
840        1.04626e-06
848        9.52161e-07
856        9.02715e-07
864        8.93255e-07
872        9.25017e-07
880        9.20533e-07
888        9.43792e-07
896        9.89362e-07
904        9.90016e-07
912        1.01231e-06
920        9.7685e-07
928        9.15442e-07
936        8.97023e-07
944        9.16898e-07
952        9.18785e-07
960        8.70673e-07
968        8.28572e-07
976        8.45434e-07
984        8.65701e-07
992        8.73153e-07
1000       8.44899e-07
1008       8.74056e-07
1016       9.29693e-07
1024       9.36493e-07
1032       9.05619e-07
1040       8.69855e-07
1048       9.1669e-07
1056       9.77907e-07
1064       9.64915e-07
1072       9.63506e-07
1080       9.14392e-07
1088       8.93255e-07
1096       9.27778e-07
1104       9.22962e-07
1112       9.35387e-07
1120       9.66887e-07
1128       1.04199e-06
1136       1.10241e-06
1144       1.08654e-06
1152       1.03714e-06
1160       9.003e-07 
1168       8.01503e-07
1176       8.16533e-07
1184       8.80932e-07
1192       9.57393e-07
1200       9.87829e-07
1208       1.02178e-06
1216       9.87828e-07
1224       9.49623e-07
1232       9.26951e-07
1240       8.79244e-07
1248       9.06931e-07
1256       9.34577e-07
1264       9.52405e-07
1272       9.35021e-07
1280       8.68401e-07
1288       8.78199e-07
1296       8.70365e-07
1304       9.02742e-07
1312       9.09992e-07
1320       8.60894e-07
1328       8.78399e-07
1336       8.71778e-07
1344       8.57844e-07
1352       8.31985e-07
1360       8.44584e-07
1368       9.26414e-07
1376       9.55148e-07
1384       9.77784e-07
1392       9.79921e-07
1400       9.28272e-07
1408       8.87991e-07
1416       8.93364e-07
1424       9.48287e-07
1432       1.02053e-06
1440       1.05346e-06
1448       1.05831e-06
1456       9.9875e-07
1464       9.35089e-07
1472       9.12016e-07
1480       9.40972e-07
1488       1.03898e-06
1496       1.057e-06 
1504       1.01772e-06
1512       9.69237e-07
1520       9.08474e-07
1528       9.14901e-07
1536       8.81849e-07
1544       8.07339e-07
1552       7.6257e-07
1560       7.74088e-07
1568       8.12197e-07
1576       7.60471e-07
1584       7.33207e-07
1592       7.73498e-07
1600       8.22855e-07
1608       8.84554e-07
1616       9.20089e-07
1624       9.67555e-07
1632       1.00165e-06
1640       9.94692e-07
1648       9.93416e-07
1656       1.0063e-06
1664       9.90838e-07
1672       9.46596e-07
1680       9.56058e-07
1688       9.87763e-07
1696       9.54621e-07
1704       9.50374e-07
1712       9.18949e-07
1720       8.781e-07 
1728       8.6154e-07
1736       8.72765e-07
1744       9.15823e-07
1752       8.98507e-07
1760       8.38667e-07
1768       8.30272e-07
1776       8.3641e-07
1784       8.41729e-07
1792       8.31226e-07
1800       8.54477e-07
1808       8.90835e-07
1816       8.95022e-07
1824       8.72127e-07
1832       8.4571e-07
1840       8.50786e-07
1848       8.68946e-07
1856       8.70235e-07
1864       8.72062e-07
1872       8.91974e-07
1880       9.06811e-07
1888       9.18726e-07
1896       9.06692e-07
1904       8.67651e-07
1912       8.10238e-07
1920       8.09143e-07
1928       8.46793e-07
1936       8.39646e-07
1944       8.30065e-07
1952       8.31062e-07
1960       8.06078e-07
1968       7.52273e-07
1976       7.46108e-07
1984       7.93372e-07
1992       8.36576e-07
2000       8.55484e-07
2008       8.64969e-07
2016       8.73988e-07
2024       8.88853e-07
2032       9.14105e-07
2040       9.6749e-07
2048       9.78133e-07
2056       9.57525e-07
2064       9.28139e-07
2072       9.21855e-07
2080       8.92838e-07
2088       8.79647e-07
2096       8.77806e-07
2104       8.72703e-07
2112       8.81812e-07
2120       8.90816e-07
2128       8.75583e-07
2136       8.55791e-07
2144       8.54798e-07
2152       8.58365e-07
2160       8.76402e-07
2168       9.0148e-07
2176       8.88729e-07
2184       8.84382e-07
2192       9.20562e-07
2200       9.44689e-07
2208       9.0502e-07
2216       8.67546e-07
2224       8.73317e-07
2232       8.70131e-07
2240       8.59176e-07
2248       8.62953e-07
2256       8.89349e-07
2264       8.97974e-07
2272       9.09425e-07
2280       8.98535e-07
2288       9.20822e-07
2296       9.75291e-07
2304       9.58246e-07
2312       8.92944e-07
2320       8.34198e-07
2328       8.33075e-07
2336       8.18861e-07
2344       7.88815e-07
2352       8.23172e-07
2360       8.62924e-07
2368       8.88186e-07
2376       8.89479e-07
2384       8.35642e-07
2392       8.07895e-07
2400       7.96025e-07
2408       7.91538e-07
2416       7.87123e-07
2424       8.2434e-07
2432       8.43316e-07
2440       8.19481e-07
2448       8.51354e-07
2456       8.92327e-07
2464       9.31218e-07
2472       9.43554e-07
2480       9.11318e-07
2488       8.77503e-07
2496       8.48149e-07
2504       8.57034e-07
2512       9.03854e-07
2520       9.26183e-07
2528       9.12509e-07
2536       8.95469e-07
2544       8.51669e-07
2552       8.18654e-07
2560       8.27372e-07
2568       8.54123e-07
2576       8.52151e-07
2584       8.25325e-07
2592       8.03097e-07
2600       7.973e-07 
2608       7.95805e-07
2616       8.19142e-07
2624       8.46727e-07
2632       8.4935e-07
2640       8.34031e-07
2648       8.57567e-07
2656       9.04357e-07
2664       9.145e-07 
2672       8.86913e-07
2680       8.67807e-07
2688       9.20905e-07
2696       9.9162e-07
2704       1.00425e-06
2712       9.90652e-07
2720       9.1683e-07
2728       8.28675e-07
2736       8.00673e-07
2744       8.1782e-07
2752       8.67938e-07
2760       8.98689e-07
2768       8.82315e-07
2776       8.11603e-07
2784       7.63142e-07
2792       7.7819e-07
2800       7.91622e-07
2808       8.34505e-07
2816       8.68832e-07
2824       8.60676e-07
2832       8.26165e-07
2840       8.19826e-07
2848       8.37439e-07
2856       8.30691e-07
2864       8.08632e-07
2872       8.02134e-07
2880       8.2685e-07
2888       8.44504e-07
2896       8.58946e-07
2904       9.06776e-07
2912       9.00567e-07
2920       8.69559e-07
2928       8.2516e-07
2936       7.91674e-07
2944       8.07292e-07
2952       8.12535e-07
2960       8.4586e-07
2968       8.75694e-07
2976       8.66028e-07
2984       8.46221e-07
2992       8.51211e-07
3000       8.35403e-07
3008       8.11086e-07
3016       8.34652e-07
3024       8.66855e-07
3032       8.67562e-07
3040       8.35592e-07
3048       8.09574e-07
3056       8.33082e-07
3064       8.61957e-07
3072       8.69171e-07
3080       8.85746e-07
3088       9.08915e-07
3096       8.89279e-07
3104       8.91761e-07
3112       8.71785e-07
3120       8.49853e-07
3128       8.63827e-07
3136       8.65863e-07
3144       8.64666e-07
3152       8.61559e-07
3160       8.61952e-07
3168       8.45024e-07
3176       8.35699e-07
3184       8.37953e-07
3192       8.32579e-07
3200       8.29729e-07
3208       8.01532e-07
3216       7.69686e-07
3224       8.26342e-07
3232       8.89504e-07
3240       9.00497e-07
3248       9.09433e-07
3256       9.17838e-07
3264       9.37929e-07
3272       9.10445e-07
3280       8.40786e-07
3288       8.10944e-07
3296       8.47615e-07
3304       8.76103e-07
3312       8.6465e-07
3320       8.42943e-07
3328       8.42467e-07
3336       8.84446e-07
3344       9.21488e-07
3352       9.18613e-07
3360       9.091e-07 
3368       8.658e-07 
3376       8.46119e-07
3384       8.58624e-07
3392       8.69935e-07
3400       8.85361e-07
3408       8.65988e-07
3416       8.53643e-07
3424       8.68626e-07
3432       8.93558e-07
3440       8.91399e-07
3448       8.6695e-07
3456       8.60084e-07
3464       8.71449e-07
3472       9.1695e-07
3480       9.3371e-07
3488       8.73031e-07
3496       8.26537e-07
3504       8.22533e-07
3512       8.54927e-07
3520       8.66054e-07
3528       8.55994e-07
3536       8.38718e-07
3544       8.36825e-07
3552       8.44091e-07
3560       8.50823e-07
3568       9.03373e-07
3576       9.33847e-07
3584       8.8991e-07
3592       8.47273e-07
3600       8.31628e-07
3608       8.53858e-07
3616       8.82249e-07
3624       9.02713e-07
3632       9.13326e-07
3640       8.93289e-07
3648       8.64162e-07
3656       8.40966e-07
3664       8.47318e-07
3672       8.50697e-07
3680       8.09582e-07
3688       7.81285e-07
3696       7.82073e-07
3704       8.08196e-07
3712       8.37681e-07
3720       8.29396e-07
3728       8.27192e-07
3736       8.43678e-07
3744       8.56826e-07
3752       8.57502e-07
3760       8.36254e-07
3768       7.92337e-07
3776       7.59554e-07
3784       7.74073e-07
3792       7.91781e-07
3800       8.00435e-07
3808       8.10585e-07
3816       8.43493e-07
3824       8.91656e-07
3832       8.79898e-07
3840       8.17369e-07
3848       7.8644e-07
3856       7.63384e-07
3864       7.81113e-07
3872       8.33266e-07
3880       8.37081e-07
3888       8.05303e-07
3896       7.58064e-07
3904       7.46701e-07
3912       7.8059e-07
3920       8.06754e-07
3928       8.27539e-07
3936       8.14379e-07
3944       8.14645e-07
3952       8.65574e-07
3960       9.00475e-07
3968       9.53673e-07
3976       9.62589e-07
3984       9.11118e-07
3992       8.37075e-07
4000       7.8168e-07
4008       7.87823e-07
4016       8.04553e-07
4024       8.18938e-07
4032       8.38729e-07
4040       8.52029e-07
4048       8.54587e-07
4056       8.72628e-07
4064       8.72523e-07
4072       8.51084e-07
4080       8.41393e-07
4088       8.47108e-07
4096       8.65899e-07
4104       8.74047e-07
4112       8.73923e-07
4120       8.73909e-07
4128       8.55459e-07
4136       8.59896e-07
4144       8.46173e-07
4152       8.37006e-07
4160       9.02097e-07
4168       9.29239e-07
4176       8.97507e-07
4184       8.61165e-07
4192       8.10407e-07
4200       7.86649e-07
4208       8.21376e-07
4216       8.60894e-07
4224       9.04774e-07
4232       8.95495e-07
4240       8.33389e-07
4248       8.00082e-07
4256       8.10772e-07
4264       8.05345e-07
4272       7.96916e-07
4280       8.07441e-07
4288       8.2319e-07
4296       8.10063e-07
4304       8.20023e-07
4312       8.39165e-07
4320       8.44955e-07
4328       8.52785e-07
4336       8.67022e-07
4344       8.80425e-07
4352       8.49924e-07
4360       8.07401e-07
4368       7.97224e-07
4376       8.07566e-07
4384       8.10402e-07
4392       8.28614e-07
4400       8.6235e-07
4408       8.91292e-07
4416       8.63988e-07
4424       8.20096e-07
4432       8.1842e-07
4440       8.80298e-07
4448       9.48075e-07
4456       9.61389e-07
4464       9.29278e-07
4472       8.96153e-07
4480       8.60391e-07
4488       8.77212e-07
4496       9.47127e-07
4504       1.01647e-06
4512       1.03275e-06
4520       9.98796e-07
4528       1.00094e-06
4536       9.38318e-07
4544       8.74448e-07
4552       8.5299e-07
4560       8.84475e-07
4568       9.19955e-07
4576       9.16605e-07
4584       8.84121e-07
4592       8.59466e-07
4600       8.74585e-07
4608       8.79789e-07
4616       8.7222e-07
4624       8.91355e-07
4632       8.74033e-07
4640       8.38496e-07
4648       8.34683e-07
4656       8.22524e-07
4664       8.00897e-07
4672       7.822e-07 
4680       7.61956e-07
4688       7.68338e-07
4696       7.85084e-07
4704       7.99703e-07
4712       7.99313e-07
4720       8.09323e-07
4728       8.29251e-07
4736       8.54894e-07
4744       8.54726e-07
4752       8.33534e-07
4760       8.23219e-07
4768       8.20296e-07
4776       8.38938e-07
4784       8.67787e-07
4792       8.89826e-07
4800       8.85401e-07
4808       8.83168e-07
4816       8.96581e-07
4824       9.07111e-07
4832       9.34716e-07
4840       9.12011e-07
4848       8.07954e-07
4856       7.67395e-07
4864       7.55042e-07
4872       7.46715e-07
4880       7.43867e-07
4888       7.52248e-07
4896       7.9038e-07
4904       8.23905e-07
4912       8.4121e-07
4920       8.47563e-07
4928       8.48573e-07
4936       8.55626e-07
4944       8.57091e-07
4952       8.57109e-07
4960       8.0212e-07
4968       7.27526e-07
4976       7.088e-07 
4984       7.57306e-07
4992       7.99116e-07
5000       7.97793e-07
5008       7.77024e-07
5016       7.79246e-07
5024       8.16849e-07
5032       8.28187e-07
5040       8.10477e-07
5048       8.15788e-07
5056       8.40409e-07
5064       8.64358e-07
5072       9.03454e-07
5080       8.93035e-07
5088       8.33802e-07
5096       7.83349e-07
5104       7.58401e-07
5112       8.25954e-07
5120       9.06844e-07
5128       9.22909e-07
5136       9.11449e-07
5144       9.17968e-07
5152       9.02055e-07
5160       8.64669e-07
5168       8.9357e-07
5176       9.53671e-07
5184       9.499e-07 
5192       9.24261e-07
5200       9.16306e-07
5208       8.86337e-07
5216       8.46232e-07
5224       8.17249e-07
5232       8.28935e-07
5240       8.45665e-07
5248       8.41749e-07
5256       8.5535e-07
5264       8.74109e-07
5272       8.5917e-07
5280       8.40415e-07
5288       8.30914e-07
5296       8.07418e-07
5304       8.02362e-07
5312       8.3064e-07
5320       8.65258e-07
5328       8.99344e-07
5336       9.38943e-07
5344       9.46575e-07
5352       9.30481e-07
5360       8.91558e-07
5368       8.56147e-07
5376       8.55927e-07
5384       8.92561e-07
5392       8.84629e-07
5400       8.55973e-07
5408       8.40445e-07
5416       8.04775e-07
5424       8.05555e-07
5432       8.43916e-07
5440       8.90252e-07
5448       9.06719e-07
5456       8.91478e-07
5464       8.97583e-07
5472       8.90569e-07
5480       8.71933e-07
5488       8.51165e-07
5496       7.65151e-07
5504       6.85126e-07
5512       7.23374e-07
5520       7.88803e-07
5528       8.41405e-07
5536       8.82349e-07
5544       9.29824e-07
5552       9.26383e-07
5560       8.81935e-07
5568       8.30698e-07
5576       7.97016e-07
5584       9.4362e-07
5592       1.01881e-06
5600       1.06343e-06
5608       1.03871e-06
5616       9.21349e-07
5624       9.28466e-07
5632       9.3468e-07
5640       9.08248e-07
5648       8.54172e-07
5656       7.54824e-07
5664       7.1726e-07
5672       7.44355e-07
5680       7.70238e-07
5688       8.00758e-07
5696       8.38308e-07
5704       8.6016e-07
5712       8.43203e-07
5720       8.53274e-07
5728       8.75426e-07
5736       8.62845e-07
5744       8.42978e-07
5752       8.48994e-07
5760       8.68684e-07
5768       8.69303e-07
5776       8.21574e-07
5784       7.56745e-07
5792       7.63672e-07
5800       8.32904e-07
5808       8.3928e-07
5816       8.60156e-07
5824       8.62445e-07
5832       7.91793e-07
5840       7.41287e-07
5848       7.37517e-07
5856       7.84053e-07
5864       8.19128e-07
5872       7.79813e-07
5880       7.80186e-07
5888       7.93032e-07
5896       7.94027e-07
5904       8.18697e-07
5912       8.65546e-07
5920       8.70102e-07
5928       8.58423e-07
5936       8.31084e-07
5944       7.98546e-07
5952       7.9442e-07
5960       7.89553e-07
5968       7.64719e-07
5976       7.82457e-07
5984       8.35286e-07
5992       8.51592e-07
6000       8.3468e-07
6008       8.60533e-07
6016       9.20942e-07
6024       9.46079e-07
6032       9.38856e-07
6040       9.16824e-07
6048       8.84909e-07
6056       8.81256e-07
6064       9.11159e-07
6072       9.2027e-07
6080       8.9593e-07
6088       8.66433e-07
6096       8.92358e-07
6104       9.37369e-07
6112       9.35562e-07
6120       8.68031e-07
6128       7.78406e-07
6136       7.57761e-07
6144       7.90816e-07
6152       8.21242e-07
6160       8.30655e-07
6168       8.14988e-07
6176       8.00575e-07
6184       7.82739e-07
6192       7.66053e-07
6200       8.03739e-07
6208       8.56297e-07
6216       8.85755e-07
6224       8.89378e-07
6232       8.44743e-07
6240       8.23157e-07
6248       8.47567e-07
6256       8.92826e-07
6264       8.8626e-07
6272       8.15058e-07
6280       7.78407e-07
6288       7.91603e-07
6296       8.36514e-07
6304       8.61913e-07
6312       8.48905e-07
6320       8.02813e-07
6328       7.89248e-07
6336       8.12265e-07
6344       8.18679e-07
6352       8.2919e-07
6360       8.21747e-07
6368       8.18996e-07
6376       8.09499e-07
6384       7.88499e-07
6392       7.79226e-07
6400       7.77715e-07
6408       7.89446e-07
6416       8.4418e-07
6424       8.87977e-07
6432       8.59582e-07
6440       7.63487e-07
6448       7.24465e-07
6456       7.66465e-07
6464       8.28143e-07
6472       8.64136e-07
6480       8.56537e-07
6488       8.5093e-07
6496       8.62287e-07
6504       8.72425e-07
6512       8.60416e-07
6520       8.58375e-07
6528       8.7515e-07
6536       8.68186e-07
6544       8.42805e-07
6552       8.37839e-07
6560       8.26721e-07
6568       7.91061e-07
6576       7.94315e-07
6584       8.44428e-07
6592       8.39353e-07
6600       8.11222e-07
6608       8.16637e-07
6616       8.17316e-07
6624       8.15163e-07
6632       8.15042e-07
6640       8.37274e-07
6648       8.59695e-07
6656       8.91487e-07
6664       9.31742e-07
6672       9.71518e-07
6680       9.82647e-07
6688       9.74495e-07
6696       9.24434e-07
6704       9.06183e-07
6712       9.14415e-07
6720       8.92293e-07
6728       9.083e-07 
6736       9.0878e-07
6744       9.00819e-07
6752       9.05259e-07
6760       8.62891e-07
6768       8.47414e-07
6776       8.51835e-07
6784       8.35959e-07
6792       8.44637e-07
6800       8.76401e-07
6808       9.04624e-07
6816       8.94327e-07
6824       8.40845e-07
6832       8.075e-07 
6840       7.92055e-07
6848       8.04362e-07
6856       8.06627e-07
6864       8.04058e-07
6872       8.14367e-07
6880       8.50316e-07
6888       8.89979e-07
6896       8.93083e-07
6904       8.80531e-07
6912       8.57279e-07
6920       8.47171e-07
6928       8.65153e-07
6936       9.0903e-07
6944       9.49551e-07
6952       9.41265e-07
6960       9.16708e-07
6968       8.83937e-07
6976       8.53276e-07
6984       8.55927e-07
6992       8.57071e-07
7000       8.76921e-07
7008       8.82981e-07
7016       8.83824e-07
7024       9.12786e-07
7032       9.19757e-07
7040       8.8922e-07
7048       8.63866e-07
7056       8.73949e-07
7064       8.90012e-07
7072       8.85456e-07
7080       8.35553e-07
7088       7.49719e-07
7096       6.93514e-07
7104       7.00579e-07
7112       7.62669e-07
7120       8.21893e-07
7128       9.04425e-07
7136       9.57567e-07
7144       9.29904e-07
7152       8.94124e-07
7160       8.52468e-07
7168       8.16013e-07
7176       8.20145e-07
7184       8.69148e-07
7192       9.12787e-07
7200       9.42711e-07
7208       9.06804e-07
7216       8.2953e-07
7224       7.89285e-07
7232       8.05678e-07
7240       8.45851e-07
7248       8.62605e-07
7256       8.40192e-07
7264       8.14223e-07
7272       8.18728e-07
7280       8.30509e-07
7288       8.7026e-07
7296       8.72393e-07
7304       8.57703e-07
7312       8.60643e-07
7320       8.58572e-07
7328       8.82912e-07
7336       8.91476e-07
7344       8.87256e-07
7352       8.80777e-07
7360       8.44642e-07
7368       8.08003e-07
7376       7.9924e-07
7384       8.15375e-07
7392       8.27169e-07
7400       8.30885e-07
7408       8.40278e-07
7416       8.8617e-07
7424       9.20059e-07
7432       8.9657e-07
7440       8.64917e-07
7448       8.60804e-07
7456       8.47182e-07
7464       7.9042e-07
7472       7.54641e-07
7480       7.98759e-07
7488       8.36555e-07
7496       8.14297e-07
7504       7.70984e-07
7512       7.75706e-07
7520       7.88519e-07
7528       7.96032e-07
7536       8.44792e-07
7544       8.69441e-07
7552       8.61858e-07
7560       8.6066e-07
7568       8.07485e-07
7576       7.92427e-07
7584       8.06742e-07
7592       8.40238e-07
7600       8.80917e-07
7608       8.8628e-07
7616       9.18869e-07
7624       9.23088e-07
7632       8.93995e-07
7640       8.44814e-07
7648       7.89979e-07
7656       7.92945e-07
7664       8.26644e-07
7672       8.40034e-07
7680       8.35979e-07
7688       8.23733e-07
7696       8.47118e-07
7704       8.66529e-07
7712       8.53521e-07
7720       8.44821e-07
7728       8.26138e-07
7736       8.18633e-07
7744       8.25271e-07
7752       8.3694e-07
7760       8.24537e-07
7768       8.0601e-07
7776       7.79701e-07
7784       7.76434e-07
7792       8.18981e-07
7800       8.23914e-07
7808       8.22566e-07
7816       8.25101e-07
7824       8.40575e-07
7832       8.81305e-07
7840       9.04978e-07
7848       9.1987e-07
7856       8.70409e-07
7864       8.22133e-07
7872       8.40328e-07
7880       8.38649e-07
7888       8.34625e-07
7896       8.06566e-07
7904       8.04612e-07
7912       8.4877e-07
7920       8.55314e-07
7928       8.49605e-07
7936       8.4222e-07
7944       8.77116e-07
7952       9.2905e-07
7960       9.39233e-07
7968       9.28604e-07
7976       8.88419e-07
7984       8.87147e-07
7992       9.20666e-07
8000       9.27897e-07
8008       9.34382e-07
8016       9.04924e-07
8024       8.65548e-07
8032       8.42664e-07
8040       8.52489e-07
8048       9.04903e-07
8056       9.39506e-07
8064       9.444e-07 
8072       9.33611e-07
8080       9.20292e-07
8088       9.12027e-07
8096       9.09159e-07
8104       8.98119e-07
8112       8.78851e-07
8120       8.50348e-07
8128       8.2063e-07
8136       7.98452e-07
8144       7.91839e-07
8152       7.87014e-07
8160       8.14018e-07
8168       8.93359e-07
8176       9.14679e-07
8184       9.10923e-07
8192       8.74922e-07
8200       8.05977e-07
8208       7.72838e-07
8216       7.89702e-07
8224       8.11749e-07
8232       8.00364e-07
8240       7.55685e-07
8248       6.89963e-07
8256       6.44726e-07
8264       6.51925e-07
8272       6.66533e-07
8280       7.04353e-07
8288       7.72964e-07
8296       8.29052e-07
8304       8.65683e-07
8312       8.71511e-07
8320       8.55822e-07
8328       8.55829e-07
8336       8.74857e-07
8344       8.91345e-07
8352       8.71936e-07
8360       8.1954e-07
8368       8.06981e-07
8376       8.27799e-07
8384       8.32243e-07
8392       7.99407e-07
8400       8.03634e-07
8408       8.47718e-07
8416       8.732e-07 
8424       8.67425e-07
8432       8.65736e-07
8440       8.7295e-07
8448       8.72101e-07
8456       8.81454e-07
8464       8.81065e-07
8472       8.75155e-07
8480       8.86716e-07
8488       9.24699e-07
8496       9.45323e-07
8504       9.339e-07 
8512       9.02896e-07
8520       8.81354e-07
8528       8.52082e-07
8536       8.29966e-07
8544       8.76062e-07
8552       9.90909e-07
8560       1.04298e-06
8568       9.81542e-07
8576       9.00967e-07
8584       8.47439e-07
8592       8.32688e-07
8600       8.54922e-07
8608       8.76347e-07
8616       8.99684e-07
8624       8.83051e-07
8632       8.21453e-07
8640       8.08774e-07
8648       7.87347e-07
8656       7.77429e-07
8664       7.8602e-07
8672       7.77075e-07
8680       7.57727e-07
8688       7.9611e-07
8696       8.25722e-07
8704       7.89859e-07
8712       7.74101e-07
8720       7.74316e-07
8728       7.97211e-07
8736       8.44242e-07
8744       8.8373e-07
8752       8.82355e-07
8760       8.39566e-07
8768       7.93398e-07
8776       8.26034e-07
8784       8.89723e-07
8792       8.8612e-07
8800       8.46303e-07
8808       8.14751e-07
8816       7.99611e-07
8824       8.08587e-07
8832       7.97731e-07
8840       8.02188e-07
8848       8.34824e-07
8856       8.61546e-07
8864       8.76872e-07
8872       8.71909e-07
8880       8.55056e-07
8888       8.61101e-07
8896       8.76625e-07
8904       8.67327e-07
8912       8.20377e-07
8920       7.82903e-07
8928       8.10499e-07
8936       8.33708e-07
8944       8.4811e-07
8952       8.77783e-07
8960       8.85707e-07
8968       8.73222e-07
8976       8.77205e-07
8984       8.63815e-07
8992       8.68093e-07
9000       8.51458e-07
9008       7.9295e-07
9016       7.31404e-07
9024       7.30096e-07
9032       7.6124e-07
9040       8.39883e-07
9048       9.06314e-07
9056       9.22656e-07
9064       9.28091e-07
9072       9.04171e-07
9080       8.55693e-07
9088       8.21382e-07
9096       7.87698e-07
9104       7.79878e-07
9112       8.20664e-07
9120       8.4906e-07
9128       8.97334e-07
9136       9.0193e-07
9144       8.6124e-07
9152       8.06473e-07
9160       7.53364e-07
9168       7.74735e-07
9176       8.16019e-07
9184       8.61486e-07
9192       8.88207e-07
9200       8.67143e-07
9208       8.38085e-07
9216       8.20497e-07
9224       7.9148e-07
9232       7.65966e-07
9240       7.8467e-07
9248       8.45055e-07
9256       9.17716e-07
9264       9.41656e-07
9272       8.92222e-07
9280       8.40431e-07
9288       8.39006e-07
9296       8.33877e-07
9304       8.21295e-07
9312       8.29748e-07
9320       8.35143e-07
9328       8.48311e-07
9336       8.63465e-07
9344       8.25346e-07
9352       7.90295e-07
9360       7.99606e-07
9368       8.26283e-07
9376       8.33172e-07
9384       8.16998e-07
9392       8.27e-07  
9400       8.59425e-07
9408       8.87432e-07
9416       8.9882e-07
9424       8.7976e-07
9432       8.42204e-07
9440       8.00703e-07
9448       8.21787e-07
9456       8.56464e-07
9464       8.97057e-07
9472       9.23004e-07
9480       9.00114e-07
9488       8.90862e-07
9496       8.63888e-07
9504       8.4021e-07
9512       8.28164e-07
9520       8.17876e-07
9528       8.6483e-07
9536       9.20322e-07
9544       9.41168e-07
9552       8.9053e-07
9560       8.26915e-07
9568       8.18353e-07
9576       8.42269e-07
9584       8.36863e-07
9592       8.15011e-07
9600       8.04034e-07
9608       8.00074e-07
9616       8.03211e-07
9624       8.11516e-07
9632       8.28621e-07
9640       8.20731e-07
9648       8.2804e-07
9656       8.47574e-07
9664       8.50264e-07
9672       8.33572e-07
9680       7.86966e-07
9688       7.94016e-07
9696       8.04087e-07
9704       8.36581e-07
9712       8.73934e-07
9720       8.95193e-07
9728       8.761e-07 
9736       8.32674e-07
9744       8.24234e-07
9752       8.2046e-07
9760       7.91265e-07
9768       7.97409e-07
9776       8.51751e-07
9784       9.08648e-07
9792       9.20904e-07
9800       9.19376e-07
9808       9.29853e-07
9816       9.02092e-07
9824       8.91793e-07
9832       8.99027e-07
9840       8.86805e-07
9848       8.29466e-07
9856       7.91951e-07
9864       8.27042e-07
9872       8.52121e-07
9880       8.40094e-07
9888       8.20998e-07
9896       7.85521e-07
9904       7.70772e-07
9912       7.95631e-07
9920       8.38219e-07
9928       8.69727e-07
9936       8.35278e-07
9944       7.98968e-07
9952       7.96902e-07
9960       8.39839e-07
9968       8.73064e-07
9976       8.3424e-07
9984       8.0579e-07
9992       8.39238e-07
10000      8.95644e-07
10008      9.30675e-07
10016      9.04322e-07
10024      8.45569e-07
10032      8.73246e-07
10040      9.17179e-07
10048      8.78158e-07
10056      7.90608e-07
10064      7.21563e-07
10072      7.51716e-07
10080      8.29727e-07
10088      8.51513e-07
10096      8.50866e-07
10104      8.32488e-07
10112      8.20678e-07
10120      8.38082e-07
10128      8.36959e-07
10136      8.36442e-07
10144      8.35694e-07
10152      8.53904e-07
10160      8.44988e-07
10168      7.75974e-07
10176      7.23522e-07
10184      7.28887e-07
10192      7.61697e-07
10200      8.15186e-07
10208      8.68659e-07
10216      8.99723e-07
10224      8.899e-07 
10232      8.48381e-07
10240      8.16448e-07
10248      7.81553e-07
10256      7.33506e-07
10264      7.35153e-07
10272      7.62171e-07
10280      7.66576e-07
10288      7.47288e-07
10296      7.40183e-07
10304      7.42654e-07
10312      7.74973e-07
10320      8.25568e-07
10328      8.56564e-07
10336      8.77103e-07
10344      8.85386e-07
10352      8.73112e-07
10360      8.80789e-07
10368      8.69362e-07
10376      8.48776e-07
10384      8.14481e-07
10392      7.98355e-07
10400      8.10998e-07
10408      8.46825e-07
10416      8.46822e-07
10424      7.85761e-07
10432      7.67028e-07
10440      7.93989e-07
10448      7.93782e-07
10456      7.77474e-07
10464      8.00592e-07
10472      8.35619e-07
10480      8.36117e-07
10488      8.25116e-07
10496      8.21579e-07
10504      8.00636e-07
10512      7.92179e-07
10520      7.98575e-07
10528      8.16578e-07
10536      8.57613e-07
10544      8.63305e-07
10552      8.33191e-07
10560      7.87338e-07
10568      7.94168e-07
10576      8.22631e-07
10584      8.0774e-07
10592      8.12364e-07
10600      8.33723e-07
10608      8.40378e-07
10616      8.34809e-07
10624      7.82528e-07
10632      7.37107e-07
10640      7.3488e-07
10648      7.3518e-07
10656      7.28993e-07
10664      7.38207e-07
10672      7.87836e-07
10680      8.37594e-07
10688      8.93069e-07
10696      8.82395e-07
10704      8.16429e-07
10712      7.88729e-07
10720      8.20179e-07
10728      8.75166e-07
10736      8.91494e-07
10744      9.16856e-07
10752      9.19e-07  
10760      8.66706e-07
10768      8.27067e-07
10776      8.26237e-07
10784      8.42292e-07
10792      8.57003e-07
10800      8.42212e-07
10808      8.19351e-07
10816      8.40222e-07
10824      8.80851e-07
10832      9.29375e-07
10840      9.17248e-07
10848      8.53589e-07
10856      8.27201e-07
10864      8.23455e-07
10872      8.26903e-07
10880      8.32776e-07
10888      8.47368e-07
10896      8.83355e-07
10904      8.9742e-07
10912      8.31476e-07
10920      7.35879e-07
10928      6.93284e-07
10936      7.48776e-07
10944      8.34625e-07
10952      8.65453e-07
10960      8.77243e-07
10968      9.21882e-07
10976      9.35789e-07
10984      8.94721e-07
10992      8.11637e-07
11000      7.57382e-07
11008      7.56712e-07
11016      7.58558e-07
11024      7.82997e-07
11032      7.96626e-07
11040      7.75267e-07
11048      7.79925e-07
11056      8.30268e-07
11064      8.64062e-07
11072      8.81996e-07
11080      8.97061e-07
11088      8.69927e-07
11096      8.12966e-07
11104      7.84479e-07
11112      7.75819e-07
11120      7.91204e-07
11128      8.30708e-07
11136      8.69327e-07
11144      8.5873e-07
11152      8.26473e-07
11160      8.22072e-07
11168      8.32674e-07
11176      8.31422e-07
11184      8.64329e-07
11192      8.75262e-07
11200      8.35102e-07
11208      8.19255e-07
11216      8.16403e-07
11224      8.33343e-07
11232      8.26301e-07
11240      7.95349e-07
11248      7.8666e-07
11256      8.12772e-07
11264      8.48161e-07
11272      8.70607e-07
11280      8.75041e-07
11288      8.58671e-07
11296      8.41594e-07
11304      8.48202e-07
11312      8.76085e-07
11320      8.71467e-07
11328      8.34788e-07
11336      7.95375e-07
11344      7.68308e-07
11352      7.83373e-07
11360      7.95813e-07
11368      8.38174e-07
11376      8.82107e-07
11384      8.75933e-07
11392      8.54409e-07
11400      8.21229e-07
11408      8.1057e-07
11416      8.33442e-07
11424      8.11089e-07
11432      7.72464e-07
11440      7.64344e-07
11448      7.87907e-07
11456      8.63763e-07
11464      9.19895e-07
11472      9.03162e-07
11480      8.82907e-07
11488      8.53098e-07
11496      8.52929e-07
11504      8.58776e-07
11512      8.52846e-07
11520      8.70774e-07
11528      8.84479e-07
11536      9.03453e-07
11544      8.80883e-07
11552      8.52842e-07
11560      8.34975e-07
11568      8.38364e-07
11576      8.58739e-07
11584      8.58389e-07
11592      8.57352e-07
11600      8.70257e-07
11608      8.68826e-07
11616      8.62182e-07
11624      8.48773e-07
11632      8.12601e-07
11640      7.77741e-07
11648      7.62104e-07
11656      7.78213e-07
11664      8.03312e-07
11672      8.06965e-07
11680      8.0708e-07
11688      8.58924e-07
11696      8.63861e-07
11704      7.92405e-07
11712      7.12281e-07
11720      6.95045e-07
11728      7.58659e-07
11736      8.08469e-07
11744      8.04834e-07
11752      8.0485e-07
11760      8.05521e-07
11768      8.23996e-07
11776      8.09878e-07
11784      7.76883e-07
11792      7.34855e-07
11800      7.12318e-07
11808      7.50793e-07
11816      7.7833e-07
11824      7.79182e-07
11832      8.20961e-07
11840      8.74014e-07
11848      9.22511e-07
11856      9.33409e-07
11864      8.60158e-07
11872      8.18364e-07
11880      8.03316e-07
11888      7.54307e-07
11896      7.2273e-07
11904      7.6602e-07
11912      8.49159e-07
11920      9.20384e-07
11928      9.38418e-07
11936      9.26177e-07
11944      9.37569e-07
11952      9.35564e-07
11960      8.79743e-07
11968      8.21134e-07
11976      7.90969e-07
11984      8.15452e-07
11992      8.30964e-07
12000      8.16614e-07
12008      7.88775e-07
12016      7.7527e-07
12024      8.16085e-07
12032      8.43126e-07
12040      8.54134e-07
12048      8.58422e-07
12056      8.72689e-07
12064      8.96551e-07
12072      8.9343e-07
12080      8.64104e-07
12088      8.22821e-07
12096      8.08135e-07
12104      8.25832e-07
12112      8.2558e-07
12120      8.01798e-07
12128      7.75211e-07
12136      7.5577e-07
12144      7.73104e-07
12152      8.05359e-07
12160      8.44063e-07
12168      8.23665e-07
12176      7.68472e-07
12184      7.66738e-07
12192      7.78176e-07
12200      7.77077e-07
12208      8.1714e-07
12216      8.79037e-07
12224      9.17291e-07
12232      8.98445e-07
12240      8.3333e-07
12248      7.88209e-07
12256      7.57996e-07
12264      7.61723e-07
12272      7.97371e-07
12280      8.04566e-07
12288      7.90246e-07
12296      7.71746e-07
12304      7.79905e-07
12312      7.92496e-07
12320      8.03358e-07
12328      8.37745e-07
12336      8.67404e-07
12344      8.54929e-07
12352      8.10836e-07
12360      7.6869e-07
12368      7.34705e-07
12376      7.17099e-07
12384      7.46985e-07
12392      7.78428e-07
12400      7.74152e-07
12408      7.88567e-07
12416      8.11879e-07
12424      7.9122e-07
12432      7.73762e-07
12440      7.71106e-07
12448      7.84647e-07
12456      8.11404e-07
12464      8.24641e-07
12472      8.05769e-07
12480      8.31873e-07
12488      8.7213e-07
12496      8.97416e-07
12504      8.83796e-07
12512      8.30508e-07
12520      8.15725e-07
12528      8.22546e-07
12536      8.43254e-07
12544      8.39902e-07
12552      8.11684e-07
12560      7.89431e-07
12568      8.07584e-07
12576      8.24286e-07
12584      8.45186e-07
12592      8.68339e-07
12600      8.41028e-07
12608      8.435e-07 
12616      8.57109e-07
12624      8.59564e-07
12632      8.44914e-07
12640      8.01001e-07
12648      7.60311e-07
12656      7.69074e-07
12664      8.20398e-07
12672      8.62154e-07
12680      8.70161e-07
12688      8.42649e-07
12696      8.55004e-07
12704      9.13928e-07
12712      9.15376e-07
12720      9.17288e-07
12728      9.27734e-07
12736      9.00647e-07
12744      8.57374e-07
12752      8.23824e-07
12760      7.95143e-07
12768      7.62474e-07
12776      7.72848e-07
12784      8.10666e-07
12792      8.71134e-07
12800      9.16423e-07
