# Freq.    Mag.
0          3.02143e-05
1          2.99177e-05
2          2.44073e-05
3          1.95998e-05
4          1.90569e-05
5          1.8347e-05
6          1.7422e-05
7          1.69182e-05
8          1.73858e-05
9          1.77992e-05
10         1.73007e-05
11         1.68098e-05
12         1.64544e-05
13         1.60086e-05
14         1.66025e-05
15         1.72347e-05
16         1.72246e-05
17         1.67977e-05
18         1.58764e-05
19         1.44421e-05
20         1.38309e-05
21         1.41877e-05
22         1.43012e-05
23         1.42287e-05
24         1.35353e-05
25         1.27104e-05
26         1.26706e-05
27         1.33507e-05
28         1.32626e-05
29         1.32545e-05
30         1.36423e-05
31         1.33681e-05
32         1.27963e-05
33         1.24378e-05
34         1.24797e-05
35         1.25639e-05
36         1.24891e-05
37         1.41713e-05
38         1.82329e-05
39         1.9373e-05
40         1.91186e-05
41         1.7066e-05
42         1.31186e-05
43         1.16337e-05
44         1.10309e-05
45         1.0392e-05
46         1.03385e-05
47         1.08312e-05
48         1.16257e-05
49         1.15141e-05
50         1.10475e-05
51         1.07661e-05
52         1.04762e-05
53         1.05387e-05
54         1.04653e-05
55         1.05669e-05
56         1.05724e-05
57         1.0428e-05
58         1.03605e-05
59         1.01642e-05
60         9.44247e-06
61         9.05868e-06
62         8.71707e-06
63         8.45086e-06
64         8.4867e-06
65         8.59329e-06
66         8.55519e-06
67         8.36279e-06
68         8.06061e-06
69         7.58878e-06
70         7.37581e-06
71         7.60613e-06
72         7.88093e-06
73         7.98081e-06
74         7.7612e-06
75         7.72173e-06
76         7.89929e-06
77         8.04581e-06
78         7.92515e-06
79         7.3783e-06
80         7.18296e-06
81         7.14079e-06
82         7.1835e-06
83         7.25593e-06
84         7.03419e-06
85         6.74162e-06
86         6.48558e-06
87         6.337e-06 
88         6.40797e-06
89         6.61629e-06
90         6.64852e-06
91         6.33372e-06
92         6.32364e-06
93         6.44722e-06
94         6.29977e-06
95         6.42192e-06
96         6.60398e-06
97         6.47696e-06
98         6.15965e-06
99         5.95747e-06
100        5.80806e-06
101        5.73961e-06
102        5.73537e-06
103        5.59435e-06
104        5.60262e-06
105        5.68647e-06
106        5.83521e-06
107        5.92499e-06
108        5.84024e-06
109        5.56219e-06
110        5.35511e-06
111        5.20082e-06
112        4.89341e-06
113        4.80439e-06
114        4.99677e-06
115        5.39174e-06
116        6.03714e-06
117        6.63203e-06
118        6.60448e-06
119        6.4699e-06
120        5.80824e-06
121        4.95962e-06
122        4.85786e-06
123        5.16125e-06
124        5.27078e-06
125        4.89637e-06
126        4.50243e-06
127        4.45383e-06
128        4.64044e-06
129        4.79121e-06
130        4.89303e-06
131        4.99433e-06
132        4.93469e-06
133        5.02629e-06
134        5.13092e-06
135        5.1151e-06
136        4.99114e-06
137        4.70423e-06
138        4.41839e-06
139        4.15257e-06
140        4.05855e-06
141        4.08254e-06
142        4.16954e-06
143        4.19559e-06
144        4.28489e-06
145        4.5043e-06
146        4.67309e-06
147        4.66075e-06
148        4.46572e-06
149        4.17174e-06
150        3.8424e-06
151        3.58228e-06
152        3.47782e-06
153        3.64675e-06
154        4.07829e-06
155        4.22451e-06
156        4.14785e-06
157        4.04303e-06
158        3.89786e-06
159        3.7946e-06
160        3.68063e-06
161        3.57041e-06
162        3.64844e-06
163        3.83647e-06
164        3.88448e-06
165        3.87513e-06
166        3.81485e-06
167        3.76741e-06
168        3.75917e-06
169        3.67178e-06
170        3.57498e-06
171        3.51208e-06
172        3.4815e-06
173        3.49155e-06
174        3.51718e-06
175        3.5417e-06
176        3.51761e-06
177        3.59416e-06
178        3.78655e-06
179        3.94301e-06
180        3.7908e-06
181        3.61909e-06
182        3.57722e-06
183        3.54684e-06
184        3.48531e-06
185        3.47053e-06
186        3.44932e-06
187        3.23867e-06
188        3.14877e-06
189        3.33268e-06
190        3.53661e-06
191        3.61325e-06
192        3.60789e-06
193        3.52068e-06
194        3.37975e-06
195        3.56003e-06
196        3.82468e-06
197        3.75223e-06
198        3.68635e-06
199        3.45161e-06
200        3.29397e-06
201        3.28559e-06
202        3.26088e-06
203        3.14031e-06
204        3.09077e-06
205        3.1263e-06
206        3.0371e-06
207        2.97384e-06
208        2.9521e-06
209        2.98483e-06
210        3.04503e-06
211        3.09492e-06
212        3.03396e-06
213        2.89462e-06
214        2.77215e-06
215        2.75103e-06
216        2.77818e-06
217        2.80626e-06
218        2.90997e-06
219        2.92061e-06
220        2.76963e-06
221        2.67194e-06
222        2.717e-06 
223        2.73873e-06
224        2.75463e-06
225        2.86938e-06
226        3.00044e-06
227        3.01577e-06
228        2.96537e-06
229        2.90424e-06
230        2.86858e-06
231        2.87953e-06
232        2.6561e-06
233        2.44474e-06
234        2.54932e-06
235        2.65418e-06
236        2.7177e-06
237        2.65755e-06
238        2.5716e-06
239        2.62468e-06
240        2.61424e-06
241        2.61483e-06
242        2.71788e-06
243        2.77306e-06
244        2.66619e-06
245        2.49332e-06
246        2.31209e-06
247        2.3617e-06
248        2.50539e-06
249        2.54474e-06
250        2.44466e-06
251        2.52255e-06
252        2.7346e-06
253        2.81993e-06
254        2.77727e-06
255        2.64625e-06
256        2.50368e-06
257        2.24961e-06
258        2.10311e-06
259        2.09102e-06
260        2.23196e-06
261        2.33257e-06
262        2.31247e-06
263        2.32031e-06
264        2.39811e-06
265        2.60731e-06
266        2.80225e-06
267        2.84383e-06
268        2.80591e-06
269        2.90772e-06
270        2.89321e-06
271        2.71863e-06
272        2.54459e-06
273        2.41526e-06
274        2.6738e-06
275        3.115e-06 
276        3.31599e-06
277        3.34309e-06
278        2.88128e-06
279        2.35209e-06
280        2.11494e-06
281        2.11163e-06
282        2.25613e-06
283        2.37197e-06
284        2.43633e-06
285        2.42622e-06
286        2.34788e-06
287        2.25266e-06
288        2.20029e-06
289        2.27151e-06
290        2.28585e-06
291        2.26934e-06
292        2.24349e-06
293        2.1443e-06
294        2.1003e-06
295        2.10646e-06
296        2.10898e-06
297        2.22324e-06
298        2.41915e-06
299        2.57488e-06
300        2.56416e-06
301        2.68324e-06
302        2.57751e-06
303        2.30217e-06
304        2.10197e-06
305        2.03293e-06
306        2.14441e-06
307        2.17866e-06
308        2.08598e-06
309        2.09009e-06
310        2.13088e-06
311        2.09015e-06
312        2.03727e-06
313        1.95114e-06
314        1.86997e-06
315        1.9498e-06
316        2.16028e-06
317        2.2981e-06
318        2.25015e-06
319        2.10064e-06
320        1.9767e-06
321        1.88905e-06
322        1.96642e-06
323        2.09076e-06
324        2.13172e-06
325        2.08872e-06
326        2.11236e-06
327        2.16036e-06
328        2.10464e-06
329        1.97809e-06
330        1.88245e-06
331        1.85261e-06
332        1.90303e-06
333        1.96299e-06
334        1.97154e-06
335        2.0103e-06
336        2.02241e-06
337        2.06576e-06
338        2.12374e-06
339        2.06753e-06
340        1.98425e-06
341        1.86418e-06
342        1.82686e-06
343        1.8714e-06
344        1.91066e-06
345        1.93737e-06
346        1.8875e-06
347        1.8439e-06
348        1.84216e-06
349        1.90297e-06
350        2.00096e-06
351        2.04609e-06
352        2.16735e-06
353        2.42783e-06
354        2.49949e-06
355        2.42851e-06
356        2.36718e-06
357        2.14257e-06
358        2.11818e-06
359        2.22638e-06
360        2.20581e-06
361        2.16839e-06
362        2.00159e-06
363        1.83433e-06
364        1.81558e-06
365        1.73568e-06
366        1.72198e-06
367        1.78033e-06
368        1.8777e-06
369        1.99683e-06
370        1.95144e-06
371        1.8372e-06
372        1.73941e-06
373        1.6819e-06
374        1.74195e-06
375        1.85859e-06
376        1.93752e-06
377        1.99762e-06
378        1.89586e-06
379        1.75321e-06
380        1.76257e-06
381        1.81012e-06
382        1.77527e-06
383        1.70629e-06
384        1.69112e-06
385        1.70157e-06
386        1.71715e-06
387        1.74729e-06
388        1.77853e-06
389        1.77717e-06
390        1.75721e-06
391        1.66534e-06
392        1.6432e-06
393        1.73496e-06
394        1.80639e-06
395        1.84687e-06
396        1.79941e-06
397        1.68544e-06
398        1.68183e-06
399        1.74874e-06
400        1.78877e-06
401        1.84116e-06
402        1.84801e-06
403        1.88567e-06
404        1.95478e-06
405        1.93945e-06
406        1.86299e-06
407        1.7515e-06
408        1.69593e-06
409        1.70391e-06
410        1.71667e-06
411        1.8335e-06
412        1.88225e-06
413        1.81445e-06
414        1.76434e-06
415        1.77952e-06
416        1.82563e-06
417        1.87196e-06
418        1.87323e-06
419        1.88258e-06
420        1.84825e-06
421        1.78852e-06
422        1.77476e-06
423        1.78034e-06
424        1.76453e-06
425        1.7135e-06
426        1.69151e-06
427        1.65827e-06
428        1.59996e-06
429        1.58713e-06
430        1.59158e-06
431        1.60711e-06
432        1.85805e-06
433        2.0379e-06
434        2.1046e-06
435        2.03065e-06
436        1.79056e-06
437        1.74011e-06
438        1.75807e-06
439        1.74049e-06
440        1.66916e-06
441        1.5856e-06
442        1.55408e-06
443        1.60954e-06
444        1.76484e-06
445        1.89577e-06
446        1.88511e-06
447        1.75383e-06
448        1.63991e-06
449        1.63411e-06
450        1.62378e-06
451        1.56168e-06
452        1.54845e-06
453        1.529e-06 
454        1.58915e-06
455        1.66515e-06
456        1.62537e-06
457        1.51846e-06
458        1.40023e-06
459        1.3643e-06
460        1.47806e-06
461        1.59661e-06
462        1.6003e-06
463        1.58697e-06
464        1.63532e-06
465        1.6484e-06
466        1.59919e-06
467        1.53359e-06
468        1.47972e-06
469        1.48067e-06
470        1.50876e-06
471        1.56259e-06
472        1.67378e-06
473        1.66887e-06
474        1.6007e-06
475        1.53275e-06
476        1.46917e-06
477        1.48182e-06
478        1.61029e-06
479        1.74648e-06
480        1.77557e-06
481        1.76949e-06
482        1.58997e-06
483        1.47327e-06
484        1.47982e-06
485        1.4773e-06
486        1.44739e-06
487        1.39255e-06
488        1.34445e-06
489        1.36292e-06
490        1.48384e-06
491        1.54168e-06
492        1.4846e-06
493        1.42465e-06
494        1.3455e-06
495        1.30864e-06
496        1.36123e-06
497        1.45614e-06
498        1.54319e-06
499        1.53772e-06
500        1.4897e-06
501        1.4433e-06
502        1.51479e-06
503        1.57745e-06
504        1.54766e-06
505        1.52576e-06
506        1.54458e-06
507        1.47608e-06
508        1.42126e-06
509        1.4476e-06
510        1.58585e-06
511        1.76295e-06
512        1.76321e-06
513        1.7689e-06
514        1.71017e-06
515        1.47349e-06
516        1.34287e-06
517        1.34278e-06
518        1.40501e-06
519        1.42238e-06
520        1.4036e-06
521        1.39235e-06
522        1.39217e-06
523        1.44799e-06
524        1.60563e-06
525        1.76452e-06
526        1.7811e-06
527        1.74008e-06
528        1.57104e-06
529        1.43464e-06
530        1.34994e-06
531        1.26681e-06
532        1.20825e-06
533        1.19811e-06
534        1.26726e-06
535        1.33957e-06
536        1.34073e-06
537        1.35532e-06
538        1.43623e-06
539        1.62703e-06
540        1.71719e-06
541        1.6386e-06
542        1.44761e-06
543        1.28615e-06
544        1.23502e-06
545        1.24742e-06
546        1.32344e-06
547        1.33422e-06
548        1.32624e-06
549        1.36798e-06
550        1.40729e-06
551        1.37536e-06
552        1.34825e-06
553        1.38e-06  
554        1.41886e-06
555        1.46226e-06
556        1.40015e-06
557        1.3279e-06
558        1.29704e-06
559        1.36708e-06
560        1.43293e-06
561        1.41699e-06
562        1.38499e-06
563        1.37506e-06
564        1.39455e-06
565        1.41299e-06
566        1.41291e-06
567        1.42744e-06
568        1.40567e-06
569        1.40206e-06
570        1.41366e-06
571        1.3844e-06
572        1.3184e-06
573        1.28048e-06
574        1.24391e-06
575        1.21838e-06
576        1.21368e-06
577        1.24306e-06
578        1.34039e-06
579        1.39129e-06
580        1.37947e-06
581        1.35025e-06
582        1.26833e-06
583        1.13277e-06
584        1.10031e-06
585        1.197e-06 
586        1.28799e-06
587        1.30339e-06
588        1.27563e-06
589        1.30451e-06
590        1.36349e-06
591        1.36614e-06
592        1.37939e-06
593        1.34205e-06
594        1.30475e-06
595        1.29987e-06
596        1.27055e-06
597        1.2253e-06
598        1.20117e-06
599        1.28554e-06
600        1.29531e-06
601        1.30962e-06
602        1.26958e-06
603        1.1628e-06
604        1.09662e-06
605        1.10927e-06
606        1.18464e-06
607        1.26274e-06
608        1.29839e-06
609        1.27866e-06
610        1.24867e-06
611        1.22716e-06
612        1.25308e-06
613        1.29227e-06
614        1.26697e-06
615        1.22505e-06
616        1.21569e-06
617        1.21119e-06
618        1.18254e-06
619        1.13473e-06
620        1.13103e-06
621        1.15778e-06
622        1.20673e-06
623        1.22147e-06
624        1.2291e-06
625        1.21642e-06
626        1.20216e-06
627        1.25819e-06
628        1.31174e-06
629        1.30664e-06
630        1.285e-06 
631        1.24024e-06
632        1.20789e-06
633        1.22246e-06
634        1.27835e-06
635        1.32346e-06
636        1.35386e-06
637        1.35326e-06
638        1.37716e-06
639        1.3937e-06
640        1.3666e-06
641        1.34598e-06
642        1.26541e-06
643        1.13559e-06
644        1.03736e-06
645        1.02538e-06
646        1.0641e-06
647        1.10087e-06
648        1.1491e-06
649        1.17464e-06
650        1.15946e-06
651        1.10845e-06
652        1.09768e-06
653        1.14694e-06
654        1.22162e-06
655        1.21987e-06
656        1.17786e-06
657        1.22291e-06
658        1.26292e-06
659        1.27625e-06
660        1.2267e-06
661        1.16077e-06
662        1.13753e-06
663        1.13822e-06
664        1.18757e-06
665        1.25997e-06
666        1.28516e-06
667        1.29686e-06
668        1.30907e-06
669        1.32323e-06
670        1.29451e-06
671        1.28301e-06
672        1.25522e-06
673        1.20922e-06
674        1.18482e-06
675        1.20591e-06
676        1.22789e-06
677        1.21251e-06
678        1.17774e-06
679        1.19592e-06
680        1.22816e-06
681        1.19722e-06
682        1.17174e-06
683        1.13684e-06
684        1.13999e-06
685        1.16942e-06
686        1.17478e-06
687        1.17013e-06
688        1.17644e-06
689        1.1394e-06
690        1.08001e-06
691        1.0722e-06
692        1.10574e-06
693        1.16612e-06
694        1.20075e-06
695        1.23623e-06
696        1.31539e-06
697        1.3694e-06
698        1.37094e-06
699        1.28839e-06
700        1.18789e-06
701        1.13363e-06
702        1.15105e-06
703        1.12062e-06
704        1.08579e-06
705        1.13415e-06
706        1.20733e-06
707        1.26322e-06
708        1.20926e-06
709        1.11342e-06
710        1.08743e-06
711        1.14624e-06
712        1.17469e-06
713        1.17708e-06
714        1.23943e-06
715        1.2959e-06
716        1.31815e-06
717        1.29772e-06
718        1.25185e-06
719        1.25001e-06
720        1.24848e-06
721        1.20633e-06
722        1.1674e-06
723        1.19225e-06
724        1.21347e-06
725        1.18465e-06
726        1.19349e-06
727        1.21893e-06
728        1.25909e-06
729        1.29957e-06
730        1.27432e-06
731        1.20785e-06
732        1.1623e-06
733        1.15786e-06
734        1.15666e-06
735        1.12692e-06
736        1.10313e-06
737        1.12125e-06
738        1.19782e-06
739        1.27289e-06
740        1.31024e-06
741        1.2706e-06
742        1.18273e-06
743        1.13514e-06
744        1.11651e-06
745        1.10154e-06
746        1.10959e-06
747        1.15792e-06
748        1.21642e-06
749        1.22309e-06
750        1.22781e-06
751        1.23071e-06
752        1.22482e-06
753        1.19791e-06
754        1.13595e-06
755        1.12965e-06
756        1.18574e-06
757        1.20952e-06
758        1.171e-06 
759        1.13889e-06
760        1.14631e-06
761        1.14191e-06
762        1.0997e-06
763        1.09309e-06
764        1.07528e-06
765        1.04471e-06
766        1.05692e-06
767        1.11573e-06
768        1.17508e-06
769        1.1926e-06
770        1.16776e-06
771        1.13075e-06
772        1.12262e-06
773        1.13003e-06
774        1.10844e-06
775        1.08167e-06
776        1.06713e-06
777        1.05423e-06
778        1.059e-06 
779        1.06588e-06
780        1.11616e-06
781        1.13419e-06
782        1.11682e-06
783        1.13928e-06
784        1.19842e-06
785        1.24236e-06
786        1.29424e-06
787        1.31486e-06
788        1.23428e-06
789        1.17166e-06
790        1.15636e-06
791        1.13088e-06
792        1.0672e-06
793        1.0259e-06
794        1.02855e-06
795        1.05776e-06
796        1.08652e-06
797        1.07146e-06
798        1.03926e-06
799        1.04166e-06
800        1.00507e-06
801        9.74521e-07
802        1.02486e-06
803        1.03177e-06
804        1.07672e-06
805        1.17246e-06
806        1.1738e-06
807        1.12033e-06
808        1.05624e-06
809        1.06312e-06
810        1.09105e-06
811        1.1253e-06
812        1.17543e-06
813        1.18759e-06
814        1.17929e-06
815        1.14918e-06
816        1.14478e-06
817        1.12576e-06
818        1.13377e-06
819        1.16787e-06
820        1.15942e-06
821        1.14699e-06
822        1.11678e-06
823        1.06519e-06
824        1.0272e-06
825        1.03322e-06
826        1.07801e-06
827        1.09471e-06
828        1.11298e-06
829        1.10603e-06
830        1.05239e-06
831        1.0639e-06
832        1.0914e-06
833        1.10132e-06
834        1.10263e-06
835        1.07405e-06
836        1.04013e-06
837        1.05223e-06
838        1.12161e-06
839        1.18244e-06
840        1.16711e-06
841        1.1177e-06
842        1.06769e-06
843        1.08333e-06
844        1.13001e-06
845        1.09539e-06
846        1.04062e-06
847        1.00834e-06
848        1.06018e-06
849        1.13033e-06
850        1.11304e-06
851        1.0303e-06
852        9.52351e-07
853        9.43361e-07
854        9.66436e-07
855        1.00279e-06
856        1.0622e-06
857        1.09265e-06
858        1.10122e-06
859        1.10573e-06
860        1.10401e-06
861        1.07701e-06
862        1.02946e-06
863        9.3823e-07
864        9.11992e-07
865        9.81088e-07
866        1.05041e-06
867        1.08376e-06
868        1.10191e-06
869        1.11446e-06
870        1.07897e-06
871        1.02998e-06
872        1.03786e-06
873        1.04868e-06
874        1.05512e-06
875        1.06731e-06
876        9.8422e-07
877        9.40457e-07
878        1.01686e-06
879        1.04416e-06
880        9.88631e-07
881        9.6713e-07
882        1.02981e-06
883        1.09921e-06
884        1.08722e-06
885        9.99808e-07
886        9.8774e-07
887        1.02369e-06
888        1.01702e-06
889        9.89907e-07
890        9.80287e-07
891        1.00489e-06
892        1.04109e-06
893        1.06481e-06
894        1.02371e-06
895        9.69433e-07
896        9.6767e-07
897        1.02753e-06
898        1.14203e-06
899        1.22794e-06
900        1.19337e-06
901        1.14927e-06
902        1.14198e-06
903        1.11126e-06
904        1.04152e-06
905        1.06081e-06
906        1.07568e-06
907        1.06469e-06
908        1.02765e-06
909        9.44034e-07
910        9.235e-07 
911        9.32636e-07
912        9.3785e-07
913        9.48557e-07
914        9.81212e-07
915        1.00768e-06
916        1.01048e-06
917        1.0289e-06
918        1.07132e-06
919        1.09621e-06
920        1.07108e-06
921        1.0269e-06
922        9.79528e-07
923        9.9387e-07
924        1.05765e-06
925        1.12055e-06
926        1.14249e-06
927        1.1378e-06
928        1.12915e-06
929        1.10352e-06
930        1.07953e-06
931        1.0694e-06
932        1.04398e-06
933        1.04018e-06
934        1.0459e-06
935        1.02471e-06
936        9.9215e-07
937        9.89815e-07
938        9.80396e-07
939        9.79872e-07
940        9.72657e-07
941        9.81377e-07
942        9.92886e-07
943        9.83434e-07
944        9.7867e-07
945        9.72049e-07
946        9.49337e-07
947        9.33308e-07
948        9.66219e-07
949        1.0309e-06
950        1.04611e-06
951        9.96151e-07
952        9.80858e-07
953        1.04086e-06
954        1.11546e-06
955        1.09988e-06
956        1.08542e-06
957        1.07394e-06
958        1.05379e-06
959        1.05897e-06
960        1.08213e-06
961        1.15296e-06
962        1.18238e-06
963        1.11192e-06
964        1.03771e-06
965        1.01869e-06
966        1.01887e-06
967        1.03697e-06
968        1.08527e-06
969        1.08734e-06
970        1.03788e-06
971        9.66298e-07
972        9.18605e-07
973        9.06857e-07
974        9.92603e-07
975        1.04978e-06
976        1.03943e-06
977        1.00771e-06
978        9.63946e-07
979        9.72926e-07
980        9.96489e-07
981        9.77354e-07
982        9.93635e-07
983        1.03091e-06
984        1.06165e-06
985        1.08271e-06
986        1.11651e-06
987        1.04894e-06
988        9.27544e-07
989        8.91715e-07
990        9.4926e-07
991        1.04094e-06
992        1.04961e-06
993        1.01154e-06
994        9.80726e-07
995        9.66233e-07
996        9.79479e-07
997        1.52656e-06
998        3.70735e-06
999        5.31328e-06
1000       5.40756e-06
1001       5.22214e-06
1002       3.57588e-06
1003       1.48162e-06
1004       1.00708e-06
1005       1.03972e-06
1006       1.10142e-06
1007       1.14962e-06
1008       1.11221e-06
1009       1.00105e-06
1010       9.26748e-07
1011       8.88303e-07
1012       8.63203e-07
1013       8.81376e-07
1014       9.45839e-07
1015       1.00253e-06
1016       1.03676e-06
1017       1.02609e-06
1018       9.70485e-07
1019       9.91294e-07
1020       1.05314e-06
1021       1.08604e-06
1022       1.09635e-06
1023       1.09053e-06
1024       1.11196e-06
1025       1.11626e-06
1026       1.09032e-06
1027       1.03913e-06
1028       1.02129e-06
1029       9.8959e-07
1030       9.99252e-07
1031       1.03641e-06
1032       1.02406e-06
1033       9.61988e-07
1034       9.12695e-07
1035       9.29939e-07
1036       1.01206e-06
1037       1.06081e-06
1038       1.07368e-06
1039       1.04839e-06
1040       1.03352e-06
1041       1.04703e-06
1042       1.01079e-06
1043       9.20768e-07
1044       8.29522e-07
1045       8.32355e-07
1046       8.94196e-07
1047       9.42225e-07
1048       1.00815e-06
1049       1.05175e-06
1050       1.10528e-06
1051       1.13666e-06
1052       1.11783e-06
1053       1.07901e-06
1054       1.02454e-06
1055       9.97966e-07
1056       1.01649e-06
1057       1.00442e-06
1058       1.01332e-06
1059       1.06044e-06
1060       1.06312e-06
1061       1.00319e-06
1062       9.96451e-07
1063       1.06439e-06
1064       1.11028e-06
1065       1.14892e-06
1066       1.13626e-06
1067       1.03501e-06
1068       9.60198e-07
1069       9.71328e-07
1070       9.63522e-07
1071       9.52703e-07
1072       9.56057e-07
1073       9.62528e-07
1074       9.95242e-07
1075       9.81348e-07
1076       9.45515e-07
1077       9.40585e-07
1078       9.59025e-07
1079       9.73395e-07
1080       9.81835e-07
1081       1.00812e-06
1082       1.01678e-06
1083       1.0231e-06
1084       1.04035e-06
1085       1.05329e-06
1086       1.06312e-06
1087       1.06038e-06
1088       1.05006e-06
1089       1.06914e-06
1090       1.08295e-06
1091       1.05038e-06
1092       9.63275e-07
1093       8.83397e-07
1094       8.88372e-07
1095       8.98535e-07
1096       8.72367e-07
1097       8.70002e-07
1098       8.96087e-07
1099       9.4687e-07
1100       1.00338e-06
1101       1.01085e-06
1102       9.74578e-07
1103       9.28036e-07
1104       9.26522e-07
1105       9.41552e-07
1106       9.48662e-07
1107       9.70624e-07
1108       9.64968e-07
1109       9.91203e-07
1110       1.03447e-06
1111       1.03798e-06
1112       9.97816e-07
1113       9.36178e-07
1114       9.29169e-07
1115       9.51181e-07
1116       9.59178e-07
1117       9.60567e-07
1118       9.24223e-07
1119       8.79066e-07
1120       8.25382e-07
1121       8.26152e-07
1122       8.74155e-07
1123       8.68452e-07
1124       8.55073e-07
1125       9.37377e-07
1126       1.01812e-06
1127       9.84294e-07
1128       9.49364e-07
1129       9.5614e-07
1130       9.53164e-07
1131       9.25913e-07
1132       8.92315e-07
1133       9.003e-07 
1134       9.19758e-07
1135       9.40837e-07
1136       9.48971e-07
1137       9.43456e-07
1138       9.55912e-07
1139       9.76253e-07
1140       9.7198e-07
1141       1.02584e-06
1142       1.04581e-06
1143       1.04599e-06
1144       1.08029e-06
1145       1.04295e-06
1146       9.5468e-07
1147       9.00232e-07
1148       9.24108e-07
1149       9.59927e-07
1150       9.84857e-07
1151       9.87071e-07
1152       9.63827e-07
1153       9.61317e-07
1154       9.5308e-07
1155       9.72618e-07
1156       9.7389e-07
1157       9.61495e-07
1158       9.42148e-07
1159       9.08917e-07
1160       8.77925e-07
1161       8.77177e-07
1162       8.86327e-07
1163       8.61335e-07
1164       8.8219e-07
1165       9.11081e-07
1166       8.71805e-07
1167       8.27221e-07
1168       8.3576e-07
1169       8.89893e-07
1170       9.46113e-07
1171       9.58974e-07
1172       9.12803e-07
1173       8.66362e-07
1174       8.7988e-07
1175       8.91708e-07
1176       9.07939e-07
1177       9.00991e-07
1178       8.43625e-07
1179       7.98414e-07
1180       8.35838e-07
1181       8.76109e-07
1182       8.65285e-07
1183       8.84281e-07
1184       8.95432e-07
1185       8.92162e-07
1186       9.39938e-07
1187       9.75283e-07
1188       9.6947e-07
1189       9.3948e-07
1190       9.02278e-07
1191       9.19792e-07
1192       9.38086e-07
1193       9.43861e-07
1194       9.52047e-07
1195       9.59265e-07
1196       9.63705e-07
1197       9.56176e-07
1198       9.84569e-07
1199       1.03858e-06
1200       1.06186e-06
1201       1.05893e-06
1202       9.89884e-07
1203       9.37045e-07
1204       9.16474e-07
1205       8.8941e-07
1206       8.52119e-07
1207       8.27249e-07
1208       8.09997e-07
1209       8.30594e-07
1210       8.48038e-07
1211       8.58283e-07
1212       8.54938e-07
1213       8.19881e-07
1214       8.22189e-07
1215       8.39468e-07
1216       8.33831e-07
1217       8.43096e-07
1218       9.04584e-07
1219       9.49368e-07
1220       9.91205e-07
1221       1.02302e-06
1222       1.00489e-06
1223       9.56618e-07
1224       8.92363e-07
1225       8.59686e-07
1226       8.50269e-07
1227       8.17367e-07
1228       8.26609e-07
1229       8.99404e-07
1230       1.0026e-06
1231       1.07628e-06
1232       1.06504e-06
1233       1.02205e-06
1234       1.00367e-06
1235       9.89617e-07
1236       9.59073e-07
1237       8.9682e-07
1238       8.46662e-07
1239       8.51213e-07
1240       9.02269e-07
1241       9.74361e-07
1242       1.02709e-06
1243       1.0303e-06
1244       9.9967e-07
1245       9.50913e-07
1246       8.85818e-07
1247       8.52065e-07
1248       8.78404e-07
1249       9.05125e-07
1250       8.93799e-07
1251       8.43396e-07
1252       8.3228e-07
1253       8.36515e-07
1254       8.39484e-07
1255       8.36895e-07
1256       8.24483e-07
1257       8.01269e-07
1258       8.4269e-07
1259       9.25984e-07
1260       9.87689e-07
1261       1.02171e-06
1262       1.0046e-06
1263       9.59426e-07
1264       9.34108e-07
1265       8.93168e-07
1266       8.26086e-07
1267       7.93731e-07
1268       8.07338e-07
1269       8.13271e-07
1270       8.01941e-07
1271       7.68882e-07
1272       7.89241e-07
1273       8.66096e-07
1274       9.33853e-07
1275       9.85478e-07
1276       1.01613e-06
1277       9.83264e-07
1278       9.55223e-07
1279       9.08503e-07
1280       8.63644e-07
1281       8.88063e-07
1282       8.96331e-07
1283       8.97146e-07
1284       8.78608e-07
1285       8.69303e-07
1286       8.85403e-07
1287       9.11553e-07
1288       8.82423e-07
1289       8.32455e-07
1290       8.24482e-07
1291       8.53849e-07
1292       8.96193e-07
1293       9.03195e-07
1294       8.78747e-07
1295       8.49588e-07
1296       8.32939e-07
1297       8.50249e-07
1298       8.6604e-07
1299       9.08048e-07
1300       9.6338e-07
1301       1.01256e-06
1302       1.02992e-06
1303       9.5727e-07
1304       9.1711e-07
1305       9.102e-07 
1306       8.78921e-07
1307       8.6135e-07
1308       8.80271e-07
1309       8.92985e-07
1310       8.87526e-07
1311       8.69246e-07
1312       8.67138e-07
1313       8.76591e-07
1314       9.16205e-07
1315       8.95329e-07
1316       8.19062e-07
1317       8.05161e-07
1318       8.31416e-07
1319       9.04669e-07
1320       9.15971e-07
1321       9.15407e-07
1322       9.08336e-07
1323       9.10772e-07
1324       9.63936e-07
1325       1.00329e-06
1326       1.04462e-06
1327       1.06545e-06
1328       1.03088e-06
1329       9.45184e-07
1330       8.74128e-07
1331       8.75554e-07
1332       8.81933e-07
1333       8.91072e-07
1334       9.14156e-07
1335       9.04119e-07
1336       9.24209e-07
1337       9.48912e-07
1338       9.18214e-07
1339       8.61717e-07
1340       8.21758e-07
1341       8.32495e-07
1342       8.67147e-07
1343       8.91456e-07
1344       9.15519e-07
1345       9.23396e-07
1346       9.09467e-07
1347       8.81947e-07
1348       8.57244e-07
1349       8.84865e-07
1350       8.96956e-07
1351       9.1617e-07
1352       8.84879e-07
1353       8.42397e-07
1354       8.65607e-07
1355       8.77646e-07
1356       8.74679e-07
1357       8.27572e-07
1358       7.7623e-07
1359       7.67493e-07
1360       8.09431e-07
1361       8.97841e-07
1362       9.00999e-07
1363       8.55779e-07
1364       8.19036e-07
1365       8.01448e-07
1366       8.35277e-07
1367       8.40734e-07
1368       8.2339e-07
1369       8.23182e-07
1370       8.37522e-07
1371       8.27687e-07
1372       7.89507e-07
1373       7.88483e-07
1374       8.1788e-07
1375       8.49561e-07
1376       8.86647e-07
1377       8.98395e-07
1378       9.36464e-07
1379       9.68726e-07
1380       9.3058e-07
1381       8.96852e-07
1382       8.34692e-07
1383       8.23504e-07
1384       8.69136e-07
1385       8.765e-07 
1386       8.69046e-07
1387       8.83135e-07
1388       9.00077e-07
1389       9.41199e-07
1390       9.39043e-07
1391       9.22767e-07
1392       9.10192e-07
1393       8.40947e-07
1394       7.81401e-07
1395       7.72497e-07
1396       7.81979e-07
1397       8.22202e-07
1398       8.16416e-07
1399       7.71931e-07
1400       7.76271e-07
1401       8.44988e-07
1402       9.18029e-07
1403       9.62647e-07
1404       1.00411e-06
1405       9.93364e-07
1406       9.09973e-07
1407       8.30753e-07
1408       8.33177e-07
1409       8.54602e-07
1410       8.42832e-07
1411       8.27322e-07
1412       8.47962e-07
1413       8.73306e-07
1414       8.48741e-07
1415       8.40002e-07
1416       8.33297e-07
1417       8.29724e-07
1418       8.56747e-07
1419       8.79903e-07
1420       8.85152e-07
1421       8.64418e-07
1422       8.53795e-07
1423       8.6929e-07
1424       8.6731e-07
1425       8.46388e-07
1426       8.39339e-07
1427       8.45728e-07
1428       8.44075e-07
1429       8.38412e-07
1430       8.60596e-07
1431       9.45031e-07
1432       1.01204e-06
1433       1.03884e-06
1434       1.00138e-06
1435       9.31707e-07
1436       8.39132e-07
1437       8.05757e-07
1438       8.73691e-07
1439       9.20489e-07
1440       9.0529e-07
1441       8.75286e-07
1442       8.07489e-07
1443       8.15553e-07
1444       8.87582e-07
1445       9.08528e-07
1446       8.88857e-07
1447       8.48913e-07
1448       8.34353e-07
1449       8.4595e-07
1450       8.28518e-07
1451       8.40287e-07
1452       8.24009e-07
1453       7.85352e-07
1454       8.19141e-07
1455       8.23491e-07
1456       8.18163e-07
1457       8.3669e-07
1458       8.73087e-07
1459       9.43096e-07
1460       9.5375e-07
1461       9.19869e-07
1462       9.18278e-07
1463       8.92311e-07
1464       8.66604e-07
1465       8.63637e-07
1466       8.90804e-07
1467       9.22042e-07
1468       9.18261e-07
1469       8.70656e-07
1470       8.40942e-07
1471       8.41774e-07
1472       8.23489e-07
1473       7.79517e-07
1474       7.56153e-07
1475       8.05302e-07
1476       8.59653e-07
1477       8.71056e-07
1478       8.1389e-07
1479       7.72204e-07
1480       8.35031e-07
1481       8.96569e-07
1482       9.18017e-07
1483       8.94759e-07
1484       8.73732e-07
1485       8.54903e-07
1486       8.15414e-07
1487       7.83351e-07
1488       7.79202e-07
1489       7.96778e-07
1490       7.94342e-07
1491       8.08351e-07
1492       8.36795e-07
1493       8.41866e-07
1494       8.46076e-07
1495       8.39238e-07
1496       8.44809e-07
1497       8.68276e-07
1498       8.87126e-07
1499       9.06768e-07
1500       9.13327e-07
1501       9.35736e-07
1502       9.19454e-07
1503       9.09015e-07
1504       9.18336e-07
1505       8.96087e-07
1506       8.45603e-07
1507       7.90254e-07
1508       7.48152e-07
1509       7.42819e-07
1510       7.43721e-07
1511       7.56804e-07
1512       7.80336e-07
1513       7.90807e-07
1514       7.9089e-07
1515       7.69204e-07
1516       7.34781e-07
1517       7.61385e-07
1518       7.93646e-07
1519       8.21237e-07
1520       8.54866e-07
1521       8.72583e-07
1522       8.58779e-07
1523       8.30814e-07
1524       8.26857e-07
1525       8.37661e-07
1526       8.47227e-07
1527       8.40842e-07
1528       8.20707e-07
1529       8.32393e-07
1530       8.53638e-07
1531       8.24318e-07
1532       7.86034e-07
1533       7.66831e-07
1534       7.38745e-07
1535       7.37971e-07
1536       7.61976e-07
1537       8.10347e-07
1538       8.64742e-07
1539       9.00168e-07
1540       8.92603e-07
1541       8.52847e-07
1542       8.36299e-07
1543       8.58168e-07
1544       9.11721e-07
1545       9.44009e-07
1546       9.34883e-07
1547       9.2724e-07
1548       9.16129e-07
1549       9.00608e-07
1550       8.73176e-07
1551       8.98881e-07
1552       9.27758e-07
1553       9.16404e-07
1554       8.99032e-07
1555       9.00309e-07
1556       8.66017e-07
1557       8.52803e-07
1558       8.7229e-07
1559       9.13214e-07
1560       9.66673e-07
1561       9.54943e-07
1562       8.39635e-07
1563       7.85009e-07
1564       7.81827e-07
1565       7.94137e-07
1566       8.34096e-07
1567       8.53745e-07
1568       8.53031e-07
1569       8.75007e-07
1570       9.15258e-07
1571       9.01376e-07
1572       8.34662e-07
1573       7.87783e-07
1574       7.51481e-07
1575       7.60082e-07
1576       7.84522e-07
1577       8.05195e-07
1578       8.04055e-07
1579       7.86404e-07
1580       7.60167e-07
1581       7.4566e-07
1582       7.50068e-07
1583       7.73969e-07
1584       8.11719e-07
1585       8.70732e-07
1586       9.05207e-07
1587       9.22463e-07
1588       9.19818e-07
1589       8.79729e-07
1590       8.69399e-07
1591       9.03552e-07
1592       8.74191e-07
1593       8.22191e-07
1594       7.85735e-07
1595       7.6898e-07
1596       7.69959e-07
1597       7.65695e-07
1598       7.48011e-07
1599       7.61338e-07
1600       7.96244e-07
