# IV File From Noise Measurements
# Captured with script ./srdp_noise_simple_yue by user rapidcool
# Sun Oct 24 18:58:09 EDT 2010
#
# Global parameters:
#
# Contents:
1.4996     0.35439    0.30267    0          0         
1.4899     0.33677    0.30271    0          0         
1.4795     0.31867    0.30261    0          0         
1.4697     0.30125    0.30265    0          0         
1.46       0.28367    0.30273    0          0         
1.4496     0.26446    0.30274    0          0         
1.4398     0.24719    0.30259    0          0         
1.4295     0.22894    0.30267    0          0         
1.4197     0.21156    0.30244    0          0         
1.4099     0.19419    0.30256    0          0         
1.3995     0.19615    0.30338    0          0         
1.3898     0.15815    0.30265    0          0         
1.3794     0.15937    0.30459    0          0         
1.3696     0.14135    0.3027     0          0         
1.3599     0.12376    0.30328    0          0         
1.3495     0.10467    0.30113    0          0         
1.3397     0.087106   0.30256    0          0         
1.33       0.068918   0.30222    0          0         
1.3196     0.050088   0.30593    0          0         
1.3098     0.032495   0.30486    0          0         
1.2994     0.013483   0.30393    0          0         
1.2897     -0.004416  0.29827    0          0         
1.2799     -0.022009  0.30045    0          0         
1.2695     -0.040961  0.29778    0          0         
1.2598     -0.059012  0.30369    0          0         
1.25       -0.076407  0.29885    0          0         
1.2396     -0.095663  0.30506    0          0         
1.2299     -0.1141    0.29832    0          0         
1.2195     -0.13172   0.31086    0          0         
1.2097     -0.14983   0.3056     0          0         
1.2        -0.16822   0.30499    0          0         
1.1896     -0.18677   0.30288    0          0         
1.1798     -0.2056    0.30906    0          0         
1.1694     -0.22423   0.3052     0          0         
1.1597     -0.24225   0.30001    0          0         
1.1499     -0.26005   0.30053    0          0         
1.1395     -0.27813   0.29754    0          0         
1.1298     -0.29616   0.3021     0          0         
1.12       -0.31472   0.31057    0          0         
1.1096     -0.33234   0.30816    0          0         
1.0999     -0.3507    0.29962    0          0         
1.0895     -0.36965   0.29716    0          0         
1.0797     -0.3881    0.29727    0          0         
1.0699     -0.40517   0.30325    0          0         
1.0596     -0.42405   0.30372    0          0         
1.0498     -0.44179   0.30222    0          0         
1.0394     -0.4609    0.29988    0          0         
1.0297     -0.47852   0.30715    0          0         
1.0199     -0.49721   0.29916    0          0         
1.0095     -0.51572   0.30158    0          0         
0.99976    -0.53312   0.30267    0          0         
0.98999    -0.55036   0.31158    0          0         
0.97962    -0.56968   0.29673    0          0         
0.96985    -0.58709   0.3045     0          0         
0.95948    -0.60601   0.29896    0          0         
0.94971    -0.62394   0.30587    0          0         
0.93995    -0.64144   0.29783    0          0         
0.92957    -0.66022   0.29632    0          0         
0.9198     -0.67795   0.30991    0          0         
0.90943    -0.69675   0.30123    0          0         
0.89966    -0.71439   0.30279    0          0         
0.8899     -0.73215   0.30267    0          0         
0.87952    -0.75069   0.30163    0          0         
0.86975    -0.76868   0.30306    0          0         
0.85999    -0.78585   0.30186    0          0         
0.84961    -0.80395   0.30312    0          0         
0.83985    -0.82215   0.30023    0          0         
0.82947    -0.84072   0.30126    0          0         
0.81971    -0.85863   0.30373    0          0         
0.80994    -0.87526   0.3034     0          0         
0.79956    -0.8937    0.3064     0          0         
0.7898     -0.91082   0.30511    0          0         
0.77942    -0.92893   0.30293    0          0         
0.76966    -0.94558   0.30503    0          0         
0.75989    -0.96175   0.30291    0          0         
0.74952    -0.97785   0.30369    0          0         
0.73975    -0.99294   0.30084    0          0         
0.72998    -1.0049    0.30511    0          0         
0.71961    -1.0129    0.30187    0          0         
0.70984    -1.0131    0.30113    0          0         
0.69947    -1.0102    0.30096    0          0         
0.6897     -1.0051    0.29962    0          0         
0.67994    -0.99789   0.30448    0          0         
0.66956    -0.98923   0.30399    0          0         
0.65979    -0.9802    0.30111    0          0         
0.64942    -0.96946   0.30343    0          0         
0.63965    -0.95771   0.30441    0          0         
0.62989    -0.94526   0.30255    0          0         
0.61951    -0.93122   0.30181    0          0         
0.60974    -0.91663   0.30134    0          0         
0.59998    -0.90104   0.29925    0          0         
0.5896     -0.88344   0.30065    0          0         
0.57984    -0.86617   0.29795    0          0         
0.56946    -0.84635   0.29972    0          0         
0.5597     -0.82679   0.30039    0          0         
0.54993    -0.80639   0.30665    0          0         
0.53956    -0.78368   0.29946    0          0         
0.52979    -0.76116   0.30544    0          0         
0.51941    -0.73609   0.29807    0          0         
0.50965    -0.71085   0.3075     0          0         
0.49988    -0.68468   0.30557    0          0         
0.48951    -0.65508   0.29867    0          0         
0.47974    -0.62616   0.30767    0          0         
0.46997    -0.59516   0.30039    0          0         
0.4596     -0.56068   0.30679    0          0         
0.44983    -0.52646   0.30668    0          0         
0.43946    -0.48768   0.30499    0          0         
0.42969    -0.44881   0.30166    0          0         
0.41993    -0.40833   0.30215    0          0         
0.40955    -0.3619    0.30653    0          0         
0.39978    -0.31762   0.30444    0          0         
0.38941    -0.26937   0.30039    0          0         
0.37964    -0.2219    0.29652    0          0         
0.36988    -0.17066   0.30386    0          0         
0.3595     -0.11349   0.30456    0          0         
0.34974    -0.054831  0.30184    0          0         
0.33997    0.0053649  0.30273    0          0         
0.32959    0.073739   0.30756    0          0         
0.31983    0.14918    0.30485    0          0         
0.30945    0.22701    0.30245    0          0         
0.29969    0.31416    0.29952    0          0         
0.28992    0.40473    0.30299    0          0         
0.27954    0.51246    0.30079    0          0         
0.26978    0.61898    0.30531    0          0         
0.2594     0.7505     0.30432    0          0         
0.24964    0.86938    0.30059    0          0         
0.23987    1.0418     0.29962    0          0         
0.2295     1.2241     0.30105    0          0         
0.21973    1.4336     0.3054     0          0         
0.20997    1.6763     0.30541    0          0         
0.19959    2.002      0.30268    0          0         
0.18982    2.3884     0.30389    0          0         
0.17945    3.0463     0.29997    0          0         
0.16968    7.6227     0.30196    0          0         
0.15992    6.9421     0.302      0          0         
0.14954    6.2335     0.30946    0          0         
0.13977    5.5605     0.30573    0          0         
0.1294     4.8494     0.30326    0          0         
0.11963    4.1778     0.30105    0          0         
0.10987    3.5158     0.30589    0          0         
0.099491   2.8073     0.30225    0          0         
0.089725   2.1443     0.30761    0          0         
0.07996    1.4796     0.3066     0          0         
0.069584   0.78454    0.30111    0          0         
0.059818   0.12202    0.30096    0          0         
