# IV File From Noise Measurements
# Captured with script ./srdp_noise_simple_yue by user rapidcool
# Sun Oct 24 18:04:28 EDT 2010
#
# Global parameters:
#
# Contents:
1.4996     0.015436   0.30099    0          0         
1.4899     -0.0021882 0.29565    0          0         
1.4795     -0.020636  0.30288    0          0         
1.4697     -0.038535  0.30445    0          0         
1.46       -0.056754  0.29546    0          0         
1.4496     -0.07569   0.29984    0          0         
1.4398     -0.093253  0.30497    0          0         
1.4295     -0.11228   0.3008     0          0         
1.4197     -0.13041   0.3097     0          0         
1.4099     -0.14791   0.2954     0          0         
1.3995     -0.16694   0.30425    0          0         
1.3898     -0.18528   0.30312    0          0         
1.3794     -0.2042    0.30479    0          0         
1.3696     -0.22095   0.30756    0          0         
1.3599     -0.23929   0.30577    0          0         
1.3495     -0.25895   0.29634    0          0         
1.3397     -0.2764    0.29708    0          0         
1.33       -0.29448   0.30378    0          0         
1.3196     -0.31296   0.30485    0          0         
1.3098     -0.33036   0.31153    0          0         
1.2994     -0.34962   0.30051    0          0         
1.2897     -0.36747   0.30857    0          0         
1.2799     -0.38558   0.29498    0          0         
1.2695     -0.40496   0.30457    0          0         
1.2598     -0.42237   0.30242    0          0         
1.25       -0.43929   0.29917    0          0         
1.2396     -0.45916   0.29473    0          0         
1.2299     -0.47725   0.3068     0          0         
1.2195     -0.49596   0.29315    0          0         
1.2097     -0.5133    0.30468    0          0         
1.2        -0.5308    0.31701    0          0         
1.1896     -0.55065   0.30276    0          0         
1.1798     -0.568     0.30605    0          0         
1.1694     -0.587     0.30305    0          0         
1.1597     -0.60444   0.29994    0          0         
1.1499     -0.62238   0.30798    0          0         
1.1395     -0.64148   0.29495    0          0         
1.1298     -0.65899   0.30216    0          0         
1.12       -0.67661   0.30183    0          0         
1.1096     -0.6964    0.30111    0          0         
1.0999     -0.71375   0.30355    0          0         
1.0895     -0.73234   0.30358    0          0         
1.0797     -0.74991   0.30097    0          0         
1.0699     -0.7676    0.30215    0          0         
1.0596     -0.78693   0.30235    0          0         
1.0498     -0.80439   0.30578    0          0         
1.0394     -0.82282   0.29994    0          0         
1.0297     -0.84064   0.30151    0          0         
1.0199     -0.85818   0.30192    0          0         
1.0095     -0.87674   0.30236    0          0         
0.99976    -0.89448   0.30616    0          0         
0.98999    -0.91176   0.30184    0          0         
0.97962    -0.9307    0.3038     0          0         
0.96985    -0.94773   0.30396    0          0         
0.95948    -0.96641   0.30396    0          0         
0.94971    -0.98371   0.30515    0          0         
0.93995    -1.0013    0.29844    0          0         
0.92957    -1.0191    0.29797    0          0         
0.9198     -1.0359    0.29995    0          0         
0.90943    -1.0541    0.30483    0          0         
0.89966    -1.0709    0.30174    0          0         
0.8899     -1.0874    0.30476    0          0         
0.87952    -1.1046    0.29818    0          0         
0.86975    -1.1204    0.30168    0          0         
0.85999    -1.1351    0.30329    0          0         
0.84961    -1.1488    0.3064     0          0         
0.83985    -1.1582    0.30094    0          0         
0.82947    -1.1605    0.31048    0          0         
0.81971    -1.1574    0.29833    0          0         
0.80994    -1.1511    0.30656    0          0         
0.79956    -1.1428    0.30215    0          0         
0.7898     -1.1337    0.30377    0          0         
0.77942    -1.1231    0.30233    0          0         
0.76966    -1.1123    0.30438    0          0         
0.75989    -1.1005    0.30033    0          0         
0.74952    -1.0866    0.29531    0          0         
0.73975    -1.0725    0.30608    0          0         
0.72998    -1.0572    0.31231    0          0         
0.71961    -1.0401    0.3045     0          0         
0.70984    -1.0232    0.29984    0          0         
0.69947    -1.0047    0.29661    0          0         
0.6897     -0.98672   0.2991     0          0         
0.67994    -0.96747   0.29772    0          0         
0.66956    -0.9457    0.29563    0          0         
0.65979    -0.92486   0.29605    0          0         
0.64942    -0.90137   0.29911    0          0         
0.63965    -0.87844   0.29995    0          0         
0.62989    -0.85456   0.29933    0          0         
0.61951    -0.82956   0.30213    0          0         
0.60974    -0.80393   0.30323    0          0         
0.59998    -0.77746   0.30447    0          0         
0.5896     -0.74744   0.30145    0          0         
0.57984    -0.71871   0.30096    0          0         
0.56946    -0.68659   0.30372    0          0         
0.5597     -0.65493   0.30848    0          0         
0.54993    -0.62186   0.30558    0          0         
0.53956    -0.58588   0.29806    0          0         
0.52979    -0.54984   0.30322    0          0         
0.51941    -0.50957   0.30076    0          0         
0.50965    -0.46996   0.30764    0          0         
0.49988    -0.42891   0.30564    0          0         
0.48951    -0.38274   0.30522    0          0         
0.47974    -0.33654   0.3023     0          0         
0.46997    -0.28788   0.3003     0          0         
0.4596     -0.23398   0.30755    0          0         
0.44983    -0.18012   0.30329    0          0         
0.43946    -0.11977   0.30357    0          0         
0.42969    -0.059866  0.30151    0          0         
0.41993    0.0016113  0.30441    0          0         
0.40955    0.070703   0.30598    0          0         
0.39978    0.13908    0.30111    0          0         
0.38941    0.21534    0.29856    0          0         
0.37964    0.29324    0.30117    0          0         
0.36988    0.37716    0.29601    0          0         
0.3595     0.47164    0.30148    0          0         
0.34974    0.56643    0.30135    0          0         
0.33997    0.67397    0.30235    0          0         
0.32959    0.77595    0.30903    0          0         
0.31983    0.91734    0.30476    0          0         
0.30945    1.0592     0.30998    0          0         
0.29969    1.2097     0.30518    0          0         
0.28992    1.3362     0.30518    0          0         
0.27954    1.5608     0.3036     0          0         
0.26978    1.7752     0.30566    0          0         
0.2594     2.0576     0.30895    0          0         
0.24964    2.3593     0.30747    0          0         
0.23987    2.7371     0.30694    0          0         
0.2295     3.2627     0.30528    0          0         
0.21973    4.0343     0.30174    0          0         
0.20997    7.802      0.30846    0          0         
0.19959    7.0785     0.29937    0          0         
0.18982    6.4078     0.30331    0          0         
0.17945    5.6899     0.30457    0          0         
0.16968    5.0194     0.30348    0          0         
0.15992    4.3489     0.30357    0          0         
0.14954    3.6506     0.29888    0          0         
0.13977    2.9844     0.3065     0          0         
0.1294     2.2803     0.30166    0          0         
0.11963    1.6152     0.30296    0          0         
0.10987    0.9584     0.29981    0          0         
0.099491   0.25335    0.30604    0          0         
0.089725   -0.40687   0.30396    0          0         
0.07996    -1.0692    0.30389    0          0         
0.069584   -1.7631    0.29968    0          0         
0.059818   -2.4254    0.29989    0          0         
