# Freq.    Mag.
0          3.15207e-05
1          3.12679e-05
2          2.5065e-05
3          1.98903e-05
4          2.08814e-05
5          2.08595e-05
6          2.08311e-05
7          2.1197e-05
8          2.08524e-05
9          1.9652e-05
10         1.82831e-05
11         1.70177e-05
12         1.66201e-05
13         1.73993e-05
14         1.80212e-05
15         1.74182e-05
16         1.57816e-05
17         1.52007e-05
18         1.54214e-05
19         1.58936e-05
20         1.6049e-05
21         1.53494e-05
22         1.43007e-05
23         1.33047e-05
24         1.32121e-05
25         1.39015e-05
26         1.37864e-05
27         1.32564e-05
28         1.28512e-05
29         1.26815e-05
30         1.3551e-05
31         1.37028e-05
32         1.31722e-05
33         1.2554e-05
34         1.24613e-05
35         1.30355e-05
36         1.35464e-05
37         1.3781e-05
38         1.37093e-05
39         1.3225e-05
40         1.28751e-05
41         1.2291e-05
42         1.15587e-05
43         1.12599e-05
44         1.14564e-05
45         1.20334e-05
46         1.22094e-05
47         1.17227e-05
48         1.05228e-05
49         9.62311e-06
50         9.66096e-06
51         1.0103e-05
52         1.0501e-05
53         1.05546e-05
54         1.05311e-05
55         1.00623e-05
56         9.61173e-06
57         9.47711e-06
58         9.63477e-06
59         9.82242e-06
60         9.41119e-06
61         8.86949e-06
62         8.4453e-06
63         8.36454e-06
64         8.36982e-06
65         8.41067e-06
66         8.2016e-06
67         7.91454e-06
68         7.88866e-06
69         7.93559e-06
70         7.89014e-06
71         8.08564e-06
72         8.25129e-06
73         7.96559e-06
74         7.53935e-06
75         7.34721e-06
76         7.52548e-06
77         7.71186e-06
78         7.55736e-06
79         7.43302e-06
80         7.35826e-06
81         7.36838e-06
82         7.51245e-06
83         7.4967e-06
84         7.44065e-06
85         7.3801e-06
86         7.24091e-06
87         6.98253e-06
88         6.66841e-06
89         6.47992e-06
90         6.31805e-06
91         6.1963e-06
92         5.80746e-06
93         5.56708e-06
94         5.79966e-06
95         6.00302e-06
96         5.95573e-06
97         5.73419e-06
98         5.54121e-06
99         5.36288e-06
100        5.32258e-06
101        5.59942e-06
102        5.85108e-06
103        5.90473e-06
104        6.1701e-06
105        6.42907e-06
106        6.3065e-06
107        6.07943e-06
108        5.933e-06 
109        5.68231e-06
110        5.2819e-06
111        5.01138e-06
112        5.00055e-06
113        4.94639e-06
114        4.84198e-06
115        4.78758e-06
116        5.03591e-06
117        5.20092e-06
118        4.99767e-06
119        4.87565e-06
120        4.80854e-06
121        4.79485e-06
122        4.88113e-06
123        4.98336e-06
124        4.94455e-06
125        4.91712e-06
126        5.0331e-06
127        5.07653e-06
128        5.02309e-06
129        4.8557e-06
130        4.39605e-06
131        4.06096e-06
132        4.21733e-06
133        4.45207e-06
134        4.56617e-06
135        4.50889e-06
136        4.44107e-06
137        4.5269e-06
138        4.58139e-06
139        4.55359e-06
140        4.41897e-06
141        4.35792e-06
142        4.29727e-06
143        4.27442e-06
144        4.23874e-06
145        4.15341e-06
146        4.09424e-06
147        4.01466e-06
148        4.03942e-06
149        4.16809e-06
150        4.1691e-06
151        4.12067e-06
152        4.16074e-06
153        4.19722e-06
154        4.06218e-06
155        3.84272e-06
156        3.69072e-06
157        3.56952e-06
158        3.56817e-06
159        3.67162e-06
160        3.68994e-06
161        3.69595e-06
162        3.71595e-06
163        3.74027e-06
164        3.57499e-06
165        3.62817e-06
166        3.68934e-06
167        3.50378e-06
168        3.25787e-06
169        3.16767e-06
170        3.1518e-06
171        3.19492e-06
172        3.23442e-06
173        3.29566e-06
174        3.44499e-06
175        3.71821e-06
176        3.87826e-06
177        3.95116e-06
178        3.87584e-06
179        3.71209e-06
180        3.6223e-06
181        3.60634e-06
182        3.71678e-06
183        3.68929e-06
184        3.52139e-06
185        3.31645e-06
186        3.15575e-06
187        3.10001e-06
188        3.13554e-06
189        3.22134e-06
190        3.23297e-06
191        3.2401e-06
192        3.23224e-06
193        3.2223e-06
194        3.28591e-06
195        3.3878e-06
196        3.39966e-06
197        3.38002e-06
198        3.2907e-06
199        3.10203e-06
200        2.9426e-06
201        2.90833e-06
202        2.95785e-06
203        2.93889e-06
204        2.84109e-06
205        2.6795e-06
206        2.61998e-06
207        2.75042e-06
208        2.96784e-06
209        3.08057e-06
210        3.09447e-06
211        2.97633e-06
212        2.83239e-06
213        2.78413e-06
214        2.77032e-06
215        2.72853e-06
216        2.7927e-06
217        2.93941e-06
218        2.99426e-06
219        2.98754e-06
220        3.03506e-06
221        3.10626e-06
222        3.04433e-06
223        2.91522e-06
224        2.84882e-06
225        2.83568e-06
226        2.84685e-06
227        2.8178e-06
228        2.88242e-06
229        2.92231e-06
230        2.81704e-06
231        2.70853e-06
232        2.67099e-06
233        2.5898e-06
234        2.60191e-06
235        2.66209e-06
236        2.61682e-06
237        2.59539e-06
238        2.68941e-06
239        2.83348e-06
240        2.80178e-06
241        2.77477e-06
242        2.8592e-06
243        2.87425e-06
244        2.89521e-06
245        2.87797e-06
246        2.87061e-06
247        2.88091e-06
248        2.77306e-06
249        2.65578e-06
250        2.56116e-06
251        2.34183e-06
252        2.27889e-06
253        2.38357e-06
254        2.45738e-06
255        2.52389e-06
256        2.51286e-06
257        2.42259e-06
258        2.32354e-06
259        2.27989e-06
260        2.2367e-06
261        2.29773e-06
262        2.44006e-06
263        2.46333e-06
264        2.45957e-06
265        2.4015e-06
266        2.28886e-06
267        2.22807e-06
268        2.17012e-06
269        2.07107e-06
270        2.07207e-06
271        2.10912e-06
272        2.16934e-06
273        2.27355e-06
274        2.30904e-06
275        2.20201e-06
276        2.05546e-06
277        1.97489e-06
278        1.93356e-06
279        1.9313e-06
280        2.0663e-06
281        2.31086e-06
282        2.42976e-06
283        2.37051e-06
284        2.32232e-06
285        2.30652e-06
286        2.31983e-06
287        2.30181e-06
288        2.27681e-06
289        2.17552e-06
290        2.05198e-06
291        2.03661e-06
292        2.10033e-06
293        2.17852e-06
294        2.24019e-06
295        2.21247e-06
296        2.1571e-06
297        2.12406e-06
298        2.26463e-06
299        2.55089e-06
300        2.71895e-06
301        2.75119e-06
302        2.58423e-06
303        2.35504e-06
304        2.28556e-06
305        2.31553e-06
306        2.30489e-06
307        2.18543e-06
308        2.01667e-06
309        1.96627e-06
310        2.00969e-06
311        2.12717e-06
312        2.24725e-06
313        2.26387e-06
314        2.15037e-06
315        2.08132e-06
316        2.10104e-06
317        2.05213e-06
318        1.95602e-06
319        1.87447e-06
320        1.90102e-06
321        1.9563e-06
322        1.93266e-06
323        1.93445e-06
324        1.96693e-06
325        1.97249e-06
326        1.98906e-06
327        2.014e-06 
328        2.04278e-06
329        2.01254e-06
330        1.95713e-06
331        1.96723e-06
332        2.01631e-06
333        1.99693e-06
334        1.98285e-06
335        1.95236e-06
336        1.89583e-06
337        1.93062e-06
338        1.95849e-06
339        1.90748e-06
340        1.80319e-06
341        1.76189e-06
342        1.79346e-06
343        1.80334e-06
344        1.74264e-06
345        1.65216e-06
346        1.55808e-06
347        1.49225e-06
348        1.49218e-06
349        1.49702e-06
350        1.58168e-06
351        1.77454e-06
352        1.90804e-06
353        1.95715e-06
354        1.96713e-06
355        1.92509e-06
356        1.92678e-06
357        1.90757e-06
358        1.72632e-06
359        1.61194e-06
360        1.6364e-06
361        1.72218e-06
362        1.8405e-06
363        1.92572e-06
364        1.99129e-06
365        2.02234e-06
366        2.01019e-06
367        2.01992e-06
368        1.9778e-06
369        2.00236e-06
370        2.08248e-06
371        2.03227e-06
372        1.9374e-06
373        1.93861e-06
374        1.96798e-06
375        1.96162e-06
376        1.86745e-06
377        1.72122e-06
378        1.62042e-06
379        1.59789e-06
380        1.53272e-06
381        1.52965e-06
382        1.62269e-06
383        1.65494e-06
384        1.68354e-06
385        1.66512e-06
386        1.66229e-06
387        1.70481e-06
388        1.7738e-06
389        1.82769e-06
390        1.82118e-06
391        1.78931e-06
392        1.79696e-06
393        1.74083e-06
394        1.7641e-06
395        1.84869e-06
396        1.85319e-06
397        1.91797e-06
398        1.9082e-06
399        1.80519e-06
400        1.70868e-06
401        1.65011e-06
402        1.63903e-06
403        1.6982e-06
404        1.7599e-06
405        1.76391e-06
406        1.76644e-06
407        1.78209e-06
408        1.76902e-06
409        1.74757e-06
410        1.73486e-06
411        1.72715e-06
412        1.75301e-06
413        1.80611e-06
414        1.79419e-06
415        1.7281e-06
416        1.67162e-06
417        1.62812e-06
418        1.65776e-06
419        1.58823e-06
420        1.49155e-06
421        1.49111e-06
422        1.53514e-06
423        1.54095e-06
424        1.56635e-06
425        1.66641e-06
426        1.67704e-06
427        1.63981e-06
428        1.67045e-06
429        1.63198e-06
430        1.59576e-06
431        1.60105e-06
432        1.56064e-06
433        1.53578e-06
434        1.60242e-06
435        1.64046e-06
436        1.55375e-06
437        1.46492e-06
438        1.46264e-06
439        1.52773e-06
440        1.56181e-06
441        1.4763e-06
442        1.41956e-06
443        1.45937e-06
444        1.52417e-06
445        1.52795e-06
446        1.48752e-06
447        1.44614e-06
448        1.39813e-06
449        1.40199e-06
450        1.40608e-06
451        1.44114e-06
452        1.47996e-06
453        1.48892e-06
454        1.47912e-06
455        1.44574e-06
456        1.45155e-06
457        1.47052e-06
458        1.42341e-06
459        1.38111e-06
460        1.38996e-06
461        1.46369e-06
462        1.56124e-06
463        1.56999e-06
464        1.55703e-06
465        1.49659e-06
466        1.43278e-06
467        1.41134e-06
468        1.36722e-06
469        1.36021e-06
470        1.34079e-06
471        1.36143e-06
472        1.39346e-06
473        1.45261e-06
474        1.52218e-06
475        1.55211e-06
476        1.51765e-06
477        1.52592e-06
478        1.59652e-06
479        1.67066e-06
480        1.68197e-06
481        1.60476e-06
482        1.44493e-06
483        1.39385e-06
484        1.52744e-06
485        1.63371e-06
486        1.651e-06 
487        1.58408e-06
488        1.42965e-06
489        1.30338e-06
490        1.29602e-06
491        1.3429e-06
492        1.3263e-06
493        1.3394e-06
494        1.35107e-06
495        1.34891e-06
496        1.39528e-06
497        1.34442e-06
498        1.27394e-06
499        1.24656e-06
500        1.24266e-06
501        1.26131e-06
502        1.24679e-06
503        1.28706e-06
504        1.32566e-06
505        1.34005e-06
506        1.35483e-06
507        1.34268e-06
508        1.34642e-06
509        1.36448e-06
510        1.36225e-06
511        1.38101e-06
512        1.47922e-06
513        1.6054e-06
514        1.62379e-06
515        1.56457e-06
516        1.52698e-06
517        1.45003e-06
518        1.37875e-06
519        1.3603e-06
520        1.34559e-06
521        1.30844e-06
522        1.25476e-06
523        1.23115e-06
524        1.30282e-06
525        1.40674e-06
526        1.5038e-06
527        1.5291e-06
528        1.41811e-06
529        1.28838e-06
530        1.24568e-06
531        1.2862e-06
532        1.29209e-06
533        1.34337e-06
534        1.4436e-06
535        1.46093e-06
536        1.40277e-06
537        1.31227e-06
538        1.18116e-06
539        1.11935e-06
540        1.1558e-06
541        1.2588e-06
542        1.32489e-06
543        1.27594e-06
544        1.26776e-06
545        1.30672e-06
546        1.34313e-06
547        1.34343e-06
548        1.33369e-06
549        1.28926e-06
550        1.22509e-06
551        1.17598e-06
552        1.16019e-06
553        1.19516e-06
554        1.24318e-06
555        1.29116e-06
556        1.31801e-06
557        1.3261e-06
558        1.32869e-06
559        1.34387e-06
560        1.35929e-06
561        1.3396e-06
562        1.31271e-06
563        1.24841e-06
564        1.26775e-06
565        1.35326e-06
566        1.37776e-06
567        1.32198e-06
568        1.26045e-06
569        1.23919e-06
570        1.26524e-06
571        1.3173e-06
572        1.2808e-06
573        1.19199e-06
574        1.11472e-06
575        1.07388e-06
576        1.05552e-06
577        1.1066e-06
578        1.21003e-06
579        1.30095e-06
580        1.33551e-06
581        1.30919e-06
582        1.27166e-06
583        1.22749e-06
584        1.23267e-06
585        1.24948e-06
586        1.2838e-06
587        1.30738e-06
588        1.28623e-06
589        1.22587e-06
590        1.19661e-06
591        1.2359e-06
592        1.25134e-06
593        1.24914e-06
594        1.25612e-06
595        1.25839e-06
596        1.22791e-06
597        1.19775e-06
598        1.23085e-06
599        1.34775e-06
600        1.40364e-06
601        1.43744e-06
602        1.38397e-06
603        1.25082e-06
604        1.20801e-06
605        1.23103e-06
606        1.25035e-06
607        1.23218e-06
608        1.15384e-06
609        1.13704e-06
610        1.16565e-06
611        1.19034e-06
612        1.18569e-06
613        1.20172e-06
614        1.20202e-06
615        1.21547e-06
616        1.26668e-06
617        1.3156e-06
618        1.30135e-06
619        1.23408e-06
620        1.16133e-06
621        1.10619e-06
622        1.08284e-06
623        1.04531e-06
624        1.05187e-06
625        1.02943e-06
626        9.89973e-07
627        1.04131e-06
628        1.10407e-06
629        1.19664e-06
630        1.22975e-06
631        1.18965e-06
632        1.2037e-06
633        1.19557e-06
634        1.19791e-06
635        1.20883e-06
636        1.18558e-06
637        1.10848e-06
638        1.08547e-06
639        1.12056e-06
640        1.14548e-06
641        1.12129e-06
642        1.07152e-06
643        1.10724e-06
644        1.18991e-06
645        1.29002e-06
646        1.36318e-06
647        1.36714e-06
648        1.32243e-06
649        1.24647e-06
650        1.1795e-06
651        1.16484e-06
652        1.23404e-06
653        1.26449e-06
654        1.19422e-06
655        1.11132e-06
656        1.12394e-06
657        1.18402e-06
658        1.1985e-06
659        1.15062e-06
660        1.08473e-06
661        1.03781e-06
662        9.9714e-07
663        9.99263e-07
664        1.07054e-06
665        1.08411e-06
666        1.04996e-06
667        1.08628e-06
668        1.12546e-06
669        1.15412e-06
670        1.14698e-06
671        1.08608e-06
672        1.10098e-06
673        1.16867e-06
674        1.19004e-06
675        1.17847e-06
676        1.12708e-06
677        1.09192e-06
678        1.06786e-06
679        1.06395e-06
680        1.1009e-06
681        1.13739e-06
682        1.14547e-06
683        1.10377e-06
684        1.01723e-06
685        9.38083e-07
686        9.21288e-07
687        9.66897e-07
688        1.02355e-06
689        1.04231e-06
690        1.06165e-06
691        1.03868e-06
692        9.64255e-07
693        9.83482e-07
694        1.02187e-06
695        1.07134e-06
696        1.12538e-06
697        1.11343e-06
698        1.06172e-06
699        1.06174e-06
700        1.07866e-06
701        1.10598e-06
702        1.08395e-06
703        1.0604e-06
704        1.06792e-06
705        1.06974e-06
706        1.08894e-06
707        1.10965e-06
708        1.12535e-06
709        1.11713e-06
710        1.14623e-06
711        1.21209e-06
712        1.238e-06 
713        1.19164e-06
714        1.09449e-06
715        1.04356e-06
716        1.11308e-06
717        1.17881e-06
718        1.19938e-06
719        1.20341e-06
720        1.20058e-06
721        1.19851e-06
722        1.18176e-06
723        1.16945e-06
724        1.19991e-06
725        1.1887e-06
726        1.16992e-06
727        1.17391e-06
728        1.13415e-06
729        1.06784e-06
730        1.02741e-06
731        1.00188e-06
732        1.00442e-06
733        1.002e-06 
734        9.54691e-07
735        9.28898e-07
736        9.35506e-07
737        1.03864e-06
738        1.11408e-06
739        1.13085e-06
740        1.11359e-06
741        1.06649e-06
742        1.04796e-06
743        1.01712e-06
744        9.84528e-07
745        9.74232e-07
746        9.79888e-07
747        9.62933e-07
748        9.39621e-07
749        9.29346e-07
750        9.76205e-07
751        1.02702e-06
752        1.04024e-06
753        1.02385e-06
754        9.93252e-07
755        9.64011e-07
756        9.92407e-07
757        1.04616e-06
758        1.06507e-06
759        1.05188e-06
760        1.012e-06 
761        9.84544e-07
762        9.6036e-07
763        9.61193e-07
764        1.02635e-06
765        1.09473e-06
766        1.08277e-06
767        1.05022e-06
768        1.02997e-06
769        1.01698e-06
770        1.014e-06 
771        9.98555e-07
772        9.71303e-07
773        9.8831e-07
774        9.88408e-07
775        9.56426e-07
776        9.2693e-07
777        9.2038e-07
778        9.33404e-07
779        1.02899e-06
780        1.12218e-06
781        1.16955e-06
782        1.15867e-06
783        1.09379e-06
784        1.04122e-06
785        9.97731e-07
786        9.69161e-07
787        1.00318e-06
788        9.89777e-07
789        9.71565e-07
790        9.85801e-07
791        9.96802e-07
792        1.01865e-06
793        1.00391e-06
794        9.20903e-07
795        8.55251e-07
796        8.50307e-07
797        8.78218e-07
798        9.2024e-07
799        9.58383e-07
800        9.90698e-07
801        1.03395e-06
802        1.05681e-06
803        1.06866e-06
804        1.05301e-06
805        1.02599e-06
806        9.7279e-07
807        9.29454e-07
808        9.34497e-07
809        9.58333e-07
810        9.83716e-07
811        9.75086e-07
812        9.66765e-07
813        9.52408e-07
814        9.46763e-07
815        9.19665e-07
816        9.06416e-07
817        9.27272e-07
818        9.74717e-07
819        9.97659e-07
820        1.00628e-06
821        9.99457e-07
822        1.00318e-06
823        1.01359e-06
824        1.00357e-06
825        9.82132e-07
826        9.60988e-07
827        9.62848e-07
828        9.85049e-07
829        9.65263e-07
830        9.65419e-07
831        9.64914e-07
832        9.36614e-07
833        9.38118e-07
834        9.77296e-07
835        1.03566e-06
836        1.06317e-06
837        1.05866e-06
838        1.03856e-06
839        9.85368e-07
840        9.56045e-07
841        9.4583e-07
842        9.3517e-07
843        9.3294e-07
844        9.25725e-07
845        9.0681e-07
846        9.03542e-07
847        9.36135e-07
848        9.46211e-07
849        9.18495e-07
850        9.51297e-07
851        1.0046e-06
852        1.00868e-06
853        9.73377e-07
854        9.51656e-07
855        9.6367e-07
856        9.47421e-07
857        8.85219e-07
858        8.52203e-07
859        8.90009e-07
860        9.77787e-07
861        1.05531e-06
862        1.05721e-06
863        1.01238e-06
864        9.90924e-07
865        9.91848e-07
866        9.83758e-07
867        9.42074e-07
868        8.95815e-07
869        9.03426e-07
870        9.44311e-07
871        1.00128e-06
872        9.86113e-07
873        9.49757e-07
874        9.37377e-07
875        9.465e-07 
876        9.67299e-07
877        9.50765e-07
878        9.21005e-07
879        9.26458e-07
880        9.30265e-07
881        9.29637e-07
882        9.19098e-07
883        9.10236e-07
884        9.31259e-07
885        9.75139e-07
886        1.01336e-06
887        1.01797e-06
888        9.94186e-07
889        9.63225e-07
890        9.40239e-07
891        9.18177e-07
892        9.23203e-07
893        9.32805e-07
894        9.37263e-07
895        9.42544e-07
896        1.00179e-06
897        1.0607e-06
898        1.0781e-06
899        1.07303e-06
900        1.03249e-06
901        9.99424e-07
902        9.95556e-07
903        1.02818e-06
904        1.04609e-06
905        1.0497e-06
906        1.03089e-06
907        9.93927e-07
908        1.00936e-06
909        1.02697e-06
910        9.75715e-07
911        9.43245e-07
912        9.45334e-07
913        9.72054e-07
914        1.01184e-06
915        9.86979e-07
916        9.35488e-07
917        8.94532e-07
918        8.96377e-07
919        9.41248e-07
920        1.01466e-06
921        1.03023e-06
922        9.55603e-07
923        8.60642e-07
924        8.20814e-07
925        8.3444e-07
926        8.69338e-07
927        8.88523e-07
928        9.1613e-07
929        9.39918e-07
930        9.3387e-07
931        9.36981e-07
932        9.31386e-07
933        8.88944e-07
934        8.67975e-07
935        8.7023e-07
936        8.74442e-07
937        8.97192e-07
938        9.10685e-07
939        8.93301e-07
940        8.82203e-07
941        9.1171e-07
942        9.7342e-07
943        9.74025e-07
944        9.04626e-07
945        8.3634e-07
946        8.32147e-07
947        8.66108e-07
948        8.66239e-07
949        8.78973e-07
950        9.03288e-07
951        9.32793e-07
952        9.45736e-07
953        9.17787e-07
954        8.55471e-07
955        8.20953e-07
956        8.47084e-07
957        9.05224e-07
958        9.59479e-07
959        9.56058e-07
960        9.52891e-07
961        1.02339e-06
962        1.07857e-06
963        1.05038e-06
964        9.83321e-07
965        9.25654e-07
966        8.97838e-07
967        8.67761e-07
968        8.65898e-07
969        8.59601e-07
970        8.79321e-07
971        8.97334e-07
972        8.72571e-07
973        8.47019e-07
974        8.70448e-07
975        8.95342e-07
976        8.85262e-07
977        8.69634e-07
978        8.8085e-07
979        8.53047e-07
980        8.52214e-07
981        8.74645e-07
982        8.65158e-07
983        8.36289e-07
984        8.49698e-07
985        8.70468e-07
986        8.54597e-07
987        8.39737e-07
988        8.33297e-07
989        8.91769e-07
990        9.09489e-07
991        8.92954e-07
992        8.55767e-07
993        8.17603e-07
994        8.02745e-07
995        7.82531e-07
996        8.12448e-07
997        1.15803e-06
998        2.80642e-06
999        4.02937e-06
1000       4.09185e-06
1001       3.9587e-06
1002       2.6991e-06
1003       1.0925e-06
1004       8.30877e-07
1005       8.6282e-07
1006       8.4561e-07
1007       8.06902e-07
1008       8.25649e-07
1009       8.99894e-07
1010       9.65498e-07
1011       9.60554e-07
1012       9.07553e-07
1013       8.84012e-07
1014       8.8575e-07
1015       8.54419e-07
1016       8.5004e-07
1017       8.53929e-07
1018       8.72827e-07
1019       9.07856e-07
1020       9.63844e-07
1021       1.00452e-06
1022       9.77455e-07
1023       9.16535e-07
1024       8.63286e-07
1025       8.51574e-07
1026       8.41004e-07
1027       8.69021e-07
1028       9.34417e-07
1029       9.74311e-07
1030       9.6557e-07
1031       9.33187e-07
1032       8.92393e-07
1033       8.73416e-07
1034       8.49697e-07
1035       8.31809e-07
1036       8.43856e-07
1037       8.19791e-07
1038       8.09303e-07
1039       8.16864e-07
1040       8.00902e-07
1041       7.71112e-07
1042       7.86515e-07
1043       8.30417e-07
1044       8.50485e-07
1045       8.52174e-07
1046       8.6444e-07
1047       8.68375e-07
1048       8.23173e-07
1049       7.8831e-07
1050       7.65543e-07
1051       7.44193e-07
1052       7.46067e-07
1053       8.25307e-07
1054       8.81181e-07
1055       8.95082e-07
1056       8.76067e-07
1057       8.57662e-07
1058       8.75839e-07
1059       8.98557e-07
1060       8.75904e-07
1061       8.16178e-07
1062       7.85988e-07
1063       7.96712e-07
1064       8.94662e-07
1065       9.74051e-07
1066       9.77932e-07
1067       9.52798e-07
1068       9.35755e-07
1069       8.95571e-07
1070       8.28577e-07
1071       7.56118e-07
1072       7.29082e-07
1073       7.52924e-07
1074       8.12387e-07
1075       8.63521e-07
1076       8.58279e-07
1077       8.31466e-07
1078       8.32334e-07
1079       8.33804e-07
1080       8.64426e-07
1081       8.67123e-07
1082       8.47773e-07
1083       8.30364e-07
1084       8.06979e-07
1085       7.85567e-07
1086       7.79836e-07
1087       7.5907e-07
1088       7.82651e-07
1089       8.32922e-07
1090       8.22749e-07
1091       7.8328e-07
1092       7.74194e-07
1093       8.18677e-07
1094       8.62246e-07
1095       8.42126e-07
1096       7.63278e-07
1097       7.00437e-07
1098       7.22786e-07
1099       7.72282e-07
1100       8.07485e-07
1101       7.79584e-07
1102       7.58704e-07
1103       7.88839e-07
1104       8.29596e-07
1105       8.74616e-07
1106       8.89104e-07
1107       8.73536e-07
1108       8.79257e-07
1109       8.90914e-07
1110       9.16403e-07
1111       9.37755e-07
1112       9.09047e-07
1113       8.74221e-07
1114       8.38611e-07
1115       7.85951e-07
1116       7.77651e-07
1117       8.03236e-07
1118       8.09506e-07
1119       8.13023e-07
1120       8.46298e-07
1121       8.4807e-07
1122       8.44725e-07
1123       8.43494e-07
1124       8.57052e-07
1125       8.84744e-07
1126       9.09042e-07
1127       9.28501e-07
1128       9.40099e-07
1129       9.40311e-07
1130       9.57161e-07
1131       9.52848e-07
1132       9.08063e-07
1133       8.72619e-07
1134       8.85145e-07
1135       8.8396e-07
1136       8.64184e-07
1137       8.50029e-07
1138       8.26537e-07
1139       7.91136e-07
1140       7.70732e-07
1141       7.85719e-07
1142       7.93724e-07
1143       7.71092e-07
1144       7.91785e-07
1145       8.15385e-07
1146       8.11551e-07
1147       8.38853e-07
1148       8.79425e-07
1149       9.10547e-07
1150       8.98196e-07
1151       8.63677e-07
1152       8.50431e-07
1153       8.52326e-07
1154       8.40662e-07
1155       8.35492e-07
1156       8.26182e-07
1157       8.11087e-07
1158       8.20246e-07
1159       8.48109e-07
1160       8.57424e-07
1161       8.41646e-07
1162       8.0573e-07
1163       7.70773e-07
1164       7.63857e-07
1165       8.10162e-07
1166       8.68736e-07
1167       8.97298e-07
1168       9.07093e-07
1169       9.011e-07 
1170       8.85813e-07
1171       8.79274e-07
1172       8.50564e-07
1173       8.15042e-07
1174       7.82001e-07
1175       7.62113e-07
1176       7.67042e-07
1177       8.02483e-07
1178       8.51551e-07
1179       8.77357e-07
1180       8.82762e-07
1181       8.58826e-07
1182       8.17296e-07
1183       8.08478e-07
1184       8.23504e-07
1185       7.99751e-07
1186       7.58829e-07
1187       7.47284e-07
1188       7.55706e-07
1189       7.78437e-07
1190       7.98312e-07
1191       7.86471e-07
1192       7.69382e-07
1193       7.70747e-07
1194       7.65214e-07
1195       7.71736e-07
1196       8.15965e-07
1197       8.69646e-07
1198       8.84938e-07
1199       8.91618e-07
1200       8.92453e-07
1201       8.67419e-07
1202       8.60167e-07
1203       8.62483e-07
1204       8.58068e-07
1205       8.27228e-07
1206       7.57136e-07
1207       7.23736e-07
1208       7.35286e-07
1209       7.73711e-07
1210       7.98915e-07
1211       8.15695e-07
1212       8.11856e-07
1213       7.67723e-07
1214       7.50954e-07
1215       7.66562e-07
1216       7.83296e-07
1217       8.24399e-07
1218       8.4613e-07
1219       8.71951e-07
1220       9.15249e-07
1221       9.07981e-07
1222       8.86793e-07
1223       8.54014e-07
1224       8.06993e-07
1225       7.63938e-07
1226       7.31853e-07
1227       6.85619e-07
1228       7.01405e-07
1229       7.25635e-07
1230       7.27819e-07
1231       7.45923e-07
1232       7.67448e-07
1233       7.63074e-07
1234       7.70898e-07
1235       7.81446e-07
1236       7.71599e-07
1237       7.85285e-07
1238       7.88573e-07
1239       8.17377e-07
1240       8.1692e-07
1241       8.03739e-07
1242       8.24844e-07
1243       8.58483e-07
1244       8.63054e-07
1245       8.2279e-07
1246       8.01192e-07
1247       8.16769e-07
1248       8.34485e-07
1249       8.3469e-07
1250       8.37775e-07
1251       8.79776e-07
1252       8.95484e-07
1253       8.76275e-07
1254       8.40539e-07
1255       8.01753e-07
1256       7.8991e-07
1257       7.89493e-07
1258       7.57112e-07
1259       7.68591e-07
1260       8.04976e-07
1261       8.17077e-07
1262       8.26396e-07
1263       8.25471e-07
1264       8.08103e-07
1265       7.41607e-07
1266       7.09388e-07
1267       7.29233e-07
1268       7.73852e-07
1269       8.0902e-07
1270       8.12468e-07
1271       7.95699e-07
1272       8.04765e-07
1273       8.281e-07 
1274       8.09609e-07
1275       7.82275e-07
1276       7.93218e-07
1277       7.88565e-07
1278       7.7239e-07
1279       7.84445e-07
1280       7.94335e-07
1281       7.80384e-07
1282       7.36064e-07
1283       7.29517e-07
1284       7.45368e-07
1285       7.61739e-07
1286       7.75818e-07
1287       7.84009e-07
1288       8.20098e-07
1289       8.16671e-07
1290       7.789e-07 
1291       7.86736e-07
1292       8.13359e-07
1293       8.0533e-07
1294       8.10283e-07
1295       8.41118e-07
1296       8.48813e-07
1297       8.26276e-07
1298       7.64529e-07
1299       7.36789e-07
1300       7.3342e-07
1301       7.17735e-07
1302       7.49307e-07
1303       7.68285e-07
1304       7.61024e-07
1305       7.49412e-07
1306       7.55692e-07
1307       8.05041e-07
1308       8.32214e-07
1309       8.29378e-07
1310       7.73962e-07
1311       7.24925e-07
1312       7.40625e-07
1313       7.60335e-07
1314       7.49772e-07
1315       7.43516e-07
1316       7.69508e-07
1317       8.17413e-07
1318       8.66765e-07
1319       8.94141e-07
1320       8.94929e-07
1321       8.95248e-07
1322       8.42375e-07
1323       7.45727e-07
1324       7.41451e-07
1325       7.8665e-07
1326       7.62087e-07
1327       7.3564e-07
1328       7.64132e-07
1329       7.81683e-07
1330       7.7853e-07
1331       8.00719e-07
1332       8.20464e-07
1333       8.26164e-07
1334       8.07479e-07
1335       7.82998e-07
1336       8.16551e-07
1337       8.48993e-07
1338       8.16941e-07
1339       7.78307e-07
1340       7.88644e-07
1341       8.29608e-07
1342       8.56387e-07
1343       8.28507e-07
1344       8.08742e-07
1345       8.21581e-07
1346       8.25171e-07
1347       7.9301e-07
1348       7.66374e-07
1349       7.48499e-07
1350       7.48498e-07
1351       7.32583e-07
1352       6.98217e-07
1353       6.98522e-07
1354       7.41678e-07
1355       7.8561e-07
1356       8.05512e-07
1357       7.66781e-07
1358       7.06204e-07
1359       7.03211e-07
1360       7.60306e-07
1361       7.84711e-07
1362       7.98235e-07
1363       7.82852e-07
1364       7.33937e-07
1365       7.16833e-07
1366       7.38937e-07
1367       7.78521e-07
1368       7.97263e-07
1369       7.79341e-07
1370       7.37892e-07
1371       7.20762e-07
1372       7.31436e-07
1373       7.4261e-07
1374       7.57637e-07
1375       7.77245e-07
1376       7.77522e-07
1377       7.8986e-07
1378       8.12738e-07
1379       8.14671e-07
1380       7.99175e-07
1381       7.93493e-07
1382       8.07692e-07
1383       8.11008e-07
1384       8.33309e-07
1385       8.60353e-07
1386       8.39414e-07
1387       8.00013e-07
1388       7.58873e-07
1389       7.1734e-07
1390       7.02302e-07
1391       7.0191e-07
1392       7.44704e-07
1393       7.75315e-07
1394       7.69938e-07
1395       7.90321e-07
1396       8.26689e-07
1397       8.40872e-07
1398       8.35794e-07
1399       7.94652e-07
1400       7.65108e-07
1401       7.72857e-07
1402       7.81684e-07
1403       7.67622e-07
1404       7.31512e-07
1405       7.31519e-07
1406       7.39782e-07
1407       7.5123e-07
1408       7.77068e-07
1409       7.7497e-07
1410       7.29019e-07
1411       7.05069e-07
1412       6.91038e-07
1413       7.02574e-07
1414       7.50102e-07
1415       7.82547e-07
1416       7.97457e-07
1417       8.04469e-07
1418       7.9509e-07
1419       7.93977e-07
1420       8.17644e-07
1421       8.09908e-07
1422       7.69427e-07
1423       7.50117e-07
1424       7.14384e-07
1425       7.20907e-07
1426       7.94503e-07
1427       8.19774e-07
1428       8.13704e-07
1429       8.02506e-07
1430       7.77848e-07
1431       7.55424e-07
1432       7.59726e-07
1433       7.92405e-07
1434       7.95685e-07
1435       7.36002e-07
1436       6.69376e-07
1437       6.77237e-07
1438       7.33903e-07
1439       8.25543e-07
1440       8.54499e-07
1441       8.33017e-07
1442       8.28757e-07
1443       7.98675e-07
1444       7.94321e-07
1445       8.35643e-07
1446       8.56364e-07
1447       8.59562e-07
1448       8.39366e-07
1449       7.97624e-07
1450       7.76248e-07
1451       7.90211e-07
1452       8.21533e-07
1453       8.09447e-07
1454       7.60841e-07
1455       7.59516e-07
1456       7.77896e-07
1457       7.78334e-07
1458       7.80356e-07
1459       7.78586e-07
1460       7.36808e-07
1461       7.03954e-07
1462       7.00463e-07
1463       7.09329e-07
1464       7.06685e-07
1465       7.01605e-07
1466       7.48186e-07
1467       7.79112e-07
1468       7.57159e-07
1469       7.41387e-07
1470       7.31552e-07
1471       7.55435e-07
1472       7.77541e-07
1473       7.45544e-07
1474       7.3197e-07
1475       7.55058e-07
1476       7.64534e-07
1477       7.78964e-07
1478       7.76021e-07
1479       7.4181e-07
1480       7.09872e-07
1481       7.49704e-07
1482       7.9553e-07
1483       8.04038e-07
1484       8.13053e-07
1485       8.13085e-07
1486       7.91825e-07
1487       7.08037e-07
1488       6.26431e-07
1489       6.25855e-07
1490       6.79751e-07
1491       7.24856e-07
1492       7.21783e-07
1493       7.27999e-07
1494       7.58155e-07
1495       7.70681e-07
1496       7.61146e-07
1497       7.49196e-07
1498       7.67274e-07
1499       7.85301e-07
1500       7.962e-07 
1501       8.17778e-07
1502       8.58936e-07
1503       8.59624e-07
1504       8.32247e-07
1505       8.02423e-07
1506       7.94899e-07
1507       8.34114e-07
1508       8.6185e-07
1509       8.49485e-07
1510       8.11349e-07
1511       7.85224e-07
1512       8.11307e-07
1513       8.12853e-07
1514       7.93609e-07
1515       7.90126e-07
1516       7.9926e-07
1517       8.07456e-07
1518       8.1483e-07
1519       7.94202e-07
1520       7.69693e-07
1521       7.52951e-07
1522       7.3998e-07
1523       7.2718e-07
1524       7.40116e-07
1525       7.62443e-07
1526       7.76563e-07
1527       8.05559e-07
1528       8.33445e-07
1529       8.00637e-07
1530       7.88487e-07
1531       7.94579e-07
1532       7.97789e-07
1533       7.76495e-07
1534       7.32993e-07
1535       7.03892e-07
1536       6.9277e-07
1537       6.81208e-07
1538       6.97849e-07
1539       7.34507e-07
1540       7.42448e-07
1541       7.63165e-07
1542       7.77831e-07
1543       7.69101e-07
1544       7.65401e-07
1545       7.65835e-07
1546       7.74117e-07
1547       7.86583e-07
1548       8.02119e-07
1549       8.05089e-07
1550       7.65343e-07
1551       7.55592e-07
1552       7.53332e-07
1553       7.27473e-07
1554       7.3794e-07
1555       7.77997e-07
1556       8.13797e-07
1557       8.11345e-07
1558       7.93831e-07
1559       7.82122e-07
1560       7.84858e-07
1561       8.07654e-07
1562       8.10634e-07
1563       7.82003e-07
1564       7.40794e-07
1565       7.23088e-07
1566       7.25428e-07
1567       7.35695e-07
1568       7.27345e-07
1569       7.17326e-07
1570       7.19919e-07
1571       7.09704e-07
1572       7.25384e-07
1573       7.51467e-07
1574       7.42218e-07
1575       7.19245e-07
1576       7.0951e-07
1577       7.04392e-07
1578       6.85875e-07
1579       6.70635e-07
1580       6.55088e-07
1581       6.76654e-07
1582       7.3314e-07
1583       7.52941e-07
1584       7.45914e-07
1585       7.60487e-07
1586       8.08739e-07
1587       8.75059e-07
1588       8.69619e-07
1589       8.07929e-07
1590       7.85822e-07
1591       7.79846e-07
1592       7.64014e-07
1593       7.34986e-07
1594       7.10917e-07
1595       6.858e-07 
1596       7.09303e-07
1597       7.4332e-07
1598       7.32152e-07
1599       7.0774e-07
1600       6.92319e-07
