# Freq.    Mag.
0          3.37762e-05
1          3.37559e-05
2          2.65773e-05
3          1.85081e-05
4          1.71583e-05
5          1.81515e-05
6          1.8927e-05
7          1.87682e-05
8          1.83415e-05
9          1.82924e-05
10         1.85471e-05
11         1.85745e-05
12         1.82933e-05
13         1.80351e-05
14         1.71961e-05
15         1.6322e-05
16         1.7079e-05
17         1.80292e-05
18         1.76933e-05
19         1.75079e-05
20         1.72769e-05
21         1.73736e-05
22         1.74569e-05
23         1.70993e-05
24         1.66998e-05
25         1.66187e-05
26         1.69975e-05
27         1.71454e-05
28         1.67171e-05
29         1.58423e-05
30         1.48737e-05
31         1.37922e-05
32         1.28771e-05
33         1.23136e-05
34         1.18959e-05
35         1.19201e-05
36         1.24602e-05
37         1.27701e-05
38         1.2834e-05
39         1.24534e-05
40         1.26143e-05
41         1.26176e-05
42         1.19259e-05
43         1.1399e-05
44         1.07122e-05
45         1.05998e-05
46         1.1016e-05
47         1.1251e-05
48         1.10273e-05
49         1.04079e-05
50         9.8428e-06
51         9.94972e-06
52         1.01155e-05
53         9.99977e-06
54         9.74765e-06
55         1.0077e-05
56         1.06904e-05
57         1.10937e-05
58         1.14179e-05
59         1.13176e-05
60         1.07504e-05
61         1.01309e-05
62         9.25133e-06
63         8.80627e-06
64         9.18936e-06
65         9.82126e-06
66         1.01843e-05
67         9.77301e-06
68         8.7382e-06
69         7.82934e-06
70         7.35551e-06
71         7.28619e-06
72         7.60413e-06
73         7.58006e-06
74         7.51834e-06
75         7.48575e-06
76         7.44276e-06
77         7.23748e-06
78         7.31171e-06
79         7.47769e-06
80         7.46995e-06
81         7.46396e-06
82         7.46653e-06
83         7.21327e-06
84         6.83616e-06
85         6.71182e-06
86         6.59067e-06
87         6.42328e-06
88         6.04692e-06
89         5.71642e-06
90         5.6205e-06
91         5.84934e-06
92         6.22611e-06
93         6.29021e-06
94         6.19068e-06
95         6.28607e-06
96         6.58872e-06
97         6.81722e-06
98         6.72367e-06
99         6.47613e-06
100        6.14758e-06
101        6.01608e-06
102        6.1158e-06
103        6.24049e-06
104        6.11896e-06
105        5.90497e-06
106        5.89507e-06
107        6.04492e-06
108        6.06402e-06
109        6.0024e-06
110        5.85374e-06
111        5.57325e-06
112        5.31533e-06
113        5.16967e-06
114        5.08223e-06
115        5.07158e-06
116        5.2939e-06
117        5.81807e-06
118        5.96992e-06
119        5.79678e-06
120        5.50959e-06
121        5.19254e-06
122        4.98504e-06
123        4.76485e-06
124        4.83984e-06
125        4.99322e-06
126        4.82296e-06
127        4.67117e-06
128        4.43252e-06
129        4.53727e-06
130        4.82852e-06
131        4.91465e-06
132        4.89516e-06
133        4.8266e-06
134        4.80239e-06
135        4.62569e-06
136        4.43562e-06
137        4.44814e-06
138        4.5235e-06
139        4.65473e-06
140        4.66423e-06
141        4.41966e-06
142        4.17927e-06
143        4.31046e-06
144        4.34281e-06
145        4.26391e-06
146        4.17295e-06
147        3.92294e-06
148        3.83896e-06
149        3.9538e-06
150        4.14931e-06
151        4.40929e-06
152        4.38181e-06
153        4.08786e-06
154        3.84791e-06
155        3.79795e-06
156        3.95035e-06
157        4.18451e-06
158        4.32538e-06
159        4.3443e-06
160        4.19694e-06
161        4.00647e-06
162        3.91123e-06
163        3.91553e-06
164        3.8887e-06
165        3.81747e-06
166        3.69425e-06
167        3.7392e-06
168        3.85074e-06
169        3.87694e-06
170        3.97719e-06
171        3.99399e-06
172        3.72866e-06
173        3.37455e-06
174        3.14891e-06
175        3.21756e-06
176        3.5591e-06
177        3.76196e-06
178        3.67097e-06
179        3.59285e-06
180        3.4784e-06
181        3.47782e-06
182        3.31106e-06
183        3.12407e-06
184        3.15895e-06
185        3.22556e-06
186        3.17036e-06
187        3.02763e-06
188        3.08369e-06
189        3.31181e-06
190        3.42399e-06
191        3.30931e-06
192        3.23384e-06
193        3.27818e-06
194        3.28845e-06
195        3.39046e-06
196        3.50194e-06
197        3.45289e-06
198        3.39346e-06
199        3.24654e-06
200        3.09247e-06
201        2.9456e-06
202        2.91115e-06
203        3.11195e-06
204        3.23047e-06
205        3.29507e-06
206        3.33789e-06
207        3.32946e-06
208        3.35979e-06
209        3.22439e-06
210        3.10814e-06
211        3.224e-06 
212        3.254e-06 
213        3.19861e-06
214        3.06132e-06
215        2.85523e-06
216        2.71245e-06
217        2.69225e-06
218        2.84661e-06
219        2.85366e-06
220        2.78648e-06
221        2.85236e-06
222        2.9789e-06
223        3.02417e-06
224        3.0191e-06
225        3.04274e-06
226        3.05802e-06
227        3.0001e-06
228        2.92009e-06
229        2.80435e-06
230        2.74553e-06
231        2.81199e-06
232        2.83312e-06
233        2.74028e-06
234        2.7265e-06
235        2.69227e-06
236        2.64093e-06
237        2.62745e-06
238        2.61439e-06
239        2.48006e-06
240        2.46749e-06
241        2.53331e-06
242        2.64314e-06
243        2.7628e-06
244        2.78527e-06
245        2.69408e-06
246        2.71206e-06
247        2.68809e-06
248        2.58451e-06
249        2.6109e-06
250        2.64173e-06
251        2.66989e-06
252        2.66982e-06
253        2.64787e-06
254        2.69338e-06
255        2.74559e-06
256        2.66553e-06
257        2.52771e-06
258        2.5956e-06
259        2.68733e-06
260        2.65811e-06
261        2.5416e-06
262        2.55092e-06
263        2.55946e-06
264        2.48587e-06
265        2.50804e-06
266        2.4557e-06
267        2.47621e-06
268        2.64511e-06
269        2.76697e-06
270        2.71839e-06
271        2.53361e-06
272        2.39447e-06
273        2.3234e-06
274        2.33998e-06
275        2.4734e-06
276        2.4686e-06
277        2.44857e-06
278        2.47251e-06
279        2.45404e-06
280        2.39933e-06
281        2.36851e-06
282        2.30444e-06
283        2.24471e-06
284        2.20141e-06
285        2.1592e-06
286        2.13922e-06
287        2.18065e-06
288        2.2299e-06
289        2.19578e-06
290        2.11341e-06
291        2.10149e-06
292        2.17591e-06
293        2.20696e-06
294        2.21296e-06
295        2.19686e-06
296        2.24423e-06
297        2.17467e-06
298        1.94161e-06
299        1.83243e-06
300        1.95914e-06
301        2.05789e-06
302        1.96315e-06
303        1.89357e-06
304        1.99089e-06
305        2.15827e-06
306        2.31759e-06
307        2.31129e-06
308        2.1688e-06
309        2.05263e-06
310        1.97732e-06
311        2.0205e-06
312        2.12907e-06
313        2.16132e-06
314        2.12237e-06
315        2.11581e-06
316        2.20986e-06
317        2.31557e-06
318        2.27481e-06
319        2.03126e-06
320        1.84888e-06
321        1.92292e-06
322        2.05498e-06
323        2.15821e-06
324        2.13139e-06
325        2.0251e-06
326        1.96761e-06
327        1.87716e-06
328        1.7841e-06
329        1.84701e-06
330        1.9723e-06
331        2.00892e-06
332        2.0467e-06
333        2.13542e-06
334        2.13376e-06
335        2.0926e-06
336        2.0695e-06
337        2.09199e-06
338        2.06703e-06
339        1.97744e-06
340        1.99954e-06
341        2.121e-06 
342        2.19208e-06
343        2.1104e-06
344        1.96097e-06
345        1.89692e-06
346        1.93568e-06
347        2.00986e-06
348        1.99275e-06
349        1.90057e-06
350        1.84514e-06
351        1.79873e-06
352        1.89095e-06
353        2.04292e-06
354        2.17518e-06
355        2.18646e-06
356        2.14112e-06
357        2.05011e-06
358        2.03424e-06
359        2.05926e-06
360        2.05769e-06
361        2.02594e-06
362        1.99552e-06
363        1.95996e-06
364        1.86093e-06
365        1.79185e-06
366        1.79912e-06
367        1.76629e-06
368        1.74386e-06
369        1.7255e-06
370        1.79503e-06
371        1.89275e-06
372        1.97669e-06
373        1.96495e-06
374        1.86175e-06
375        1.77607e-06
376        1.83668e-06
377        1.89946e-06
378        1.88889e-06
379        1.79255e-06
380        1.71504e-06
381        1.76124e-06
382        1.78732e-06
383        1.75269e-06
384        1.62646e-06
385        1.5508e-06
386        1.57534e-06
387        1.60868e-06
388        1.57723e-06
389        1.51206e-06
390        1.5671e-06
391        1.63614e-06
392        1.6572e-06
393        1.6494e-06
394        1.63107e-06
395        1.67343e-06
396        1.71212e-06
397        1.7344e-06
398        1.74603e-06
399        1.71205e-06
400        1.73756e-06
401        1.77254e-06
402        1.71054e-06
403        1.62536e-06
404        1.62878e-06
405        1.6536e-06
406        1.57582e-06
407        1.4481e-06
408        1.47386e-06
409        1.55879e-06
410        1.61278e-06
411        1.62574e-06
412        1.60664e-06
413        1.58238e-06
414        1.60654e-06
415        1.67891e-06
416        1.74822e-06
417        1.84397e-06
418        1.81759e-06
419        1.73601e-06
420        1.72836e-06
421        1.7356e-06
422        1.68001e-06
423        1.61263e-06
424        1.56166e-06
425        1.51271e-06
426        1.47935e-06
427        1.55354e-06
428        1.64705e-06
429        1.63494e-06
430        1.56803e-06
431        1.60103e-06
432        1.62316e-06
433        1.61279e-06
434        1.6088e-06
435        1.63295e-06
436        1.64025e-06
437        1.63367e-06
438        1.66909e-06
439        1.70807e-06
440        1.69178e-06
441        1.62931e-06
442        1.61584e-06
443        1.61326e-06
444        1.606e-06 
445        1.59549e-06
446        1.49409e-06
447        1.45737e-06
448        1.54324e-06
449        1.56649e-06
450        1.55957e-06
451        1.51645e-06
452        1.51426e-06
453        1.60274e-06
454        1.62275e-06
455        1.58195e-06
456        1.54608e-06
457        1.56961e-06
458        1.56359e-06
459        1.53035e-06
460        1.47895e-06
461        1.37543e-06
462        1.36428e-06
463        1.42523e-06
464        1.46982e-06
465        1.50893e-06
466        1.52259e-06
467        1.55179e-06
468        1.63942e-06
469        1.64272e-06
470        1.56317e-06
471        1.45008e-06
472        1.34348e-06
473        1.31713e-06
474        1.35753e-06
475        1.43076e-06
476        1.4877e-06
477        1.4592e-06
478        1.43488e-06
479        1.47681e-06
480        1.55216e-06
481        1.56123e-06
482        1.53131e-06
483        1.52163e-06
484        1.46603e-06
485        1.41967e-06
486        1.4442e-06
487        1.52766e-06
488        1.54184e-06
489        1.43982e-06
490        1.36734e-06
491        1.38216e-06
492        1.46054e-06
493        1.52707e-06
494        1.59815e-06
495        1.65271e-06
496        1.57093e-06
497        1.41175e-06
498        1.29303e-06
499        1.29983e-06
500        1.32162e-06
501        1.35703e-06
502        1.37253e-06
503        1.34177e-06
504        1.29583e-06
505        1.28837e-06
506        1.34567e-06
507        1.47463e-06
508        1.54798e-06
509        1.4959e-06
510        1.43834e-06
511        1.42571e-06
512        1.45467e-06
513        1.54275e-06
514        1.55782e-06
515        1.51654e-06
516        1.45593e-06
517        1.40684e-06
518        1.41106e-06
519        1.48193e-06
520        1.50215e-06
521        1.49542e-06
522        1.49302e-06
523        1.42777e-06
524        1.42662e-06
525        1.45496e-06
526        1.47499e-06
527        1.48133e-06
528        1.38752e-06
529        1.27317e-06
530        1.27736e-06
531        1.38728e-06
532        1.43995e-06
533        1.45808e-06
534        1.47727e-06
535        1.43829e-06
536        1.41215e-06
537        1.35097e-06
538        1.29524e-06
539        1.2771e-06
540        1.34543e-06
541        1.43307e-06
542        1.48774e-06
543        1.53028e-06
544        1.54627e-06
545        1.51825e-06
546        1.45209e-06
547        1.31845e-06
548        1.17847e-06
549        1.16905e-06
550        1.26829e-06
551        1.31248e-06
552        1.31429e-06
553        1.35443e-06
554        1.40308e-06
555        1.39516e-06
556        1.34934e-06
557        1.28819e-06
558        1.29883e-06
559        1.36607e-06
560        1.3927e-06
561        1.33887e-06
562        1.26292e-06
563        1.20455e-06
564        1.22618e-06
565        1.27642e-06
566        1.23983e-06
567        1.21469e-06
568        1.18201e-06
569        1.17096e-06
570        1.19777e-06
571        1.19239e-06
572        1.20544e-06
573        1.2602e-06
574        1.28489e-06
575        1.30148e-06
576        1.34539e-06
577        1.39149e-06
578        1.37515e-06
579        1.33272e-06
580        1.2542e-06
581        1.21834e-06
582        1.24749e-06
583        1.30013e-06
584        1.29286e-06
585        1.2125e-06
586        1.21063e-06
587        1.31153e-06
588        1.3841e-06
589        1.36429e-06
590        1.27942e-06
591        1.20456e-06
592        1.20627e-06
593        1.18136e-06
594        1.16498e-06
595        1.18216e-06
596        1.17253e-06
597        1.16687e-06
598        1.159e-06 
599        1.16244e-06
600        1.13206e-06
601        1.11625e-06
602        1.10487e-06
603        1.11329e-06
604        1.1966e-06
605        1.28778e-06
606        1.30007e-06
607        1.26327e-06
608        1.17938e-06
609        1.14052e-06
610        1.19202e-06
611        1.27893e-06
612        1.33525e-06
613        1.34587e-06
614        1.29088e-06
615        1.19415e-06
616        1.12176e-06
617        1.10647e-06
618        1.11757e-06
619        1.14513e-06
620        1.14014e-06
621        1.14388e-06
622        1.18487e-06
623        1.18207e-06
624        1.17638e-06
625        1.18375e-06
626        1.20387e-06
627        1.25621e-06
628        1.26674e-06
629        1.20543e-06
630        1.18095e-06
631        1.21029e-06
632        1.21e-06  
633        1.19348e-06
634        1.17244e-06
635        1.15294e-06
636        1.15939e-06
637        1.19987e-06
638        1.24494e-06
639        1.2219e-06
640        1.15738e-06
641        1.13333e-06
642        1.15016e-06
643        1.17675e-06
644        1.13766e-06
645        1.08178e-06
646        1.06455e-06
647        1.08577e-06
648        1.0967e-06
649        1.14429e-06
650        1.18655e-06
651        1.17973e-06
652        1.21928e-06
653        1.23585e-06
654        1.21393e-06
655        1.21435e-06
656        1.2243e-06
657        1.1923e-06
658        1.1527e-06
659        1.11632e-06
660        1.15405e-06
661        1.19314e-06
662        1.17979e-06
663        1.17661e-06
664        1.18938e-06
665        1.15757e-06
666        1.10339e-06
667        1.05732e-06
668        1.07077e-06
669        1.0788e-06
670        1.10686e-06
671        1.15688e-06
672        1.17215e-06
673        1.16721e-06
674        1.16007e-06
675        1.23458e-06
676        1.30831e-06
677        1.28396e-06
678        1.20939e-06
679        1.16256e-06
680        1.14463e-06
681        1.12717e-06
682        1.08975e-06
683        1.0636e-06
684        1.09002e-06
685        1.14797e-06
686        1.16759e-06
687        1.16975e-06
688        1.17577e-06
689        1.15202e-06
690        1.13707e-06
691        1.1399e-06
692        1.10815e-06
693        1.06372e-06
694        1.0024e-06
695        9.91884e-07
696        1.05812e-06
697        1.10906e-06
698        1.11567e-06
699        1.09528e-06
700        1.07605e-06
701        1.0328e-06
702        1.01934e-06
703        1.06314e-06
704        1.12782e-06
705        1.21563e-06
706        1.2113e-06
707        1.11777e-06
708        1.05181e-06
709        1.09069e-06
710        1.15906e-06
711        1.19588e-06
712        1.2123e-06
713        1.18651e-06
714        1.12704e-06
715        1.04175e-06
716        1.01454e-06
717        1.04975e-06
718        1.13387e-06
719        1.17455e-06
720        1.16528e-06
721        1.17284e-06
722        1.21329e-06
723        1.25785e-06
724        1.21086e-06
725        1.11779e-06
726        1.10199e-06
727        1.09856e-06
728        1.11103e-06
729        1.09672e-06
730        1.01586e-06
731        1.01422e-06
732        1.04191e-06
733        1.0658e-06
734        1.0875e-06
735        1.03426e-06
736        9.8692e-07
737        1.05431e-06
738        1.09627e-06
739        1.11556e-06
740        1.12873e-06
741        1.13009e-06
742        1.07324e-06
743        1.05835e-06
744        1.07304e-06
745        1.07155e-06
746        1.061e-06 
747        1.06423e-06
748        1.02969e-06
749        1.0059e-06
750        1.09084e-06
751        1.15359e-06
752        1.14479e-06
753        1.11642e-06
754        1.12934e-06
755        1.14296e-06
756        1.13536e-06
757        1.11274e-06
758        1.03863e-06
759        9.73748e-07
760        9.55601e-07
761        9.94288e-07
762        1.06509e-06
763        1.11949e-06
764        1.04928e-06
765        9.6962e-07
766        9.61058e-07
767        9.86744e-07
768        1.00462e-06
769        1.02955e-06
770        1.05234e-06
771        1.03987e-06
772        1.05488e-06
773        1.08501e-06
774        1.07701e-06
775        1.08087e-06
776        1.0892e-06
777        1.04937e-06
778        1.04307e-06
779        1.07145e-06
780        1.06721e-06
781        1.06667e-06
782        1.04357e-06
783        1.01582e-06
784        1.00532e-06
785        1.0088e-06
786        9.8574e-07
787        9.39411e-07
788        9.56708e-07
789        9.77556e-07
790        9.47398e-07
791        9.24916e-07
792        9.53578e-07
793        1.01213e-06
794        1.06698e-06
795        1.08514e-06
796        1.05586e-06
797        1.01496e-06
798        1.03859e-06
799        1.0836e-06
800        1.07853e-06
801        1.01259e-06
802        1.02464e-06
803        1.04601e-06
804        1.01046e-06
805        9.71921e-07
806        9.48031e-07
807        9.7433e-07
808        1.00224e-06
809        9.56452e-07
810        9.72862e-07
811        9.86191e-07
812        1.00852e-06
813        1.02119e-06
814        1.00569e-06
815        9.8592e-07
816        9.76091e-07
817        9.82588e-07
818        1.01179e-06
819        1.04448e-06
820        1.05327e-06
821        1.02326e-06
822        9.86703e-07
823        1.00635e-06
824        1.05395e-06
825        1.05896e-06
826        1.03738e-06
827        1.03075e-06
828        9.80912e-07
829        9.19126e-07
830        9.1778e-07
831        9.81536e-07
832        1.03287e-06
833        1.07919e-06
834        1.10021e-06
835        1.10827e-06
836        1.07754e-06
837        1.02073e-06
838        9.858e-07 
839        1.00946e-06
840        1.0367e-06
841        1.02186e-06
842        9.82367e-07
843        9.43523e-07
844        9.52173e-07
845        9.60523e-07
846        9.5498e-07
847        9.97101e-07
848        9.92601e-07
849        9.28983e-07
850        9.3035e-07
851        9.19275e-07
852        9.11828e-07
853        9.23695e-07
854        9.2772e-07
855        9.37857e-07
856        9.50667e-07
857        9.8346e-07
858        1.00884e-06
859        9.88804e-07
860        9.39697e-07
861        9.2168e-07
862        9.35042e-07
863        9.43988e-07
864        9.90754e-07
865        9.80185e-07
866        9.63411e-07
867        9.672e-07 
868        9.62863e-07
869        9.87155e-07
870        9.69695e-07
871        9.64383e-07
872        9.85179e-07
873        9.93262e-07
874        9.79859e-07
875        9.81974e-07
876        1.01493e-06
877        1.04965e-06
878        1.0412e-06
879        1.01001e-06
880        9.99459e-07
881        9.59787e-07
882        9.4395e-07
883        9.79501e-07
884        1.01955e-06
885        1.01687e-06
886        1.01397e-06
887        1.03715e-06
888        1.04927e-06
889        1.0536e-06
890        1.05791e-06
891        1.04128e-06
892        1.03621e-06
893        1.03043e-06
894        1.02267e-06
895        1.02199e-06
896        1.0388e-06
897        1.04306e-06
898        1.06595e-06
899        1.13709e-06
900        1.12393e-06
901        1.06312e-06
902        9.98847e-07
903        1.0139e-06
904        1.07999e-06
905        1.08153e-06
906        1.01531e-06
907        9.52036e-07
908        9.54099e-07
909        9.87493e-07
910        1.02202e-06
911        9.97471e-07
912        1.00393e-06
913        1.04014e-06
914        1.03752e-06
915        1.01324e-06
916        9.32392e-07
917        9.12888e-07
918        9.65575e-07
919        1.00512e-06
920        1.00108e-06
921        9.64379e-07
922        9.68099e-07
923        9.90561e-07
924        1.00538e-06
925        1.00949e-06
926        9.69728e-07
927        9.72056e-07
928        9.87925e-07
929        9.50304e-07
930        8.75165e-07
931        8.36805e-07
932        8.53367e-07
933        8.43083e-07
934        8.6167e-07
935        9.2722e-07
936        9.72534e-07
937        9.77712e-07
938        9.61262e-07
939        9.19218e-07
940        8.79757e-07
941        8.85748e-07
942        9.33205e-07
943        9.36054e-07
944        8.95642e-07
945        8.73238e-07
946        9.34754e-07
947        9.94899e-07
948        9.67233e-07
949        9.10398e-07
950        8.54474e-07
951        8.74861e-07
952        9.12195e-07
953        8.83515e-07
954        8.63318e-07
955        9.02656e-07
956        9.47942e-07
957        9.52801e-07
958        9.44515e-07
959        9.91395e-07
960        1.02472e-06
961        1.03414e-06
962        1.02171e-06
963        1.00331e-06
964        9.61055e-07
965        9.23028e-07
966        9.05388e-07
967        8.88447e-07
968        9.26585e-07
969        9.48709e-07
970        9.65128e-07
971        9.7974e-07
972        9.57092e-07
973        9.29346e-07
974        9.38639e-07
975        9.49393e-07
976        8.88173e-07
977        8.45262e-07
978        8.59948e-07
979        8.71242e-07
980        8.91045e-07
981        9.24899e-07
982        9.59753e-07
983        9.89638e-07
984        1.01327e-06
985        9.94775e-07
986        9.23082e-07
987        8.85425e-07
988        8.77623e-07
989        8.83076e-07
990        8.65313e-07
991        8.68309e-07
992        8.82863e-07
993        8.53174e-07
994        8.46982e-07
995        8.99383e-07
996        9.62476e-07
997        1.34112e-06
998        2.92035e-06
999        4.14551e-06
1000       4.22389e-06
1001       4.05496e-06
1002       2.81595e-06
1003       1.24418e-06
1004       9.12213e-07
1005       8.83215e-07
1006       8.79917e-07
1007       9.0213e-07
1008       9.41335e-07
1009       9.47798e-07
1010       8.95648e-07
1011       8.33578e-07
1012       8.25812e-07
1013       8.19855e-07
1014       8.2706e-07
1015       8.48387e-07
1016       8.75495e-07
1017       9.28219e-07
1018       9.54921e-07
1019       9.52243e-07
1020       9.49972e-07
1021       9.15526e-07
1022       8.70951e-07
1023       8.40566e-07
1024       8.56378e-07
1025       9.41768e-07
1026       9.61304e-07
1027       9.51583e-07
1028       9.38138e-07
1029       9.24703e-07
1030       9.31229e-07
1031       9.29131e-07
1032       8.89409e-07
1033       8.18131e-07
1034       7.93837e-07
1035       8.30342e-07
1036       8.71542e-07
1037       9.46292e-07
1038       9.9913e-07
1039       9.81543e-07
1040       9.57032e-07
1041       9.01417e-07
1042       8.69018e-07
1043       8.99294e-07
1044       9.00235e-07
1045       8.77293e-07
1046       8.73814e-07
1047       9.04946e-07
1048       9.20501e-07
1049       9.23076e-07
1050       9.42578e-07
1051       9.40789e-07
1052       9.1732e-07
1053       9.08826e-07
1054       8.79921e-07
1055       8.34926e-07
1056       8.615e-07 
1057       8.90271e-07
1058       8.65893e-07
1059       8.02182e-07
1060       7.82038e-07
1061       8.22994e-07
1062       8.60859e-07
1063       8.58939e-07
1064       8.31104e-07
1065       8.82888e-07
1066       9.40271e-07
1067       9.55006e-07
1068       9.40081e-07
1069       9.4342e-07
1070       8.97694e-07
1071       8.34257e-07
1072       8.1666e-07
1073       8.20733e-07
1074       8.6236e-07
1075       9.2293e-07
1076       9.80365e-07
1077       1.02313e-06
1078       1.01628e-06
1079       9.43907e-07
1080       8.73724e-07
1081       8.11931e-07
1082       7.4955e-07
1083       7.3866e-07
1084       7.26302e-07
1085       7.30673e-07
1086       7.80286e-07
1087       8.30284e-07
1088       8.60952e-07
1089       8.48347e-07
1090       8.46954e-07
1091       8.26352e-07
1092       8.203e-07 
1093       8.02269e-07
1094       7.9743e-07
1095       8.26642e-07
1096       8.6449e-07
1097       8.90456e-07
1098       8.61951e-07
1099       8.57616e-07
1100       9.13475e-07
1101       9.75533e-07
1102       9.55938e-07
1103       9.30353e-07
1104       9.23789e-07
1105       8.99945e-07
1106       8.88053e-07
1107       8.99822e-07
1108       9.13975e-07
1109       9.26474e-07
1110       9.22801e-07
1111       8.81526e-07
1112       8.39728e-07
1113       8.23102e-07
1114       8.36055e-07
1115       8.83828e-07
1116       9.11113e-07
1117       9.00598e-07
1118       8.79792e-07
1119       8.52759e-07
1120       8.52154e-07
1121       8.72443e-07
1122       8.88997e-07
1123       9.01727e-07
1124       9.38158e-07
1125       9.23018e-07
1126       9.09252e-07
1127       9.09515e-07
1128       8.94762e-07
1129       8.80549e-07
1130       8.41459e-07
1131       7.83176e-07
1132       7.81339e-07
1133       8.13597e-07
1134       8.25251e-07
1135       8.32164e-07
1136       8.37688e-07
1137       8.44436e-07
1138       8.87351e-07
1139       9.28701e-07
1140       9.30518e-07
1141       9.14698e-07
1142       8.75061e-07
1143       8.64531e-07
1144       8.76057e-07
1145       8.57544e-07
1146       8.30468e-07
1147       8.05671e-07
1148       8.05397e-07
1149       8.0368e-07
1150       8.02046e-07
1151       8.19369e-07
1152       8.58002e-07
1153       8.71023e-07
1154       8.18948e-07
1155       7.79975e-07
1156       8.04129e-07
1157       8.55061e-07
1158       8.79093e-07
1159       8.78122e-07
1160       8.61903e-07
1161       8.51752e-07
1162       8.34357e-07
1163       8.3533e-07
1164       8.70388e-07
1165       9.44008e-07
1166       9.91791e-07
1167       9.94662e-07
1168       9.61224e-07
1169       9.06962e-07
1170       8.56454e-07
1171       8.10189e-07
1172       7.82039e-07
1173       8.01263e-07
1174       8.31156e-07
1175       8.35395e-07
1176       8.4296e-07
1177       8.49641e-07
1178       8.39907e-07
1179       8.58338e-07
1180       9.05836e-07
1181       9.22773e-07
1182       8.95867e-07
1183       8.42755e-07
1184       7.84403e-07
1185       7.43326e-07
1186       7.39289e-07
1187       7.63907e-07
1188       7.71751e-07
1189       7.62394e-07
1190       7.89868e-07
1191       8.05079e-07
1192       8.0375e-07
1193       7.8995e-07
1194       7.70448e-07
1195       7.68555e-07
1196       7.9332e-07
1197       8.087e-07 
1198       8.09492e-07
1199       7.77363e-07
1200       7.39381e-07
1201       7.4872e-07
1202       8.13958e-07
1203       8.57354e-07
1204       8.29716e-07
1205       7.97832e-07
1206       7.97057e-07
1207       7.91413e-07
1208       7.97016e-07
1209       8.37955e-07
1210       8.51966e-07
1211       8.35129e-07
1212       7.94695e-07
1213       7.89317e-07
1214       8.26923e-07
1215       8.32281e-07
1216       8.09111e-07
1217       8.04578e-07
1218       8.16277e-07
1219       8.55907e-07
1220       8.81966e-07
1221       8.94635e-07
1222       9.02208e-07
1223       8.85825e-07
1224       8.35012e-07
1225       8.0739e-07
1226       8.03944e-07
1227       8.42951e-07
1228       8.76412e-07
1229       8.73395e-07
1230       8.21447e-07
1231       7.66089e-07
1232       7.53254e-07
1233       7.70381e-07
1234       7.75919e-07
1235       7.94069e-07
1236       8.06664e-07
1237       8.01661e-07
1238       8.25116e-07
1239       8.49347e-07
1240       8.34933e-07
1241       7.87001e-07
1242       7.75468e-07
1243       7.77013e-07
1244       7.75291e-07
1245       7.93555e-07
1246       8.10498e-07
1247       8.02497e-07
1248       8.22832e-07
1249       8.55354e-07
1250       8.65301e-07
1251       8.49207e-07
1252       7.94963e-07
1253       7.58871e-07
1254       7.59497e-07
1255       7.73018e-07
1256       7.79911e-07
1257       7.66613e-07
1258       7.60208e-07
1259       7.67093e-07
1260       7.94859e-07
1261       8.56531e-07
1262       8.92378e-07
1263       8.80326e-07
1264       8.66763e-07
1265       8.44289e-07
1266       8.04645e-07
1267       7.86424e-07
1268       7.7252e-07
1269       8.10953e-07
1270       8.63105e-07
1271       8.58412e-07
1272       7.92262e-07
1273       7.21258e-07
1274       7.3011e-07
1275       7.88292e-07
1276       8.27938e-07
1277       8.46998e-07
1278       8.5772e-07
1279       8.31322e-07
1280       7.96611e-07
1281       7.88236e-07
1282       7.90534e-07
1283       7.57315e-07
1284       7.29882e-07
1285       7.58092e-07
1286       7.74921e-07
1287       7.81539e-07
1288       7.76692e-07
1289       8.09873e-07
1290       8.95179e-07
1291       9.17818e-07
1292       8.97336e-07
1293       8.82226e-07
1294       8.7867e-07
1295       8.82175e-07
1296       8.75233e-07
1297       8.53731e-07
1298       8.40641e-07
1299       8.1729e-07
1300       7.88196e-07
1301       7.76828e-07
1302       7.81165e-07
1303       7.82852e-07
1304       7.74506e-07
1305       7.80059e-07
1306       7.77938e-07
1307       7.6784e-07
1308       7.77944e-07
1309       7.89045e-07
1310       8.08322e-07
1311       8.01033e-07
1312       7.59561e-07
1313       7.22026e-07
1314       7.28269e-07
1315       7.81755e-07
1316       8.19081e-07
1317       8.3839e-07
1318       8.49458e-07
1319       8.40619e-07
1320       8.2102e-07
1321       7.93527e-07
1322       7.79692e-07
1323       7.70557e-07
1324       7.56114e-07
1325       7.45249e-07
1326       7.67269e-07
1327       8.04308e-07
1328       8.04329e-07
1329       8.00379e-07
1330       7.97849e-07
1331       7.93417e-07
1332       7.76649e-07
1333       7.60077e-07
1334       7.99853e-07
1335       8.17705e-07
1336       7.9401e-07
1337       7.44406e-07
1338       6.91615e-07
1339       6.6047e-07
1340       6.66286e-07
1341       6.91167e-07
1342       7.33766e-07
1343       7.57218e-07
1344       7.75229e-07
1345       8.03935e-07
1346       8.04537e-07
1347       7.69438e-07
1348       7.4843e-07
1349       7.71364e-07
1350       8.13183e-07
1351       8.34278e-07
1352       8.46675e-07
1353       8.67877e-07
1354       8.87896e-07
1355       8.90163e-07
1356       8.46812e-07
1357       7.93423e-07
1358       7.6321e-07
1359       8.03688e-07
1360       8.29205e-07
1361       8.08871e-07
1362       7.85763e-07
1363       8.22524e-07
1364       8.7599e-07
1365       8.67592e-07
1366       8.48912e-07
1367       8.22567e-07
1368       7.9641e-07
1369       7.98733e-07
1370       7.80126e-07
1371       7.72414e-07
1372       7.87858e-07
1373       7.74703e-07
1374       7.6044e-07
1375       7.65817e-07
1376       8.03829e-07
1377       8.37509e-07
1378       8.53736e-07
1379       8.64243e-07
1380       8.40071e-07
1381       8.10447e-07
1382       8.11359e-07
1383       8.14168e-07
1384       8.37796e-07
1385       8.44982e-07
1386       8.16562e-07
1387       8.02307e-07
1388       8.3262e-07
1389       8.49267e-07
1390       7.95645e-07
1391       7.67024e-07
1392       7.50208e-07
1393       7.60382e-07
1394       8.10779e-07
1395       8.18598e-07
1396       7.83866e-07
1397       7.70562e-07
1398       7.75109e-07
1399       7.87677e-07
1400       7.73235e-07
1401       7.53854e-07
1402       7.41462e-07
1403       7.4651e-07
1404       7.82584e-07
1405       8.20807e-07
1406       8.29165e-07
1407       8.00493e-07
1408       7.8126e-07
1409       7.70838e-07
1410       7.77082e-07
1411       7.70763e-07
1412       7.55947e-07
1413       7.61453e-07
1414       8.00373e-07
1415       8.16808e-07
1416       8.09231e-07
1417       8.30171e-07
1418       8.41693e-07
1419       7.99514e-07
1420       7.28298e-07
1421       7.1095e-07
1422       7.44941e-07
1423       7.95732e-07
1424       8.53712e-07
1425       8.52288e-07
1426       7.95412e-07
1427       7.58372e-07
1428       7.55366e-07
1429       7.90097e-07
1430       8.06148e-07
1431       7.91669e-07
1432       7.9281e-07
1433       7.81585e-07
1434       7.3589e-07
1435       6.9478e-07
1436       7.24386e-07
1437       7.76856e-07
1438       8.03312e-07
1439       7.7199e-07
1440       7.39139e-07
1441       7.34851e-07
1442       7.29216e-07
1443       7.21995e-07
1444       7.4547e-07
1445       7.4965e-07
1446       7.43582e-07
1447       7.30502e-07
1448       7.13421e-07
1449       7.48868e-07
1450       7.70095e-07
1451       7.50957e-07
1452       7.28577e-07
1453       7.25618e-07
1454       7.49146e-07
1455       7.39682e-07
1456       7.12198e-07
1457       7.19386e-07
1458       7.32559e-07
1459       7.19782e-07
1460       7.06667e-07
1461       7.24769e-07
1462       7.18655e-07
1463       6.99096e-07
1464       6.81345e-07
1465       6.86145e-07
1466       7.26976e-07
1467       7.5853e-07
1468       7.68545e-07
1469       7.87064e-07
1470       8.04343e-07
1471       7.77432e-07
1472       7.11939e-07
1473       6.95911e-07
1474       7.31065e-07
1475       7.54189e-07
1476       7.65351e-07
1477       7.71008e-07
1478       7.81656e-07
1479       7.73822e-07
1480       7.5154e-07
1481       7.47367e-07
1482       8.0916e-07
1483       8.66879e-07
1484       8.47143e-07
1485       8.23037e-07
1486       8.13168e-07
1487       8.26357e-07
1488       8.61045e-07
1489       8.41371e-07
1490       7.98647e-07
1491       8.08622e-07
1492       7.90844e-07
1493       7.57485e-07
1494       7.17176e-07
1495       6.84606e-07
1496       6.81183e-07
1497       6.93215e-07
1498       7.22629e-07
1499       7.69959e-07
1500       7.55927e-07
1501       7.1465e-07
1502       6.82067e-07
1503       6.70536e-07
1504       6.81987e-07
1505       7.16534e-07
1506       7.55735e-07
1507       7.62203e-07
1508       7.38343e-07
1509       7.26518e-07
1510       6.9471e-07
1511       6.5467e-07
1512       6.46928e-07
1513       6.54599e-07
1514       6.76609e-07
1515       7.06913e-07
1516       7.1219e-07
1517       7.17695e-07
1518       7.43923e-07
1519       7.63056e-07
1520       7.63104e-07
1521       7.80869e-07
1522       7.83793e-07
1523       7.80185e-07
1524       7.9904e-07
1525       8.00688e-07
1526       7.98326e-07
1527       7.78635e-07
1528       7.74953e-07
1529       7.75771e-07
1530       7.81896e-07
1531       7.74338e-07
1532       7.48991e-07
1533       7.34052e-07
1534       7.39685e-07
1535       7.47665e-07
1536       7.49271e-07
1537       7.53874e-07
1538       7.61203e-07
1539       7.49791e-07
1540       7.29316e-07
1541       7.36638e-07
1542       7.42148e-07
1543       7.64847e-07
1544       8.02796e-07
1545       8.1977e-07
1546       8.11154e-07
1547       7.80051e-07
1548       7.47758e-07
1549       7.35419e-07
1550       7.5183e-07
1551       7.8098e-07
1552       8.14219e-07
1553       8.26539e-07
1554       7.79071e-07
1555       7.22605e-07
1556       7.30996e-07
1557       7.71473e-07
1558       8.13492e-07
1559       8.36228e-07
1560       8.05116e-07
1561       7.60325e-07
1562       6.92804e-07
1563       6.65923e-07
1564       6.9494e-07
1565       7.46342e-07
1566       7.50525e-07
1567       7.46658e-07
1568       7.57916e-07
1569       7.56983e-07
1570       7.76881e-07
1571       7.67105e-07
1572       7.69017e-07
1573       7.49743e-07
1574       7.18919e-07
1575       7.07685e-07
1576       7.33671e-07
1577       7.66549e-07
1578       8.04562e-07
1579       8.29686e-07
1580       8.09096e-07
1581       8.12068e-07
1582       8.13156e-07
1583       8.09912e-07
1584       8.0227e-07
1585       7.71802e-07
1586       7.8342e-07
1587       8.01058e-07
1588       7.96227e-07
1589       7.86242e-07
1590       7.76067e-07
1591       7.72588e-07
1592       7.67213e-07
1593       7.76689e-07
1594       8.19612e-07
1595       8.35656e-07
1596       8.01995e-07
1597       7.78573e-07
1598       7.65467e-07
1599       7.7543e-07
1600       7.92132e-07
