# Freq.    Mag.
0          3.53014e-05
0.0625     3.42177e-05
0.125      2.29076e-05
0.1875     6.85717e-06
0.25       1.0006e-06
0.3125     1.22161e-06
0.375      1.41729e-06
0.4375     1.57137e-06
0.5        1.54358e-06
0.5625     1.42087e-06
0.625      1.23547e-06
0.6875     1.1913e-06
0.75       1.27626e-06
0.8125     1.29005e-06
0.875      1.32303e-06
0.9375     1.45239e-06
1          1.4075e-06
1.0625     1.33812e-06
1.125      1.16678e-06
1.1875     1.05825e-06
1.25       1.10226e-06
1.3125     1.12374e-06
1.375      1.17968e-06
1.4375     1.20521e-06
1.5        1.1976e-06
1.5625     1.15531e-06
1.625      1.16316e-06
1.6875     1.2094e-06
1.75       1.21918e-06
1.8125     1.22048e-06
1.875      1.30599e-06
1.9375     1.53744e-06
2          1.60995e-06
2.0625     1.60381e-06
2.125      1.50553e-06
2.1875     1.46813e-06
2.25       1.51416e-06
2.3125     1.50302e-06
2.375      1.38287e-06
2.4375     1.28273e-06
2.5        1.27916e-06
2.5625     1.29828e-06
2.625      1.3141e-06
2.6875     1.32377e-06
2.75       1.25143e-06
2.8125     1.25829e-06
2.875      1.4016e-06
2.9375     1.50621e-06
3          1.54227e-06
3.0625     1.46032e-06
3.125      1.32771e-06
3.1875     1.24475e-06
3.25       1.13508e-06
3.3125     1.07116e-06
3.375      1.02723e-06
3.4375     9.85645e-07
3.5        9.90759e-07
3.5625     1.06024e-06
3.625      1.15149e-06
3.6875     1.21562e-06
3.75       1.28719e-06
3.8125     1.34081e-06
3.875      1.42924e-06
3.9375     1.52942e-06
4          1.58237e-06
4.0625     1.62931e-06
4.125      1.41876e-06
4.1875     1.15576e-06
4.25       1.09209e-06
4.3125     1.08792e-06
4.375      1.12006e-06
4.4375     1.12781e-06
4.5        1.16543e-06
4.5625     1.25513e-06
4.625      1.26372e-06
4.6875     1.25483e-06
4.75       1.2118e-06
4.8125     1.20471e-06
4.875      1.20276e-06
4.9375     1.13719e-06
5          1.16361e-06
5.0625     1.18576e-06
5.125      1.16565e-06
5.1875     1.18944e-06
5.25       1.12311e-06
5.3125     1.18803e-06
5.375      1.23345e-06
5.4375     1.22942e-06
5.5        1.1495e-06
5.5625     1.09895e-06
5.625      1.11009e-06
5.6875     1.15287e-06
5.75       1.31134e-06
5.8125     1.44848e-06
5.875      1.56827e-06
5.9375     1.59715e-06
6          1.49306e-06
6.0625     1.35755e-06
6.125      1.28273e-06
6.1875     1.17104e-06
6.25       1.12934e-06
6.3125     1.15399e-06
6.375      1.09407e-06
6.4375     1.04413e-06
6.5        1.07527e-06
6.5625     1.07219e-06
6.625      1.08942e-06
6.6875     1.20454e-06
6.75       1.28793e-06
6.8125     1.30824e-06
6.875      1.24238e-06
6.9375     1.15137e-06
7          1.07993e-06
7.0625     1.07233e-06
7.125      1.14769e-06
7.1875     1.23707e-06
7.25       1.22083e-06
7.3125     1.11834e-06
7.375      1.08425e-06
7.4375     1.09965e-06
7.5        1.11556e-06
7.5625     1.31896e-06
7.625      1.45299e-06
7.6875     1.50273e-06
7.75       1.5011e-06
7.8125     1.40552e-06
7.875      1.56494e-06
7.9375     1.82531e-06
8          1.90871e-06
8.0625     1.84253e-06
8.125      1.57891e-06
8.1875     1.41638e-06
8.25       1.33952e-06
8.3125     1.26784e-06
8.375      1.20526e-06
8.4375     1.17373e-06
8.5        1.19383e-06
8.5625     1.2369e-06
8.625      1.30121e-06
8.6875     1.29386e-06
8.75       1.23796e-06
8.8125     1.14942e-06
8.875      1.03702e-06
8.9375     9.92037e-07
9          1.00926e-06
9.0625     1.07024e-06
9.125      1.12356e-06
9.1875     1.23474e-06
9.25       1.28614e-06
9.3125     1.19071e-06
9.375      1.06781e-06
9.4375     1.09032e-06
9.5        1.18695e-06
9.5625     1.24354e-06
9.625      1.32283e-06
9.6875     1.365e-06 
9.75       1.289e-06 
9.8125     1.21397e-06
9.875      1.41249e-06
9.9375     1.60745e-06
10         1.74693e-06
10.0625    1.61169e-06
10.125     1.2873e-06
10.1875    1.20617e-06
10.25      1.28543e-06
10.3125    1.33941e-06
10.375     1.28092e-06
10.4375    1.26159e-06
10.5       1.28384e-06
10.5625    1.29455e-06
10.625     1.23186e-06
10.6875    1.10735e-06
10.75      1.09318e-06
10.8125    1.14891e-06
10.875     1.17418e-06
10.9375    1.20038e-06
11         1.12009e-06
11.0625    1.05932e-06
11.125     1.03571e-06
11.1875    1.04142e-06
11.25      1.15603e-06
11.3125    1.29296e-06
11.375     1.33215e-06
11.4375    1.31134e-06
11.5       1.21161e-06
11.5625    1.11808e-06
11.625     1.18307e-06
11.6875    1.29954e-06
11.75      1.37145e-06
11.8125    1.42034e-06
11.875     1.41625e-06
11.9375    1.38088e-06
12         1.30822e-06
12.0625    1.28642e-06
12.125     1.25013e-06
12.1875    1.29633e-06
12.25      1.3518e-06
12.3125    1.31537e-06
12.375     1.22413e-06
12.4375    1.21903e-06
12.5       1.22954e-06
12.5625    1.19441e-06
12.625     1.2585e-06
12.6875    1.52151e-06
12.75      1.64452e-06
12.8125    1.62035e-06
12.875     1.45801e-06
12.9375    1.24978e-06
13         1.17909e-06
13.0625    1.1739e-06
13.125     1.20281e-06
13.1875    1.23114e-06
13.25      1.28641e-06
13.3125    1.3024e-06
13.375     1.23668e-06
13.4375    1.08744e-06
13.5       9.36151e-07
13.5625    8.86329e-07
13.625     9.25414e-07
13.6875    1.0783e-06
13.75      1.23292e-06
13.8125    1.33354e-06
13.875     1.29645e-06
13.9375    1.18593e-06
14         1.1686e-06
14.0625    1.27569e-06
14.125     1.37758e-06
14.1875    1.38052e-06
14.25      1.34448e-06
14.3125    1.25391e-06
14.375     1.16022e-06
14.4375    1.14815e-06
14.5       1.16851e-06
14.5625    1.18543e-06
14.625     1.14822e-06
14.6875    1.1131e-06
14.75      1.1253e-06
14.8125    1.18738e-06
14.875     1.29075e-06
14.9375    1.36848e-06
15         1.42831e-06
15.0625    1.48427e-06
15.125     1.47433e-06
15.1875    1.32411e-06
15.25      1.16443e-06
15.3125    1.14757e-06
15.375     1.21093e-06
15.4375    1.26548e-06
15.5       1.26438e-06
15.5625    1.21597e-06
15.625     1.08664e-06
15.6875    1.01623e-06
15.75      1.06375e-06
15.8125    1.13616e-06
15.875     1.29811e-06
15.9375    1.49557e-06
16         1.55595e-06
16.0625    1.5918e-06
16.125     1.39135e-06
16.1875    1.11437e-06
16.25      9.70124e-07
16.3125    9.12073e-07
16.375     9.51935e-07
16.4375    9.96607e-07
16.5       1.03595e-06
16.5625    1.10742e-06
16.625     1.09828e-06
16.6875    1.08545e-06
16.75      1.12803e-06
16.8125    1.15213e-06
16.875     1.10554e-06
16.9375    1.10396e-06
17         1.16578e-06
17.0625    1.19375e-06
17.125     1.12504e-06
17.1875    1.00048e-06
17.25      9.69901e-07
17.3125    1.0573e-06
17.375     1.10858e-06
17.4375    1.1566e-06
17.5       1.22676e-06
17.5625    1.29774e-06
17.625     1.38213e-06
17.6875    1.40781e-06
17.75      1.33774e-06
17.8125    1.23318e-06
17.875     1.13151e-06
17.9375    1.10043e-06
18         1.06851e-06
18.0625    1.08949e-06
18.125     1.25822e-06
18.1875    1.30352e-06
18.25      1.16964e-06
18.3125    1.09449e-06
18.375     1.16039e-06
18.4375    1.15199e-06
18.5       1.06207e-06
18.5625    1.0327e-06
18.625     1.01702e-06
18.6875    1.12126e-06
18.75      1.2656e-06
18.8125    1.32007e-06
18.875     1.3473e-06
18.9375    1.30695e-06
19         1.25224e-06
19.0625    1.17252e-06
19.125     1.14859e-06
19.1875    1.16977e-06
19.25      1.16459e-06
19.3125    1.0999e-06
19.375     1.00527e-06
19.4375    9.15189e-07
19.5       8.94639e-07
19.5625    9.75148e-07
19.625     1.0804e-06
19.6875    1.12165e-06
19.75      1.17548e-06
19.8125    1.27188e-06
19.875     1.40312e-06
19.9375    1.46326e-06
20         1.45747e-06
20.0625    1.50865e-06
20.125     1.54247e-06
20.1875    1.46933e-06
20.25      1.40854e-06
20.3125    1.37819e-06
20.375     1.36254e-06
20.4375    1.34462e-06
20.5       1.36286e-06
20.5625    1.31605e-06
20.625     1.29996e-06
20.6875    1.30663e-06
20.75      1.22403e-06
20.8125    1.10149e-06
20.875     1.06551e-06
20.9375    1.0839e-06
21         1.14831e-06
21.0625    1.20358e-06
21.125     1.24792e-06
21.1875    1.15605e-06
21.25      1.03183e-06
21.3125    1.0339e-06
21.375     1.08463e-06
21.4375    1.18722e-06
21.5       1.1856e-06
21.5625    1.16799e-06
21.625     1.20868e-06
21.6875    1.1744e-06
21.75      1.10602e-06
21.8125    1.10543e-06
21.875     1.17224e-06
21.9375    1.23033e-06
22         1.31135e-06
22.0625    1.3565e-06
22.125     1.30297e-06
22.1875    1.24424e-06
22.25      1.2376e-06
22.3125    1.13925e-06
22.375     9.96974e-07
22.4375    8.75239e-07
22.5       8.71582e-07
22.5625    9.45775e-07
22.625     9.9882e-07
22.6875    1.04734e-06
22.75      1.0435e-06
22.8125    9.85125e-07
22.875     9.6671e-07
22.9375    9.60259e-07
23         9.67102e-07
23.0625    1.01246e-06
23.125     1.17305e-06
23.1875    1.22882e-06
23.25      1.09429e-06
23.3125    9.64346e-07
23.375     1.03275e-06
23.4375    1.124e-06 
23.5       1.14398e-06
23.5625    1.09119e-06
23.625     1.08754e-06
23.6875    1.07967e-06
23.75      1.00591e-06
23.8125    1.00801e-06
23.875     1.08451e-06
23.9375    1.14135e-06
24         1.13026e-06
24.0625    1.128e-06 
24.125     1.16135e-06
24.1875    1.25012e-06
24.25      1.27815e-06
24.3125    1.23083e-06
24.375     1.11476e-06
24.4375    9.63882e-07
24.5       8.68821e-07
24.5625    9.04442e-07
24.625     1.05769e-06
24.6875    1.2252e-06
24.75      1.29114e-06
24.8125    1.26657e-06
24.875     1.19202e-06
24.9375    1.09355e-06
25         1.04597e-06
25.0625    1.09856e-06
25.125     1.20746e-06
25.1875    1.25407e-06
25.25      1.2814e-06
25.3125    1.23182e-06
25.375     1.22778e-06
25.4375    1.42794e-06
25.5       1.5021e-06
25.5625    1.47708e-06
25.625     1.3891e-06
25.6875    1.22222e-06
25.75      1.19378e-06
25.8125    1.23255e-06
25.875     1.19782e-06
25.9375    1.11614e-06
26         1.08939e-06
26.0625    1.05067e-06
26.125     1.09841e-06
26.1875    1.19969e-06
26.25      1.21289e-06
26.3125    1.22984e-06
26.375     1.25185e-06
26.4375    1.31494e-06
26.5       1.39612e-06
26.5625    1.40189e-06
26.625     1.31683e-06
26.6875    1.16385e-06
26.75      1.06887e-06
26.8125    1.08231e-06
26.875     1.20951e-06
26.9375    1.31092e-06
27         1.2493e-06
27.0625    1.20415e-06
27.125     1.14299e-06
27.1875    1.0637e-06
27.25      9.68427e-07
27.3125    8.84925e-07
27.375     9.42382e-07
27.4375    1.00726e-06
27.5       9.8845e-07
27.5625    9.65877e-07
27.625     1.00934e-06
27.6875    1.09442e-06
27.75      1.12796e-06
27.8125    1.09955e-06
27.875     1.11869e-06
27.9375    1.19235e-06
28         1.18418e-06
28.0625    1.05641e-06
28.125     9.70219e-07
28.1875    1.01041e-06
28.25      1.04826e-06
28.3125    1.10073e-06
28.375     1.08793e-06
28.4375    1.00174e-06
28.5       9.94856e-07
28.5625    1.04622e-06
28.625     1.06611e-06
28.6875    1.02334e-06
28.75      9.81695e-07
28.8125    1.07955e-06
28.875     1.0917e-06
28.9375    1.03271e-06
29         1.04543e-06
29.0625    1.07729e-06
29.125     1.09623e-06
29.1875    1.11355e-06
29.25      1.12662e-06
29.3125    1.176e-06 
29.375     1.15878e-06
29.4375    1.01904e-06
29.5       8.91691e-07
29.5625    9.48689e-07
29.625     1.11599e-06
29.6875    1.28701e-06
29.75      1.39571e-06
29.8125    1.41987e-06
29.875     1.42735e-06
29.9375    1.45135e-06
30         1.40852e-06
30.0625    1.25832e-06
30.125     1.17081e-06
30.1875    1.23579e-06
30.25      1.36903e-06
30.3125    1.4158e-06
30.375     1.37787e-06
30.4375    1.34454e-06
30.5       1.34972e-06
30.5625    1.30675e-06
30.625     1.22343e-06
30.6875    1.16749e-06
30.75      1.13157e-06
30.8125    1.08638e-06
30.875     1.04531e-06
30.9375    1.01858e-06
31         1.06075e-06
31.0625    1.10289e-06
31.125     1.10134e-06
31.1875    1.0817e-06
31.25      1.07053e-06
31.3125    9.97323e-07
31.375     9.29687e-07
31.4375    8.93283e-07
31.5       9.99982e-07
31.5625    1.11417e-06
31.625     1.12221e-06
31.6875    1.13698e-06
31.75      1.1652e-06
31.8125    1.21994e-06
31.875     1.4427e-06
31.9375    1.63171e-06
32         1.6557e-06
32.0625    1.69138e-06
32.125     1.4531e-06
32.1875    1.09007e-06
32.25      9.99604e-07
32.3125    1.02221e-06
32.375     1.11224e-06
32.4375    1.19021e-06
32.5       1.25175e-06
32.5625    1.23548e-06
32.625     1.1355e-06
32.6875    1.11287e-06
32.75      1.16611e-06
32.8125    1.14501e-06
32.875     1.07843e-06
32.9375    1.10348e-06
33         1.21513e-06
33.0625    1.29778e-06
33.125     1.32656e-06
33.1875    1.25503e-06
33.25      1.21027e-06
33.3125    1.20257e-06
33.375     1.08815e-06
33.4375    9.51459e-07
33.5       9.02195e-07
33.5625    9.11862e-07
33.625     1.00005e-06
33.6875    1.08678e-06
33.75      1.16661e-06
33.8125    1.21813e-06
33.875     1.19546e-06
33.9375    1.14141e-06
34         1.10892e-06
34.0625    1.04564e-06
34.125     1.02358e-06
34.1875    1.0433e-06
34.25      1.07817e-06
34.3125    1.16019e-06
34.375     1.22792e-06
34.4375    1.15523e-06
34.5       1.04594e-06
34.5625    1.0274e-06
34.625     1.10656e-06
34.6875    1.20718e-06
34.75      1.17e-06  
34.8125    1.13361e-06
34.875     1.13016e-06
34.9375    1.16936e-06
35         1.27817e-06
35.0625    1.27124e-06
35.125     1.16288e-06
35.1875    1.09444e-06
35.25      1.06779e-06
35.3125    1.10654e-06
35.375     1.15773e-06
35.4375    1.18282e-06
35.5       1.12908e-06
35.5625    1.04204e-06
35.625     1.02564e-06
35.6875    1.09411e-06
35.75      1.12181e-06
35.8125    1.12895e-06
35.875     1.07078e-06
35.9375    9.81536e-07
36         1.00384e-06
36.0625    1.06136e-06
36.125     9.88113e-07
36.1875    9.01059e-07
36.25      8.81933e-07
36.3125    9.05854e-07
36.375     9.67271e-07
36.4375    1.03688e-06
36.5       1.06782e-06
36.5625    1.02198e-06
36.625     9.68048e-07
36.6875    9.61963e-07
36.75      1.0516e-06
36.8125    1.2197e-06
36.875     1.22931e-06
36.9375    1.11502e-06
37         1.0531e-06
37.0625    1.08895e-06
37.125     1.14547e-06
37.1875    1.15199e-06
37.25      1.14955e-06
37.3125    1.14131e-06
37.375     1.12359e-06
37.4375    1.09444e-06
37.5       1.09269e-06
37.5625    1.1341e-06
37.625     1.11661e-06
37.6875    1.00893e-06
37.75      9.94724e-07
37.8125    1.05158e-06
37.875     1.1198e-06
37.9375    1.05312e-06
38         9.45904e-07
38.0625    8.97977e-07
38.125     9.03651e-07
38.1875    9.56429e-07
38.25      1.05788e-06
38.3125    1.19304e-06
38.375     1.30304e-06
38.4375    1.32503e-06
38.5       1.29863e-06
38.5625    1.19909e-06
38.625     1.09941e-06
38.6875    1.08883e-06
38.75      1.12382e-06
38.8125    1.06923e-06
38.875     1.06538e-06
38.9375    1.19238e-06
39         1.3324e-06
39.0625    1.38081e-06
39.125     1.28741e-06
39.1875    8.13756e-06
39.25      5.62844e-05
39.3125    0.000135766
39.375     0.000169677
39.4375    0.000170514
39.5       0.000154836
39.5625    8.41414e-05
39.625     1.85228e-05
39.6875    1.28834e-06
39.75      1.19261e-06
39.8125    1.28667e-06
39.875     1.24626e-06
39.9375    1.21549e-06
40         1.16155e-06
40.0625    1.08928e-06
40.125     1.0978e-06
40.1875    1.11237e-06
40.25      1.06991e-06
40.3125    1.01475e-06
40.375     1.00604e-06
40.4375    1.04106e-06
40.5       1.05103e-06
40.5625    1.0505e-06
40.625     1.05975e-06
40.6875    1.095e-06 
40.75      1.24222e-06
40.8125    1.35481e-06
40.875     1.37077e-06
40.9375    1.35463e-06
41         1.28956e-06
41.0625    1.25925e-06
41.125     1.19816e-06
41.1875    1.12875e-06
41.25      1.04356e-06
41.3125    9.83011e-07
41.375     1.00509e-06
41.4375    1.07158e-06
41.5       1.11984e-06
41.5625    1.12642e-06
41.625     1.17051e-06
41.6875    1.26361e-06
41.75      1.3394e-06
41.8125    1.3269e-06
41.875     1.19288e-06
41.9375    1.04855e-06
42         9.54767e-07
42.0625    9.62871e-07
42.125     9.97927e-07
42.1875    1.003e-06 
42.25      9.66518e-07
42.3125    8.97676e-07
42.375     9.21328e-07
42.4375    9.59824e-07
42.5       9.58064e-07
42.5625    9.57551e-07
42.625     1.05749e-06
42.6875    1.16513e-06
42.75      1.19626e-06
42.8125    1.13589e-06
42.875     1.04731e-06
42.9375    1.03792e-06
43         1.02255e-06
43.0625    1.04591e-06
43.125     1.0442e-06
43.1875    9.64149e-07
43.25      9.74796e-07
43.3125    1.15545e-06
43.375     1.24681e-06
43.4375    1.23286e-06
43.5       1.17612e-06
43.5625    1.10679e-06
43.625     1.04817e-06
43.6875    9.83738e-07
43.75      1.00735e-06
43.8125    1.1189e-06
43.875     1.24558e-06
43.9375    1.35038e-06
44         1.35089e-06
44.0625    1.27449e-06
44.125     1.24045e-06
44.1875    1.21564e-06
44.25      1.22139e-06
44.3125    1.20374e-06
44.375     1.18192e-06
44.4375    1.15467e-06
44.5       1.09263e-06
44.5625    1.05368e-06
44.625     1.01637e-06
44.6875    1.02215e-06
44.75      1.03941e-06
44.8125    1.04908e-06
44.875     1.02828e-06
44.9375    9.92041e-07
45         9.84112e-07
45.0625    1.01803e-06
45.125     1.09464e-06
45.1875    1.08651e-06
45.25      1.06787e-06
45.3125    1.02009e-06
45.375     9.90538e-07
45.4375    1.00595e-06
45.5       1.08582e-06
45.5625    1.13182e-06
45.625     1.0976e-06
45.6875    1.02302e-06
45.75      1.00359e-06
45.8125    1.01583e-06
45.875     1.01681e-06
45.9375    1.06281e-06
46         1.13737e-06
46.0625    1.16305e-06
46.125     1.1201e-06
46.1875    1.04012e-06
46.25      1.0126e-06
46.3125    9.82114e-07
46.375     9.95333e-07
46.4375    1.00231e-06
46.5       1.05461e-06
46.5625    1.11643e-06
46.625     1.12491e-06
46.6875    1.16559e-06
46.75      1.22372e-06
46.8125    1.21803e-06
46.875     1.19413e-06
46.9375    1.20885e-06
47         1.19728e-06
47.0625    1.16092e-06
47.125     1.03626e-06
47.1875    9.10273e-07
47.25      1.03067e-06
47.3125    1.09489e-06
47.375     1.06145e-06
47.4375    1.0721e-06
47.5       1.13737e-06
47.5625    1.20473e-06
47.625     1.29195e-06
47.6875    1.34009e-06
47.75      1.35884e-06
47.8125    1.39048e-06
47.875     1.39958e-06
47.9375    1.3391e-06
48         1.2969e-06
48.0625    1.27375e-06
48.125     1.20683e-06
48.1875    1.15904e-06
48.25      1.10467e-06
48.3125    1.05875e-06
48.375     9.79306e-07
48.4375    9.75777e-07
48.5       1.04588e-06
48.5625    1.11705e-06
48.625     1.18771e-06
48.6875    1.24884e-06
48.75      1.28698e-06
48.8125    1.31123e-06
48.875     1.27637e-06
48.9375    1.18664e-06
49         1.18506e-06
49.0625    1.19055e-06
49.125     1.30202e-06
49.1875    1.587e-06 
49.25      1.82002e-06
49.3125    2.52009e-06
49.375     3.64133e-06
49.4375    4.62152e-06
49.5       5.32087e-06
49.5625    5.2045e-06
49.625     4.66262e-06
49.6875    4.06884e-06
49.75      3.74723e-06
49.8125    3.3672e-06
49.875     2.7269e-06
49.9375    2.09472e-06
50         1.69269e-06
50.0625    1.49727e-06
50.125     1.20181e-06
50.1875    1.06092e-06
50.25      1.1558e-06
50.3125    1.22315e-06
50.375     1.18373e-06
50.4375    1.13649e-06
50.5       1.0822e-06
50.5625    1.00094e-06
50.625     9.42116e-07
50.6875    9.65664e-07
50.75      1.07626e-06
50.8125    1.18801e-06
50.875     1.23179e-06
50.9375    1.21676e-06
51         1.18167e-06
51.0625    1.17823e-06
51.125     1.13261e-06
51.1875    1.04934e-06
51.25      1.11765e-06
51.3125    1.22736e-06
51.375     1.36391e-06
51.4375    1.35956e-06
51.5       1.25551e-06
51.5625    1.12752e-06
51.625     1.03124e-06
51.6875    1.0258e-06
51.75      1.10346e-06
51.8125    1.24289e-06
51.875     1.27521e-06
51.9375    1.20593e-06
52         1.15055e-06
52.0625    1.12784e-06
52.125     1.14836e-06
52.1875    1.17111e-06
52.25      1.19864e-06
52.3125    1.11086e-06
52.375     1.08668e-06
52.4375    1.12091e-06
52.5       1.08424e-06
52.5625    1.16355e-06
52.625     1.32603e-06
52.6875    1.3214e-06
52.75      1.25184e-06
52.8125    1.17402e-06
52.875     1.10796e-06
52.9375    1.08901e-06
53         1.09317e-06
53.0625    1.11344e-06
53.125     1.13606e-06
53.1875    1.13286e-06
53.25      1.11555e-06
53.3125    1.13268e-06
53.375     1.14335e-06
53.4375    1.12506e-06
53.5       1.08963e-06
53.5625    9.63786e-07
53.625     9.00902e-07
53.6875    9.29785e-07
53.75      9.95867e-07
53.8125    1.08413e-06
53.875     1.08762e-06
53.9375    1.07243e-06
54         1.07834e-06
54.0625    1.06148e-06
54.125     1.04026e-06
54.1875    1.01874e-06
54.25      1.04265e-06
54.3125    1.09762e-06
54.375     1.13636e-06
54.4375    1.19688e-06
54.5       1.1355e-06
54.5625    9.70412e-07
54.625     9.32903e-07
54.6875    9.54161e-07
54.75      1.01392e-06
54.8125    1.08065e-06
54.875     1.15067e-06
54.9375    1.1678e-06
55         1.11914e-06
55.0625    1.06224e-06
55.125     1.05839e-06
55.1875    1.06112e-06
55.25      1.04547e-06
55.3125    1.05897e-06
55.375     1.16768e-06
55.4375    1.21595e-06
55.5       1.18285e-06
55.5625    1.15103e-06
55.625     1.14436e-06
55.6875    1.1028e-06
55.75      1.03639e-06
55.8125    1.06521e-06
55.875     1.05629e-06
55.9375    1.03792e-06
56         9.99965e-07
56.0625    9.40671e-07
56.125     1.08748e-06
56.1875    1.2312e-06
56.25      1.26419e-06
56.3125    1.12863e-06
56.375     9.24392e-07
56.4375    8.71096e-07
56.5       9.88443e-07
56.5625    1.11023e-06
56.625     1.10159e-06
56.6875    1.02112e-06
56.75      1.00091e-06
56.8125    1.0184e-06
56.875     1.06848e-06
56.9375    1.10662e-06
57         1.10544e-06
57.0625    1.04737e-06
57.125     9.85118e-07
57.1875    9.69492e-07
57.25      9.79255e-07
57.3125    1.00005e-06
57.375     1.09733e-06
57.4375    1.17157e-06
57.5       1.19926e-06
57.5625    1.20667e-06
57.625     1.19335e-06
57.6875    1.17389e-06
57.75      1.11064e-06
57.8125    1.12929e-06
57.875     1.12251e-06
57.9375    1.03212e-06
58         9.75387e-07
58.0625    9.7928e-07
58.125     1.02078e-06
58.1875    1.06318e-06
58.25      1.04962e-06
58.3125    1.02899e-06
58.375     9.61771e-07
58.4375    9.99833e-07
58.5       1.10028e-06
58.5625    1.17497e-06
58.625     1.09699e-06
58.6875    9.86395e-07
58.75      1.00315e-06
58.8125    1.0629e-06
58.875     1.05472e-06
58.9375    1.06204e-06
59         1.01087e-06
59.0625    8.94846e-07
59.125     9.19826e-07
59.1875    1.05336e-06
59.25      1.18733e-06
59.3125    1.25698e-06
59.375     1.24747e-06
59.4375    1.24708e-06
59.5       1.23686e-06
59.5625    1.15514e-06
59.625     1.11133e-06
59.6875    1.18882e-06
59.75      1.25139e-06
59.8125    2.69646e-06
59.875     7.6499e-06
59.9375    1.12139e-05
60         1.17527e-05
60.0625    1.15139e-05
60.125     7.84711e-06
60.1875    2.7674e-06
60.25      1.17097e-06
60.3125    1.16025e-06
60.375     1.08977e-06
60.4375    1.07495e-06
60.5       1.14305e-06
60.5625    1.16075e-06
60.625     1.15581e-06
60.6875    1.21412e-06
60.75      1.27174e-06
60.8125    1.21438e-06
60.875     1.14924e-06
60.9375    1.21712e-06
61         1.30958e-06
61.0625    1.337e-06 
61.125     1.36748e-06
61.1875    1.39864e-06
61.25      1.3578e-06
61.3125    1.25792e-06
61.375     1.11946e-06
61.4375    1.00202e-06
61.5       9.90385e-07
61.5625    9.94091e-07
61.625     9.99731e-07
61.6875    1.02331e-06
61.75      1.06416e-06
61.8125    1.11438e-06
61.875     1.09961e-06
61.9375    1.12675e-06
62         1.13405e-06
62.0625    1.09285e-06
62.125     1.09881e-06
62.1875    1.07821e-06
62.25      1.03276e-06
62.3125    9.84955e-07
62.375     1.09487e-06
62.4375    1.25044e-06
62.5       1.24419e-06
62.5625    1.15923e-06
62.625     1.02892e-06
62.6875    9.03502e-07
62.75      9.04428e-07
62.8125    9.58718e-07
62.875     1.00605e-06
62.9375    1.04488e-06
63         1.08192e-06
63.0625    1.0172e-06
63.125     1.04381e-06
63.1875    1.14718e-06
63.25      1.1678e-06
63.3125    1.14028e-06
63.375     1.13106e-06
63.4375    1.15388e-06
63.5       1.16245e-06
63.5625    1.2123e-06
63.625     1.25476e-06
63.6875    1.27539e-06
63.75      1.26038e-06
63.8125    1.15152e-06
63.875     1.16897e-06
63.9375    1.30399e-06
64         1.36557e-06
64.0625    1.38021e-06
64.125     1.17286e-06
64.1875    9.86842e-07
64.25      1.03377e-06
64.3125    1.16598e-06
64.375     1.16994e-06
64.4375    1.10042e-06
64.5       1.07534e-06
64.5625    1.09749e-06
64.625     1.12411e-06
64.6875    1.08206e-06
64.75      1.08003e-06
64.8125    1.16152e-06
64.875     1.23966e-06
64.9375    1.25305e-06
65         1.2771e-06
65.0625    1.21585e-06
65.125     1.12846e-06
65.1875    1.04869e-06
65.25      9.86125e-07
65.3125    9.97247e-07
65.375     1.02009e-06
65.4375    1.04451e-06
65.5       1.06742e-06
65.5625    1.09273e-06
65.625     1.09288e-06
65.6875    1.07432e-06
65.75      1.06545e-06
65.8125    1.10916e-06
65.875     1.15418e-06
65.9375    1.20026e-06
66         1.20289e-06
66.0625    1.13736e-06
66.125     1.07756e-06
66.1875    1.03011e-06
66.25      1.0008e-06
66.3125    1.05096e-06
66.375     1.11003e-06
66.4375    1.12986e-06
66.5       1.21379e-06
66.5625    1.24659e-06
66.625     1.22552e-06
66.6875    1.19444e-06
66.75      1.17468e-06
66.8125    1.18044e-06
66.875     1.1504e-06
66.9375    1.20028e-06
67         1.2375e-06
67.0625    1.13685e-06
67.125     1.07395e-06
67.1875    1.07341e-06
67.25      1.11517e-06
67.3125    1.178e-06 
67.375     1.16954e-06
67.4375    1.07996e-06
67.5       1.04141e-06
67.5625    1.04391e-06
67.625     1.03967e-06
67.6875    9.9516e-07
67.75      1.0053e-06
67.8125    1.09235e-06
67.875     1.16168e-06
67.9375    1.20642e-06
68         1.15813e-06
68.0625    1.11893e-06
68.125     1.0193e-06
68.1875    9.31054e-07
68.25      9.86418e-07
68.3125    1.07892e-06
68.375     1.07807e-06
68.4375    1.0305e-06
68.5       1.00601e-06
68.5625    1.06121e-06
68.625     1.13923e-06
68.6875    1.15322e-06
68.75      1.11825e-06
68.8125    1.04431e-06
68.875     9.50099e-07
68.9375    9.44799e-07
69         1.00748e-06
69.0625    1.16041e-06
69.125     1.23624e-06
69.1875    1.15147e-06
69.25      1.14745e-06
69.3125    1.17471e-06
69.375     1.13559e-06
69.4375    1.06244e-06
69.5       9.55772e-07
69.5625    1.00605e-06
69.625     1.15729e-06
69.6875    1.19924e-06
69.75      1.18156e-06
69.8125    1.21801e-06
69.875     1.2239e-06
69.9375    1.20241e-06
70         1.25132e-06
70.0625    1.3447e-06
70.125     1.34325e-06
70.1875    1.2206e-06
70.25      1.03829e-06
70.3125    8.94402e-07
70.375     8.48445e-07
70.4375    8.54321e-07
70.5       8.90993e-07
70.5625    9.85975e-07
70.625     9.92648e-07
70.6875    9.0539e-07
70.75      8.55859e-07
70.8125    9.36936e-07
70.875     1.06323e-06
70.9375    1.09842e-06
71         1.03595e-06
71.0625    1.00581e-06
71.125     1.04944e-06
71.1875    1.13032e-06
71.25      1.11537e-06
71.3125    1.01541e-06
71.375     9.83103e-07
71.4375    1.05248e-06
71.5       1.18767e-06
71.5625    1.21402e-06
71.625     1.08739e-06
71.6875    9.98831e-07
71.75      1.06085e-06
71.8125    1.09761e-06
71.875     1.08777e-06
71.9375    1.06698e-06
72         1.05639e-06
72.0625    1.05089e-06
72.125     1.06001e-06
72.1875    1.12e-06  
72.25      1.18561e-06
72.3125    1.15939e-06
72.375     1.0712e-06
72.4375    1.08348e-06
72.5       1.13097e-06
72.5625    1.14068e-06
72.625     1.14685e-06
72.6875    1.08314e-06
72.75      9.94885e-07
72.8125    9.71727e-07
72.875     9.33317e-07
72.9375    9.22914e-07
73         9.82056e-07
73.0625    1.04139e-06
73.125     1.10433e-06
73.1875    1.1518e-06
73.25      1.15892e-06
73.3125    1.15989e-06
73.375     1.14565e-06
73.4375    1.05529e-06
73.5       9.69203e-07
73.5625    1.01772e-06
73.625     1.09143e-06
73.6875    1.0961e-06
73.75      1.08683e-06
73.8125    1.16645e-06
73.875     1.2877e-06
73.9375    1.29487e-06
74         1.21607e-06
74.0625    1.13906e-06
74.125     1.12462e-06
74.1875    1.11309e-06
74.25      1.17678e-06
74.3125    1.25154e-06
74.375     1.20242e-06
74.4375    1.15027e-06
74.5       1.11563e-06
74.5625    1.0899e-06
74.625     1.10603e-06
74.6875    1.09932e-06
74.75      1.11478e-06
74.8125    1.11518e-06
74.875     1.0675e-06
74.9375    9.90276e-07
75         9.44989e-07
75.0625    9.41028e-07
75.125     1.05023e-06
75.1875    1.10435e-06
75.25      1.0599e-06
75.3125    9.73497e-07
75.375     9.69827e-07
75.4375    1.03411e-06
75.5       1.06229e-06
75.5625    1.03501e-06
75.625     9.70711e-07
75.6875    9.21966e-07
75.75      1.00994e-06
75.8125    1.18232e-06
75.875     1.27567e-06
75.9375    1.29395e-06
76         1.2889e-06
76.0625    1.24846e-06
76.125     1.18315e-06
76.1875    1.13167e-06
76.25      1.10351e-06
76.3125    1.04321e-06
76.375     9.77673e-07
76.4375    1.06424e-06
76.5       1.19662e-06
76.5625    1.24786e-06
76.625     1.18543e-06
76.6875    1.10867e-06
76.75      1.02225e-06
76.8125    1.01086e-06
76.875     1.10625e-06
76.9375    1.10783e-06
77         1.13839e-06
77.0625    1.17998e-06
77.125     1.20172e-06
77.1875    1.29581e-06
77.25      1.39196e-06
77.3125    1.41047e-06
77.375     1.35575e-06
77.4375    1.29327e-06
77.5       1.26173e-06
77.5625    1.21e-06  
77.625     1.19462e-06
77.6875    1.20478e-06
77.75      1.17817e-06
77.8125    1.13803e-06
77.875     1.0924e-06
77.9375    1.1357e-06
78         1.24119e-06
78.0625    1.33509e-06
78.125     1.32619e-06
78.1875    1.20546e-06
78.25      1.04841e-06
78.3125    9.90291e-07
78.375     9.81741e-07
78.4375    1.03679e-06
78.5       1.08914e-06
78.5625    1.1355e-06
78.625     1.26707e-06
78.6875    2.13866e-06
78.75      3.45515e-06
78.8125    3.75153e-06
78.875     3.75223e-06
78.9375    3.15832e-06
79         1.71417e-06
79.0625    1.04463e-06
79.125     9.61183e-07
79.1875    9.92113e-07
79.25      9.53536e-07
79.3125    9.03725e-07
79.375     1.00442e-06
79.4375    1.11632e-06
79.5       1.18001e-06
79.5625    1.10326e-06
79.625     1.04274e-06
79.6875    1.03225e-06
79.75      1.03943e-06
79.8125    9.71485e-07
79.875     8.77338e-07
79.9375    9.00324e-07
80         1.07847e-06
80.0625    1.36162e-06
80.125     1.44172e-06
80.1875    1.46059e-06
80.25      1.30352e-06
80.3125    1.08584e-06
80.375     1.05927e-06
80.4375    1.14375e-06
80.5       1.2629e-06
80.5625    1.30332e-06
80.625     1.31138e-06
80.6875    1.28005e-06
80.75      1.09112e-06
80.8125    1.00334e-06
80.875     9.84513e-07
80.9375    9.90901e-07
81         9.49023e-07
81.0625    9.50432e-07
81.125     1.01325e-06
81.1875    1.05799e-06
81.25      1.051e-06 
81.3125    1.05334e-06
81.375     1.06212e-06
81.4375    1.08452e-06
81.5       1.12946e-06
81.5625    1.08973e-06
81.625     1.0581e-06
81.6875    1.08538e-06
81.75      1.1464e-06
81.8125    1.22745e-06
81.875     1.26632e-06
81.9375    1.33421e-06
82         1.31238e-06
82.0625    1.27364e-06
82.125     1.19347e-06
82.1875    1.09814e-06
82.25      1.06629e-06
82.3125    1.13172e-06
82.375     1.20932e-06
82.4375    1.2118e-06
82.5       1.1916e-06
82.5625    1.2115e-06
82.625     1.16721e-06
82.6875    1.09366e-06
82.75      1.07627e-06
82.8125    1.00372e-06
82.875     9.46751e-07
82.9375    9.26611e-07
83         9.56841e-07
83.0625    9.75694e-07
83.125     1.01231e-06
83.1875    1.10121e-06
83.25      1.14183e-06
83.3125    1.09292e-06
83.375     1.04843e-06
83.4375    1.06391e-06
83.5       1.0767e-06
83.5625    1.03579e-06
83.625     9.89772e-07
83.6875    9.4637e-07
83.75      9.17868e-07
83.8125    1.05354e-06
83.875     1.17894e-06
83.9375    1.14552e-06
84         1.06613e-06
84.0625    1.01035e-06
84.125     1.01449e-06
84.1875    1.0134e-06
84.25      9.38996e-07
84.3125    8.78136e-07
84.375     9.1722e-07
84.4375    1.05247e-06
84.5       1.21575e-06
84.5625    1.22966e-06
84.625     1.20179e-06
84.6875    1.25557e-06
84.75      1.23101e-06
84.8125    1.16924e-06
84.875     1.1079e-06
84.9375    1.0507e-06
85         1.02074e-06
85.0625    1.03233e-06
85.125     1.0381e-06
85.1875    1.05353e-06
85.25      1.1009e-06
85.3125    1.07545e-06
85.375     1.0388e-06
85.4375    9.55352e-07
85.5       9.04531e-07
85.5625    9.83966e-07
85.625     1.12421e-06
85.6875    1.23055e-06
85.75      1.24807e-06
85.8125    1.24053e-06
85.875     1.2213e-06
85.9375    1.23238e-06
86         1.22059e-06
86.0625    1.16795e-06
86.125     1.12112e-06
86.1875    1.10482e-06
86.25      1.13053e-06
86.3125    1.17895e-06
86.375     1.14572e-06
86.4375    1.1492e-06
86.5       1.21957e-06
86.5625    1.18014e-06
86.625     1.05968e-06
86.6875    9.48449e-07
86.75      9.05991e-07
86.8125    9.7672e-07
86.875     1.04032e-06
86.9375    1.09522e-06
87         1.11961e-06
87.0625    1.12768e-06
87.125     1.14251e-06
87.1875    1.10459e-06
87.25      1.07184e-06
87.3125    1.08207e-06
87.375     1.1602e-06
87.4375    1.17218e-06
87.5       1.02942e-06
87.5625    9.22418e-07
87.625     9.58218e-07
87.6875    1.08215e-06
87.75      1.18148e-06
87.8125    1.17085e-06
87.875     1.17197e-06
87.9375    1.11791e-06
88         1.04823e-06
88.0625    1.08569e-06
88.125     1.18358e-06
88.1875    1.25011e-06
88.25      1.26119e-06
88.3125    1.20019e-06
88.375     1.12375e-06
88.4375    1.10202e-06
88.5       1.11599e-06
88.5625    1.10991e-06
88.625     1.10617e-06
88.6875    1.19736e-06
88.75      1.19052e-06
88.8125    1.09664e-06
88.875     1.11249e-06
88.9375    1.15752e-06
89         1.12126e-06
89.0625    1.08283e-06
89.125     1.024e-06 
89.1875    9.80588e-07
89.25      1.00649e-06
89.3125    1.06233e-06
89.375     1.12119e-06
89.4375    1.15801e-06
89.5       1.22171e-06
89.5625    1.30292e-06
89.625     1.30456e-06
89.6875    1.33542e-06
89.75      1.34649e-06
89.8125    1.23556e-06
89.875     1.11201e-06
89.9375    9.89477e-07
90         9.37042e-07
90.0625    9.67365e-07
90.125     9.68302e-07
90.1875    9.61359e-07
90.25      9.46866e-07
90.3125    9.75474e-07
90.375     1.05493e-06
90.4375    1.10418e-06
90.5       1.05936e-06
90.5625    1.0072e-06
90.625     9.94423e-07
90.6875    9.95962e-07
90.75      1.00739e-06
90.8125    1.04394e-06
90.875     1.07359e-06
90.9375    1.06139e-06
91         1.02129e-06
91.0625    1.00579e-06
91.125     9.69638e-07
91.1875    9.91927e-07
91.25      1.06551e-06
91.3125    1.03354e-06
91.375     9.89264e-07
91.4375    9.58222e-07
91.5       9.86571e-07
91.5625    1.03835e-06
91.625     1.05093e-06
91.6875    1.09051e-06
91.75      1.13343e-06
91.8125    1.08934e-06
91.875     1.03161e-06
91.9375    1.00311e-06
92         1.00393e-06
92.0625    1.02752e-06
92.125     1.03451e-06
92.1875    9.76047e-07
92.25      9.35524e-07
92.3125    9.55172e-07
92.375     9.35619e-07
92.4375    9.47008e-07
92.5       9.91323e-07
92.5625    1.12274e-06
92.625     1.29608e-06
92.6875    1.34532e-06
92.75      1.27257e-06
92.8125    1.18902e-06
92.875     1.08684e-06
92.9375    1.04595e-06
93         9.9564e-07
93.0625    9.729e-07 
93.125     9.87762e-07
93.1875    9.86033e-07
93.25      9.78449e-07
93.3125    1.01377e-06
93.375     1.04737e-06
93.4375    1.07077e-06
93.5       1.11705e-06
93.5625    1.18852e-06
93.625     1.16705e-06
93.6875    1.09661e-06
93.75      1.05334e-06
93.8125    1.01287e-06
93.875     1.02798e-06
93.9375    1.03982e-06
94         1.04017e-06
94.0625    1.05506e-06
94.125     1.00756e-06
94.1875    9.24786e-07
94.25      8.61385e-07
94.3125    9.03788e-07
94.375     9.90504e-07
94.4375    9.76231e-07
94.5       9.57087e-07
94.5625    9.95005e-07
94.625     1.02936e-06
94.6875    1.01484e-06
94.75      1.01273e-06
94.8125    1.02072e-06
94.875     1.08842e-06
94.9375    1.12794e-06
95         1.13174e-06
95.0625    1.15683e-06
95.125     1.13146e-06
95.1875    1.09474e-06
95.25      1.0721e-06
95.3125    1.04183e-06
95.375     9.82905e-07
95.4375    9.73524e-07
95.5       1.04754e-06
95.5625    1.0747e-06
95.625     1.08795e-06
95.6875    1.13883e-06
95.75      1.13047e-06
95.8125    1.1013e-06
95.875     1.11142e-06
95.9375    1.09587e-06
96         1.06332e-06
96.0625    1.05462e-06
96.125     1.07754e-06
96.1875    1.16525e-06
96.25      1.23105e-06
96.3125    1.16644e-06
96.375     1.09196e-06
96.4375    1.0908e-06
96.5       1.10934e-06
96.5625    1.11676e-06
96.625     1.12115e-06
96.6875    1.05935e-06
96.75      9.85319e-07
96.8125    9.79905e-07
96.875     1.00237e-06
96.9375    9.89769e-07
97         9.54369e-07
97.0625    9.71846e-07
97.125     9.71096e-07
97.1875    9.64913e-07
97.25      1.05115e-06
97.3125    1.12581e-06
97.375     1.13323e-06
97.4375    1.14505e-06
97.5       1.14711e-06
97.5625    1.13418e-06
97.625     1.09798e-06
97.6875    1.06596e-06
97.75      1.09328e-06
97.8125    1.09727e-06
97.875     1.06943e-06
97.9375    1.08127e-06
98         1.13208e-06
98.0625    1.13741e-06
98.125     1.10305e-06
98.1875    1.09164e-06
98.25      1.06393e-06
98.3125    1.04386e-06
98.375     1.09007e-06
98.4375    1.15492e-06
98.5       1.15054e-06
98.5625    1.07804e-06
98.625     1.04913e-06
98.6875    1.06026e-06
98.75      1.02347e-06
98.8125    9.30485e-07
98.875     8.33889e-07
98.9375    8.14149e-07
99         8.47025e-07
99.0625    8.83652e-07
99.125     9.25676e-07
99.1875    1.00988e-06
99.25      1.12333e-06
99.3125    1.29493e-06
99.375     1.37926e-06
99.4375    1.43715e-06
99.5       1.70889e-06
99.5625    1.81226e-06
99.625     1.63486e-06
99.6875    1.47658e-06
99.75      1.1617e-06
99.8125    1.11537e-06
99.875     1.41642e-06
99.9375    1.6152e-06
100        1.60835e-06
