# Freq.    Mag.
0          7.00995e-06
1          6.82507e-06
2          4.71651e-06
3          2.23698e-06
4          1.82406e-06
5          1.5228e-06
6          1.17959e-06
7          9.66523e-07
8          9.01122e-07
9          9.79014e-07
10         1.06718e-06
11         1.04464e-06
12         9.45241e-07
13         9.04709e-07
14         9.37468e-07
15         1.09634e-06
16         1.15799e-06
17         1.06974e-06
18         9.85689e-07
19         1.0158e-06
20         1.11848e-06
21         1.16938e-06
22         1.13023e-06
23         1.03528e-06
24         9.12287e-07
25         9.05036e-07
26         1.00011e-06
27         1.08205e-06
28         1.11561e-06
29         1.06192e-06
30         9.86808e-07
31         9.82257e-07
32         1.02842e-06
33         1.06756e-06
34         1.02384e-06
35         9.55157e-07
36         3.90289e-06
37         1.91724e-05
38         3.76512e-05
39         4.25716e-05
40         4.24532e-05
41         3.53029e-05
42         1.57864e-05
43         2.67588e-06
44         8.66569e-07
45         8.48521e-07
46         8.66014e-07
47         1.14622e-06
48         1.71602e-06
49         1.91014e-06
50         1.88233e-06
51         1.64129e-06
52         1.0617e-06
53         8.13409e-07
54         7.7708e-07
55         8.12018e-07
56         8.66763e-07
57         9.87419e-07
58         1.89819e-06
59         2.66627e-06
60         2.75807e-06
61         2.71603e-06
62         1.9363e-06
63         1.01183e-06
64         8.68762e-07
65         8.9669e-07
66         9.37331e-07
67         9.49286e-07
68         9.05961e-07
69         8.97163e-07
70         9.02015e-07
71         8.86134e-07
72         8.55816e-07
73         8.52709e-07
74         8.24577e-07
75         7.69081e-07
76         7.63417e-07
77         9.49653e-07
78         1.12738e-06
79         1.16738e-06
80         1.17033e-06
81         1.02059e-06
82         9.00248e-07
83         8.64709e-07
84         8.40804e-07
85         8.07525e-07
86         7.86628e-07
87         8.11472e-07
88         8.4405e-07
89         8.46477e-07
90         8.57529e-07
91         8.67006e-07
92         8.63588e-07
93         8.38938e-07
94         7.6826e-07
95         7.51922e-07
96         8.16928e-07
97         8.79279e-07
98         1.00033e-06
99         1.08699e-06
100        1.03211e-06
101        9.42322e-07
102        8.35058e-07
103        7.66381e-07
104        7.53402e-07
105        8.03649e-07
106        8.59505e-07
107        8.59446e-07
108        8.96559e-07
109        8.9844e-07
110        8.65737e-07
111        8.48092e-07
112        8.35191e-07
113        8.35551e-07
114        8.57132e-07
115        1.80263e-06
116        6.91815e-06
117        1.21191e-05
118        1.33745e-05
119        1.36058e-05
120        1.08462e-05
121        5.63136e-06
122        2.84129e-06
123        1.1771e-06
124        8.14026e-07
125        8.21485e-07
126        8.50538e-07
127        8.72514e-07
128        8.60316e-07
129        8.32514e-07
130        7.86554e-07
131        7.61186e-07
132        8.00576e-07
133        8.73041e-07
134        9.08899e-07
135        9.16265e-07
136        9.01972e-07
137        8.90288e-07
138        8.77122e-07
139        8.78041e-07
140        9.14065e-07
141        9.49508e-07
142        9.23326e-07
143        8.75198e-07
144        8.6492e-07
145        8.51362e-07
146        8.65878e-07
147        8.9531e-07
148        8.80647e-07
149        8.82837e-07
150        8.53631e-07
151        8.00792e-07
152        7.67018e-07
153        7.75425e-07
154        7.7075e-07
155        7.94128e-07
156        9.04842e-07
157        9.86559e-07
158        1.01625e-06
159        9.78623e-07
160        9.00418e-07
161        8.73528e-07
162        8.28179e-07
163        7.96307e-07
164        7.78068e-07
165        7.65978e-07
166        7.65982e-07
167        7.89854e-07
168        8.03263e-07
169        7.94556e-07
170        7.85146e-07
171        7.76898e-07
172        7.28398e-07
173        6.90755e-07
174        6.96571e-07
175        7.44331e-07
176        7.97703e-07
177        1.40826e-06
178        3.78339e-06
179        5.43457e-06
180        5.58747e-06
181        5.40041e-06
182        3.60675e-06
183        1.35267e-06
184        8.12655e-07
185        8.05934e-07
186        8.62511e-07
187        9.00705e-07
188        8.94834e-07
189        8.54838e-07
190        8.34896e-07
191        8.40595e-07
192        8.63646e-07
193        8.59491e-07
194        1.55536e-06
195        4.55179e-06
196        6.99648e-06
197        7.28327e-06
198        7.15764e-06
199        5.13636e-06
200        1.95476e-06
201        9.73486e-07
202        8.73603e-07
203        8.0401e-07
204        8.13948e-07
205        8.35629e-07
206        8.41107e-07
207        8.1565e-07
208        7.65379e-07
209        7.27661e-07
210        7.40828e-07
211        7.99542e-07
212        8.15601e-07
213        8.04668e-07
214        7.72858e-07
215        7.81659e-07
216        7.84416e-07
217        7.45302e-07
218        7.19139e-07
219        7.42377e-07
220        8.34445e-07
221        8.75049e-07
222        8.55403e-07
223        8.21578e-07
224        8.06845e-07
225        8.42896e-07
226        8.84858e-07
227        8.62657e-07
228        8.22368e-07
229        7.90553e-07
230        7.91632e-07
231        8.56289e-07
232        8.64493e-07
233        8.35291e-07
234        8.00577e-07
235        7.89535e-07
236        8.43167e-07
237        1.1936e-06
238        2.54367e-06
239        3.48151e-06
240        3.55514e-06
241        3.43569e-06
242        2.31961e-06
243        1.02016e-06
244        7.48875e-07
245        7.28042e-07
246        7.19271e-07
247        7.38781e-07
248        8.05409e-07
249        8.63582e-07
250        8.95081e-07
251        8.6613e-07
252        7.91958e-07
253        7.3591e-07
254        6.89608e-07
255        6.71033e-07
256        6.94657e-07
257        7.41896e-07
258        7.64586e-07
259        7.66279e-07
260        7.24237e-07
261        7.08507e-07
262        7.37657e-07
263        7.20399e-07
264        7.54508e-07
265        8.01468e-07
266        7.81126e-07
267        7.4736e-07
268        7.68637e-07
269        8.30752e-07
270        8.87637e-07
271        9.06503e-07
272        8.9946e-07
273        1.60142e-06
274        3.94369e-06
275        5.44687e-06
276        5.4883e-06
277        5.17816e-06
278        3.32802e-06
279        1.21802e-06
280        8.38008e-07
281        7.73177e-07
282        7.60196e-07
283        7.42216e-07
284        6.98147e-07
285        6.73115e-07
286        7.2354e-07
287        7.87097e-07
288        8.00312e-07
289        7.83342e-07
290        7.58432e-07
291        7.59034e-07
292        7.95361e-07
293        8.21022e-07
294        8.28729e-07
295        8.02419e-07
296        8.01104e-07
297        1.08506e-06
298        2.12766e-06
299        2.88834e-06
300        2.98333e-06
301        2.88495e-06
302        1.9823e-06
303        9.77068e-07
304        7.94575e-07
305        8.1764e-07
306        8.388e-07 
307        8.55312e-07
308        8.64869e-07
309        8.20183e-07
310        7.89117e-07
311        7.4474e-07
312        7.23422e-07
313        7.72587e-07
314        8.35463e-07
315        8.53749e-07
316        8.42899e-07
317        8.12103e-07
318        8.32484e-07
319        8.82413e-07
320        9.0337e-07
321        8.99765e-07
322        8.52216e-07
323        8.05095e-07
324        7.82828e-07
325        7.83187e-07
326        8.11473e-07
327        8.50019e-07
328        8.45712e-07
329        8.06573e-07
330        7.55272e-07
331        7.41468e-07
332        7.73632e-07
333        8.18847e-07
334        8.40438e-07
335        8.18518e-07
336        8.12332e-07
337        8.49344e-07
338        8.79657e-07
339        8.9029e-07
340        8.93076e-07
341        8.79271e-07
342        8.37233e-07
343        8.28927e-07
344        8.49388e-07
345        8.72113e-07
346        8.747e-07 
347        8.60968e-07
348        8.14154e-07
349        8.21146e-07
350        8.67546e-07
351        8.83676e-07
352        1.57483e-06
353        3.60111e-06
354        4.63305e-06
355        4.67935e-06
356        4.37408e-06
357        2.74021e-06
358        2.61508e-06
359        3.46926e-06
360        3.52418e-06
361        3.39815e-06
362        2.3094e-06
363        1.09738e-06
364        8.68021e-07
365        8.24683e-07
366        8.05117e-07
367        8.01526e-07
368        8.00034e-07
369        8.44708e-07
370        8.85915e-07
371        8.67689e-07
372        8.42387e-07
373        8.41003e-07
374        8.30888e-07
375        8.37456e-07
376        1.03957e-06
377        1.33553e-06
378        1.41685e-06
379        1.44749e-06
380        1.19858e-06
381        8.29555e-07
382        7.61467e-07
383        8.0915e-07
384        8.41711e-07
385        8.2512e-07
386        7.73721e-07
387        7.71495e-07
388        7.9934e-07
389        8.32199e-07
390        8.41234e-07
391        8.03563e-07
392        7.87918e-07
393        8.72894e-07
394        9.28343e-07
395        9.50617e-07
396        8.87826e-07
397        7.93727e-07
398        8.09184e-07
399        9.02585e-07
400        9.33698e-07
401        8.93412e-07
402        8.35483e-07
403        8.07771e-07
404        8.20641e-07
405        8.00597e-07
406        7.64994e-07
407        7.49135e-07
408        7.54851e-07
409        7.80128e-07
410        8.25907e-07
411        8.50597e-07
412        8.5411e-07
413        8.2192e-07
414        7.95662e-07
415        8.21717e-07
416        8.45215e-07
417        1.19754e-06
418        2.52706e-06
419        3.38967e-06
420        3.45434e-06
421        3.33811e-06
422        2.23281e-06
423        9.96691e-07
424        7.61653e-07
425        8.04229e-07
426        8.35535e-07
427        8.40146e-07
428        8.41921e-07
429        8.58895e-07
430        8.64488e-07
431        1.58694e-06
432        3.2279e-06
433        3.86019e-06
434        3.86135e-06
435        3.42603e-06
436        1.83365e-06
437        8.33399e-07
438        8.38584e-07
439        8.50653e-07
440        8.59737e-07
441        8.52844e-07
442        8.39221e-07
443        8.02483e-07
444        7.75191e-07
445        7.88676e-07
446        8.19949e-07
447        8.56696e-07
448        9.06424e-07
449        9.19238e-07
450        8.81534e-07
451        8.43392e-07
452        7.7189e-07
453        7.13062e-07
454        7.12663e-07
455        7.2688e-07
456        7.24925e-07
457        7.42998e-07
458        7.75679e-07
459        7.79043e-07
460        8.05637e-07
461        8.19012e-07
462        7.70359e-07
463        7.35365e-07
464        7.35847e-07
465        7.42042e-07
466        7.2407e-07
467        7.17685e-07
468        7.33405e-07
469        7.54811e-07
470        7.81294e-07
471        8.81073e-07
472        9.84899e-07
473        1.00531e-06
474        1.00592e-06
475        8.64384e-07
476        7.08505e-07
477        9.19476e-07
478        1.97667e-06
479        2.65244e-06
480        2.68572e-06
481        2.5675e-06
482        1.6778e-06
483        8.22046e-07
484        7.51949e-07
485        7.45516e-07
486        7.57621e-07
487        7.54346e-07
488        7.68672e-07
489        7.82083e-07
490        7.48927e-07
491        7.29843e-07
492        7.3731e-07
493        7.43696e-07
494        7.5161e-07
495        7.47421e-07
496        7.21197e-07
497        7.22491e-07
498        8.10631e-07
499        8.78719e-07
500        8.6751e-07
501        8.91029e-07
502        9.02215e-07
503        8.42414e-07
504        7.52077e-07
505        6.92087e-07
506        6.88114e-07
507        7.08522e-07
508        7.63745e-07
509        8.87011e-07
510        1.65951e-06
511        2.85637e-06
512        3.14461e-06
513        3.09344e-06
514        2.6056e-06
515        1.36549e-06
516        8.33709e-07
517        8.57578e-07
518        8.79943e-07
519        8.98728e-07
520        9.17111e-07
521        9.03922e-07
522        9.03783e-07
523        8.72171e-07
524        1.07702e-06
525        2.25792e-06
526        2.9594e-06
527        3.04562e-06
528        2.9131e-06
529        1.84339e-06
530        8.60238e-07
531        7.30849e-07
532        7.4787e-07
533        7.47566e-07
534        7.59758e-07
535        7.46024e-07
536        7.50871e-07
537        1.05383e-06
538        2.01616e-06
539        2.64754e-06
540        2.70633e-06
541        2.5746e-06
542        1.72723e-06
543        9.04025e-07
544        7.66946e-07
545        7.6139e-07
546        7.81021e-07
547        7.80513e-07
548        7.82838e-07
549        8.58266e-07
550        9.86294e-07
551        1.03796e-06
552        1.02222e-06
553        1.01248e-06
554        9.016e-07 
555        8.27377e-07
556        8.10642e-07
557        8.05946e-07
558        7.88554e-07
559        7.62315e-07
560        7.28941e-07
561        7.32341e-07
562        7.61043e-07
563        8.08659e-07
564        8.30143e-07
565        8.25383e-07
566        8.11799e-07
567        7.94638e-07
568        7.74351e-07
569        7.95421e-07
570        8.26726e-07
571        8.30394e-07
572        8.2212e-07
573        8.29782e-07
574        8.32722e-07
575        8.15014e-07
576        8.04888e-07
577        7.8946e-07
578        7.63184e-07
579        7.49236e-07
580        7.61019e-07
581        8.00982e-07
582        8.21347e-07
583        8.09918e-07
584        7.80947e-07
585        7.441e-07 
586        7.211e-07 
587        7.16388e-07
588        7.5642e-07
589        1.36945e-06
590        2.18038e-06
591        2.36556e-06
592        2.36069e-06
593        1.8699e-06
594        9.79226e-07
595        7.21498e-07
596        7.45647e-07
597        8.67925e-07
598        1.41353e-06
599        1.81403e-06
600        1.85818e-06
601        1.81439e-06
602        1.27074e-06
603        7.4094e-07
604        6.73074e-07
605        6.78908e-07
606        7.09189e-07
607        7.32103e-07
608        7.13145e-07
609        6.8753e-07
610        6.55401e-07
611        6.61246e-07
612        6.8725e-07
613        7.46547e-07
614        8.15244e-07
615        8.7757e-07
616        9.15481e-07
617        8.76061e-07
618        8.02619e-07
619        7.59872e-07
620        7.55067e-07
621        7.56116e-07
622        7.40031e-07
623        7.08262e-07
624        6.9649e-07
625        7.3161e-07
626        7.58923e-07
627        7.66085e-07
628        8.49754e-07
629        1.03447e-06
630        1.14746e-06
631        1.18322e-06
632        1.15555e-06
633        9.76061e-07
634        9.09414e-07
635        9.08357e-07
636        8.47869e-07
637        7.87161e-07
638        7.75466e-07
639        8.26367e-07
640        8.49009e-07
641        8.27559e-07
642        8.06048e-07
643        7.967e-07 
644        7.78902e-07
645        7.41075e-07
646        7.14185e-07
647        7.18692e-07
648        7.83746e-07
649        8.48797e-07
650        9.05915e-07
651        9.52092e-07
652        9.03338e-07
653        7.96197e-07
654        7.57092e-07
655        7.92739e-07
656        8.12619e-07
657        8.87283e-07
658        1.37906e-06
659        1.73932e-06
660        1.77671e-06
661        1.7051e-06
662        1.18533e-06
663        7.7778e-07
664        7.63115e-07
665        7.77312e-07
666        7.70126e-07
667        8.3668e-07
668        1.35707e-06
669        1.90951e-06
670        1.99295e-06
671        1.9716e-06
672        1.53004e-06
673        9.06314e-07
674        7.77008e-07
675        7.60209e-07
676        7.45352e-07
677        7.31093e-07
678        7.622e-07 
679        7.90606e-07
680        8.04151e-07
681        8.16889e-07
682        7.80661e-07
683        7.65038e-07
684        7.9477e-07
685        8.30875e-07
686        8.32043e-07
687        8.06219e-07
688        7.70495e-07
689        7.29673e-07
690        7.10164e-07
691        7.37426e-07
692        7.6321e-07
693        7.66319e-07
694        7.39036e-07
695        7.73639e-07
696        8.07203e-07
697        8.12769e-07
698        8.09162e-07
699        8.31946e-07
700        8.86132e-07
701        9.21813e-07
702        8.79851e-07
703        8.17977e-07
704        8.1311e-07
705        8.14685e-07
706        8.01746e-07
707        8.51911e-07
708        9.51522e-07
709        9.7764e-07
710        9.67875e-07
711        9.14093e-07
712        8.03884e-07
713        7.66654e-07
714        7.80116e-07
715        8.29436e-07
716        8.18227e-07
717        8.1014e-07
718        1.1282e-06
719        1.39525e-06
720        1.43521e-06
721        1.38353e-06
722        1.05019e-06
723        8.15662e-07
724        7.55601e-07
725        7.20747e-07
726        7.38496e-07
727        7.46212e-07
728        7.60885e-07
729        7.75073e-07
730        7.84031e-07
731        8.18967e-07
732        8.34217e-07
733        8.43266e-07
734        8.41407e-07
735        8.27577e-07
736        8.46105e-07
737        8.57302e-07
738        8.41482e-07
739        8.45489e-07
740        8.53657e-07
741        8.63488e-07
742        8.6056e-07
743        8.30857e-07
744        7.95634e-07
745        8.03288e-07
746        8.52195e-07
747        1.24804e-06
748        1.61386e-06
749        1.66071e-06
750        1.62639e-06
751        1.23463e-06
752        8.7241e-07
753        8.13138e-07
754        7.94744e-07
755        8.04992e-07
756        8.19779e-07
757        8.34912e-07
758        8.39023e-07
759        8.25684e-07
760        7.66485e-07
761        7.3142e-07
762        7.20117e-07
763        7.11295e-07
764        7.33278e-07
765        7.24373e-07
766        7.25622e-07
767        7.49415e-07
768        8.11503e-07
769        8.80248e-07
770        8.80558e-07
771        8.22702e-07
772        7.61092e-07
773        7.32826e-07
774        7.04344e-07
775        7.14726e-07
776        7.63123e-07
777        8.23566e-07
778        1.10579e-06
779        1.30234e-06
780        1.30517e-06
781        1.29092e-06
782        1.03285e-06
783        7.94464e-07
784        7.35654e-07
785        7.35219e-07
786        7.69159e-07
787        8.7376e-07
788        9.19259e-07
789        9.3616e-07
790        8.83718e-07
791        8.06761e-07
792        8.30964e-07
793        8.5816e-07
794        8.55379e-07
795        8.5147e-07
796        8.37403e-07
797        8.2789e-07
798        8.65264e-07
799        9.15619e-07
800        8.90954e-07
801        8.78529e-07
802        8.48096e-07
803        7.9612e-07
804        7.44942e-07
805        7.17521e-07
806        7.11639e-07
807        7.52002e-07
808        8.25069e-07
809        8.53508e-07
810        8.40857e-07
811        8.11289e-07
812        8.04272e-07
813        8.19526e-07
814        8.05456e-07
815        7.50748e-07
816        7.42161e-07
817        7.62273e-07
818        7.83988e-07
819        7.66805e-07
820        7.2524e-07
821        7.18728e-07
822        7.57143e-07
823        8.00635e-07
824        8.45175e-07
825        9.60805e-07
826        1.34917e-06
827        1.62464e-06
828        1.65655e-06
829        1.54736e-06
830        1.09385e-06
831        7.90016e-07
832        7.9291e-07
833        8.29392e-07
834        8.25781e-07
835        8.07735e-07
836        7.90557e-07
837        8.21178e-07
838        1.0581e-06
839        1.223e-06 
840        1.20469e-06
841        1.12526e-06
842        8.89912e-07
843        7.55363e-07
844        7.36109e-07
845        7.43583e-07
846        7.9815e-07
847        8.32438e-07
848        8.65642e-07
849        8.82021e-07
850        8.36388e-07
851        7.67488e-07
852        7.12232e-07
853        7.35551e-07
854        7.932e-07 
855        8.15848e-07
856        8.19711e-07
857        8.46711e-07
858        8.67047e-07
859        8.46375e-07
860        7.98697e-07
861        7.5078e-07
862        7.1943e-07
863        7.08807e-07
864        7.30695e-07
865        7.92648e-07
866        8.62328e-07
867        8.70682e-07
868        8.7031e-07
869        8.26118e-07
870        7.51086e-07
871        7.32052e-07
872        7.49972e-07
873        7.56253e-07
874        7.59698e-07
875        7.97059e-07
876        8.23606e-07
877        8.00621e-07
878        7.28787e-07
879        6.863e-07 
880        7.11668e-07
881        7.35232e-07
882        7.38083e-07
883        7.47519e-07
884        7.63989e-07
885        7.78938e-07
886        7.67218e-07
887        7.67243e-07
888        7.85197e-07
889        7.88628e-07
890        7.83195e-07
891        7.58146e-07
892        7.25176e-07
893        7.15111e-07
894        7.05717e-07
895        7.00717e-07
896        7.33883e-07
897        7.71982e-07
898        8.42465e-07
899        8.79469e-07
900        8.76702e-07
901        8.75054e-07
902        8.9357e-07
903        1.17956e-06
904        1.4904e-06
905        1.78022e-06
906        1.85319e-06
907        1.61061e-06
908        1.36414e-06
909        1.01558e-06
910        8.74829e-07
911        7.76559e-07
912        7.02052e-07
913        6.96409e-07
914        7.4155e-07
915        7.79483e-07
916        7.52795e-07
917        7.53458e-07
918        8.01834e-07
919        8.31088e-07
920        8.43057e-07
921        8.51723e-07
922        8.35885e-07
923        8.22394e-07
924        8.14963e-07
925        8.19381e-07
926        8.34989e-07
927        8.32498e-07
928        7.99842e-07
929        7.56807e-07
930        7.52021e-07
931        7.32003e-07
932        7.32959e-07
933        7.56567e-07
934        7.51832e-07
935        7.39738e-07
936        7.77653e-07
937        8.26669e-07
938        8.10827e-07
939        7.65136e-07
940        7.3054e-07
941        6.85551e-07
942        6.54871e-07
943        6.87635e-07
944        8.09243e-07
945        9.08194e-07
946        8.94733e-07
947        8.53747e-07
948        7.54786e-07
949        7.24435e-07
950        7.52972e-07
951        7.65121e-07
952        7.63873e-07
953        7.73684e-07
954        7.90092e-07
955        7.85795e-07
956        7.64409e-07
957        7.67539e-07
958        7.91535e-07
959        7.92943e-07
960        7.91535e-07
961        8.10352e-07
962        7.98339e-07
963        7.6336e-07
964        7.02281e-07
965        6.40811e-07
966        6.52318e-07
967        7.2822e-07
968        7.62018e-07
969        7.30487e-07
970        7.23099e-07
971        7.66234e-07
972        7.97979e-07
973        7.90885e-07
974        7.47745e-07
975        7.43157e-07
976        7.74935e-07
977        8.10782e-07
978        8.29743e-07
979        8.1013e-07
980        7.6193e-07
981        7.0325e-07
982        6.72042e-07
983        8.71479e-07
984        1.33779e-06
985        1.49642e-06
986        1.48978e-06
987        1.27526e-06
988        8.17739e-07
989        6.84584e-07
990        7.15671e-07
991        7.28432e-07
992        7.12285e-07
993        6.99129e-07
994        7.04978e-07
995        7.60088e-07
996        7.92513e-07
997        8.23214e-07
998        9.45922e-07
999        1.05855e-06
1000       1.05969e-06
1001       1.0263e-06
1002       8.98581e-07
1003       7.94551e-07
1004       7.85857e-07
1005       8.01557e-07
1006       8.17163e-07
1007       8.14613e-07
1008       7.91435e-07
1009       7.72483e-07
1010       7.78836e-07
1011       8.08594e-07
1012       8.3724e-07
1013       8.34442e-07
1014       8.11526e-07
1015       8.06463e-07
1016       8.08547e-07
1017       8.25506e-07
1018       8.46366e-07
1019       8.35794e-07
1020       8.5314e-07
1021       8.99315e-07
1022       8.75445e-07
1023       8.64586e-07
1024       8.77171e-07
1025       8.45951e-07
1026       7.95224e-07
1027       7.53089e-07
1028       7.75754e-07
1029       7.95321e-07
1030       7.47352e-07
1031       7.08957e-07
1032       7.42523e-07
1033       8.09631e-07
1034       8.37352e-07
1035       8.19413e-07
1036       7.5288e-07
1037       6.76131e-07
1038       6.45825e-07
1039       6.57368e-07
1040       7.09214e-07
1041       7.26934e-07
1042       7.39846e-07
1043       7.45906e-07
1044       7.56113e-07
1045       7.36454e-07
1046       7.00213e-07
1047       7.17265e-07
1048       7.7024e-07
1049       8.40858e-07
1050       8.60982e-07
1051       8.57414e-07
1052       8.45478e-07
1053       8.14755e-07
1054       7.74533e-07
1055       7.17386e-07
1056       6.86512e-07
1057       7.11585e-07
1058       7.67733e-07
1059       8.08487e-07
1060       7.99342e-07
1061       8.27182e-07
1062       1.11824e-06
1063       1.52904e-06
1064       1.63008e-06
1065       1.64046e-06
1066       1.36795e-06
1067       8.80493e-07
1068       7.54806e-07
1069       7.48183e-07
1070       7.34055e-07
1071       7.19254e-07
1072       7.01265e-07
1073       7.22082e-07
1074       7.39116e-07
1075       7.79451e-07
1076       8.13143e-07
1077       8.83824e-07
1078       1.07616e-06
1079       1.17633e-06
1080       1.14388e-06
1081       1.09397e-06
1082       9.48383e-07
1083       8.80061e-07
1084       8.46029e-07
1085       7.76118e-07
1086       7.44489e-07
1087       7.61257e-07
1088       7.65009e-07
1089       7.47888e-07
1090       7.64376e-07
1091       7.87184e-07
1092       7.7837e-07
1093       7.67694e-07
1094       7.45821e-07
1095       7.60447e-07
1096       8.11328e-07
1097       8.31921e-07
1098       8.35276e-07
1099       8.3937e-07
1100       8.39212e-07
1101       8.68914e-07
1102       9.19217e-07
1103       9.3546e-07
1104       9.01621e-07
1105       8.44175e-07
1106       8.09385e-07
1107       8.27758e-07
1108       8.58746e-07
1109       8.53536e-07
1110       8.31477e-07
1111       8.16085e-07
1112       8.10535e-07
1113       8.14865e-07
1114       7.91451e-07
1115       7.73255e-07
1116       7.90413e-07
1117       8.05944e-07
1118       8.08789e-07
1119       8.30499e-07
1120       8.31029e-07
1121       8.00276e-07
1122       8.0307e-07
1123       8.40705e-07
1124       8.93506e-07
1125       9.28632e-07
1126       9.04886e-07
1127       8.43385e-07
1128       7.82757e-07
1129       7.69217e-07
1130       7.51902e-07
1131       7.13732e-07
1132       7.70012e-07
1133       9.01579e-07
1134       9.2136e-07
1135       9.31332e-07
1136       8.8169e-07
1137       8.6237e-07
1138       1.01108e-06
1139       1.05676e-06
1140       1.0492e-06
1141       1.25419e-06
1142       1.50165e-06
1143       1.49573e-06
1144       1.46463e-06
1145       1.1689e-06
1146       8.10184e-07
1147       8.00967e-07
1148       8.63313e-07
1149       9.39628e-07
1150       9.58499e-07
1151       8.9925e-07
1152       8.24894e-07
1153       7.92785e-07
1154       7.91521e-07
1155       7.85908e-07
1156       7.91629e-07
1157       7.6422e-07
1158       7.52289e-07
1159       7.71963e-07
1160       7.68342e-07
1161       7.76953e-07
1162       7.93153e-07
1163       8.09103e-07
1164       7.98042e-07
1165       7.6469e-07
1166       7.57309e-07
1167       7.48553e-07
1168       7.42651e-07
1169       7.34804e-07
1170       7.60969e-07
1171       7.85385e-07
1172       7.95133e-07
1173       7.89573e-07
1174       7.61458e-07
1175       7.34091e-07
1176       7.39563e-07
1177       7.50178e-07
1178       7.71589e-07
1179       7.88256e-07
1180       7.85988e-07
1181       8.46622e-07
1182       8.98588e-07
1183       9.64228e-07
1184       9.60582e-07
1185       8.88338e-07
1186       8.51433e-07
1187       8.68015e-07
1188       9.0256e-07
1189       8.70995e-07
1190       8.09513e-07
1191       7.5796e-07
1192       7.48493e-07
1193       7.50104e-07
1194       7.32665e-07
1195       7.26737e-07
1196       7.40843e-07
1197       8.44254e-07
1198       1.0953e-06
1199       1.23446e-06
1200       1.2315e-06
1201       1.18039e-06
1202       9.51847e-07
1203       8.05042e-07
1204       8.18362e-07
1205       8.51037e-07
1206       8.71165e-07
1207       8.76989e-07
1208       8.46607e-07
1209       7.82306e-07
1210       7.45689e-07
1211       7.60925e-07
1212       7.86965e-07
1213       7.92623e-07
1214       7.97941e-07
1215       7.83244e-07
1216       7.62529e-07
1217       7.53728e-07
1218       7.49099e-07
1219       8.30154e-07
1220       1.25205e-06
1221       1.58643e-06
1222       1.56302e-06
1223       1.48046e-06
1224       1.10591e-06
1225       8.27215e-07
1226       7.88205e-07
1227       7.22561e-07
1228       6.91935e-07
1229       6.96995e-07
1230       7.1598e-07
1231       7.53586e-07
1232       7.626e-07 
1233       7.76639e-07
1234       8.18792e-07
1235       8.61438e-07
1236       8.58007e-07
1237       8.15803e-07
1238       7.65862e-07
1239       7.40286e-07
1240       7.23463e-07
1241       7.36411e-07
1242       7.46501e-07
1243       7.58007e-07
1244       7.97905e-07
1245       8.03717e-07
1246       8.05675e-07
1247       8.34718e-07
1248       8.33862e-07
1249       8.09089e-07
1250       7.84756e-07
1251       8.03834e-07
1252       8.20154e-07
1253       7.73683e-07
1254       7.2596e-07
1255       7.1475e-07
1256       7.36372e-07
1257       8.38609e-07
1258       1.11232e-06
1259       1.30449e-06
1260       1.39879e-06
1261       1.36112e-06
1262       1.14833e-06
1263       9.8952e-07
1264       8.7331e-07
1265       7.95525e-07
1266       7.31004e-07
1267       7.14241e-07
1268       7.25587e-07
1269       7.39147e-07
1270       7.47073e-07
1271       7.50821e-07
1272       7.55291e-07
1273       7.4797e-07
1274       7.27604e-07
1275       7.20213e-07
1276       7.32406e-07
1277       7.47526e-07
1278       7.51528e-07
1279       7.5294e-07
1280       7.73314e-07
1281       7.80878e-07
1282       7.63495e-07
1283       7.75773e-07
1284       8.16854e-07
1285       8.79988e-07
1286       9.49301e-07
1287       9.95497e-07
1288       1.01075e-06
1289       9.76089e-07
1290       8.83229e-07
1291       8.11962e-07
1292       7.7432e-07
1293       7.57252e-07
1294       7.82548e-07
1295       8.10889e-07
1296       7.79855e-07
1297       7.22466e-07
1298       8.0915e-07
1299       1.207e-06 
1300       1.42875e-06
1301       1.41947e-06
1302       1.33121e-06
1303       9.65636e-07
1304       7.99293e-07
1305       8.2821e-07
1306       8.49161e-07
1307       8.5677e-07
1308       8.64446e-07
1309       8.40553e-07
1310       7.92858e-07
1311       7.90063e-07
1312       7.93231e-07
1313       7.71089e-07
1314       7.56486e-07
1315       7.53689e-07
1316       7.90853e-07
1317       8.78751e-07
1318       1.01135e-06
1319       1.04599e-06
1320       1.03727e-06
1321       1.02028e-06
1322       9.01293e-07
1323       8.41008e-07
1324       8.32599e-07
1325       8.19957e-07
1326       8.07592e-07
1327       8.02723e-07
1328       7.99968e-07
1329       8.0491e-07
1330       8.00537e-07
1331       7.85999e-07
1332       8.04849e-07
1333       8.24222e-07
1334       7.95428e-07
1335       7.61159e-07
1336       7.38364e-07
1337       7.21702e-07
1338       7.68356e-07
1339       8.62119e-07
1340       9.01811e-07
1341       9.5452e-07
1342       9.15248e-07
1343       8.18119e-07
1344       7.85173e-07
1345       7.55291e-07
1346       7.17362e-07
1347       7.114e-07 
1348       7.32889e-07
1349       7.65625e-07
1350       7.82609e-07
1351       7.91836e-07
1352       8.00287e-07
1353       7.84264e-07
1354       7.80788e-07
1355       7.88744e-07
1356       7.73728e-07
1357       7.88821e-07
1358       8.13578e-07
1359       8.06988e-07
1360       7.84793e-07
1361       7.60147e-07
1362       7.45614e-07
1363       7.41973e-07
1364       7.37605e-07
1365       7.60638e-07
1366       7.94246e-07
1367       8.09558e-07
1368       7.86411e-07
1369       7.66188e-07
1370       7.80956e-07
1371       7.69762e-07
1372       7.76847e-07
1373       7.85075e-07
1374       7.79597e-07
1375       7.68368e-07
1376       7.53941e-07
1377       9.34457e-07
1378       1.4982e-06
1379       1.75367e-06
1380       1.75363e-06
1381       1.59524e-06
1382       1.06486e-06
1383       7.57149e-07
1384       7.387e-07 
1385       7.85144e-07
1386       8.20933e-07
1387       8.29925e-07
1388       8.36993e-07
1389       8.09947e-07
1390       8.15619e-07
1391       8.55623e-07
1392       8.2565e-07
1393       7.83395e-07
1394       7.58003e-07
1395       7.43243e-07
1396       7.2928e-07
1397       6.90683e-07
1398       6.97052e-07
1399       7.48983e-07
1400       7.91635e-07
1401       8.14737e-07
1402       8.16934e-07
1403       8.04174e-07
1404       7.83686e-07
1405       7.40876e-07
1406       7.19071e-07
1407       7.09573e-07
1408       7.48851e-07
1409       7.89456e-07
1410       7.62173e-07
1411       7.22114e-07
1412       7.29513e-07
1413       7.62478e-07
1414       7.83528e-07
1415       7.64311e-07
1416       7.38526e-07
1417       8.16572e-07
1418       9.4196e-07
1419       9.44013e-07
1420       9.50818e-07
1421       8.66288e-07
1422       7.81279e-07
1423       8.097e-07 
1424       8.40906e-07
1425       8.4513e-07
1426       8.4365e-07
1427       8.03774e-07
1428       7.57446e-07
1429       7.48395e-07
1430       7.62514e-07
1431       7.90861e-07
1432       8.07124e-07
1433       8.09638e-07
1434       8.47694e-07
1435       8.56775e-07
1436       8.34217e-07
1437       8.64887e-07
1438       1.15763e-06
1439       1.33559e-06
1440       1.36174e-06
1441       1.3002e-06
1442       1.03069e-06
1443       8.80834e-07
1444       8.63764e-07
1445       8.5549e-07
1446       8.20194e-07
1447       7.56209e-07
1448       7.49269e-07
1449       7.58485e-07
1450       7.93574e-07
1451       8.34551e-07
1452       8.2594e-07
1453       7.86519e-07
1454       7.97592e-07
1455       7.97445e-07
1456       7.92965e-07
1457       8.48322e-07
1458       8.70333e-07
1459       8.82989e-07
1460       8.94523e-07
1461       8.83743e-07
1462       8.34651e-07
1463       7.70025e-07
1464       7.25157e-07
1465       7.04748e-07
1466       7.167e-07 
1467       7.74846e-07
1468       7.98761e-07
1469       7.82455e-07
1470       8.03428e-07
1471       8.37874e-07
1472       8.25113e-07
1473       7.6299e-07
1474       7.18912e-07
1475       7.31443e-07
1476       7.73048e-07
1477       8.05771e-07
1478       7.78868e-07
1479       7.21661e-07
1480       6.88505e-07
1481       6.73807e-07
1482       6.63182e-07
1483       6.6157e-07
1484       6.8972e-07
1485       7.66464e-07
1486       7.88164e-07
1487       7.96659e-07
1488       8.04615e-07
1489       8.42589e-07
1490       8.92535e-07
1491       8.86076e-07
1492       8.61087e-07
1493       8.34883e-07
1494       7.73089e-07
1495       7.35946e-07
1496       8.43746e-07
1497       1.02233e-06
1498       1.24508e-06
1499       1.3457e-06
1500       1.30149e-06
1501       1.19352e-06
1502       9.56923e-07
1503       8.70311e-07
1504       8.74099e-07
1505       8.63451e-07
1506       8.27517e-07
1507       8.56064e-07
1508       8.83736e-07
1509       8.58712e-07
1510       8.41808e-07
1511       8.29159e-07
1512       8.36434e-07
1513       8.08372e-07
1514       7.45415e-07
1515       6.81466e-07
1516       6.76012e-07
1517       7.2593e-07
1518       7.72119e-07
1519       8.04398e-07
1520       8.27892e-07
1521       8.62195e-07
1522       8.98197e-07
1523       8.59344e-07
1524       7.82744e-07
1525       7.30564e-07
1526       7.36419e-07
1527       7.61839e-07
1528       7.50228e-07
1529       7.31628e-07
1530       7.19807e-07
1531       6.9153e-07
1532       6.75852e-07
1533       6.91961e-07
1534       7.50453e-07
1535       8.08014e-07
1536       8.30289e-07
1537       7.91264e-07
1538       7.512e-07 
1539       7.57383e-07
1540       7.55867e-07
1541       7.90537e-07
1542       8.10039e-07
1543       8.00467e-07
1544       8.05358e-07
1545       7.96272e-07
1546       7.86039e-07
1547       8.26047e-07
1548       8.56073e-07
1549       8.40874e-07
1550       8.17598e-07
1551       8.45785e-07
1552       8.71136e-07
1553       8.64909e-07
1554       8.26648e-07
1555       8.12465e-07
1556       8.3985e-07
1557       8.76315e-07
1558       1.07739e-06
1559       1.18124e-06
1560       1.17086e-06
1561       1.09171e-06
1562       8.3304e-07
1563       7.7208e-07
1564       8.18732e-07
1565       8.25964e-07
1566       8.13783e-07
1567       8.15073e-07
1568       8.17587e-07
1569       8.20133e-07
1570       7.93807e-07
1571       7.56679e-07
1572       7.27704e-07
1573       7.16667e-07
1574       7.35462e-07
1575       8.45568e-07
1576       9.2778e-07
1577       9.34614e-07
1578       8.63699e-07
1579       7.40855e-07
1580       7.19167e-07
1581       7.63595e-07
1582       8.04346e-07
1583       8.42433e-07
1584       8.58723e-07
1585       8.45329e-07
1586       8.11091e-07
1587       7.59075e-07
1588       7.53608e-07
1589       7.48216e-07
1590       7.19038e-07
1591       6.85204e-07
1592       6.75055e-07
1593       7.38861e-07
1594       8.24266e-07
1595       8.85432e-07
1596       9.20159e-07
1597       8.66159e-07
1598       8.06497e-07
1599       8.32284e-07
1600       8.77004e-07
