# Freq.    Mag.
0          2.19349e-05
8          2.17097e-05
16         2.00401e-05
24         1.74096e-05
32         1.59682e-05
40         1.51311e-05
48         1.37145e-05
56         1.21832e-05
64         1.10785e-05
72         9.90332e-06
80         8.3854e-06
88         7.20864e-06
96         6.52432e-06
104        6.01879e-06
112        5.69544e-06
120        5.68395e-06
128        5.53049e-06
136        5.25976e-06
144        4.97716e-06
152        4.60317e-06
160        4.21553e-06
168        4.00336e-06
176        3.85251e-06
184        3.5461e-06
192        3.27387e-06
200        3.25884e-06
208        3.33919e-06
216        3.24028e-06
224        3.09301e-06
232        2.99071e-06
240        2.81534e-06
248        2.67106e-06
256        2.62248e-06
264        2.75388e-06
272        2.86358e-06
280        2.80036e-06
288        2.68317e-06
296        2.57242e-06
304        2.46152e-06
312        2.3749e-06
320        2.34922e-06
328        2.31836e-06
336        2.3107e-06
344        2.16773e-06
352        1.939e-06 
360        1.84018e-06
368        1.82243e-06
376        1.77794e-06
384        1.75581e-06
392        1.78065e-06
400        1.76432e-06
408        1.74323e-06
416        1.74537e-06
424        1.78975e-06
432        1.79225e-06
440        1.71852e-06
448        1.68675e-06
456        1.61204e-06
464        1.55063e-06
472        1.55016e-06
480        1.54491e-06
488        1.50716e-06
496        1.45137e-06
504        1.37694e-06
512        1.39345e-06
520        1.46526e-06
528        1.47458e-06
536        1.46429e-06
544        1.42096e-06
552        1.36398e-06
560        1.35543e-06
568        1.36028e-06
576        1.37218e-06
584        1.35465e-06
592        1.33032e-06
600        1.30087e-06
608        1.29516e-06
616        1.28198e-06
624        1.27684e-06
632        1.24643e-06
640        1.23389e-06
648        1.29572e-06
656        1.304e-06 
664        1.27973e-06
672        1.26278e-06
680        1.2586e-06
688        1.193e-06 
696        1.10701e-06
704        1.10494e-06
712        1.15514e-06
720        1.18334e-06
728        1.15562e-06
736        1.09765e-06
744        1.10189e-06
752        1.15376e-06
760        1.18233e-06
768        1.21063e-06
776        1.16974e-06
784        1.12817e-06
792        1.15521e-06
800        1.16853e-06
808        1.17279e-06
816        1.13851e-06
824        1.08541e-06
832        1.02182e-06
840        1.00161e-06
848        1.01208e-06
856        1.00162e-06
864        9.8077e-07
872        9.86765e-07
880        9.93225e-07
888        9.99334e-07
896        1.00613e-06
904        1.01353e-06
912        1.03968e-06
920        1.03731e-06
928        1.04128e-06
936        1.05174e-06
944        1.01329e-06
952        1.0283e-06
960        1.0577e-06
968        1.05866e-06
976        1.11065e-06
984        1.53978e-06
992        1.95099e-06
1000       1.9581e-06
1008       1.92202e-06
1016       1.48634e-06
1024       1.00048e-06
1032       9.11299e-07
1040       9.10342e-07
1048       9.21409e-07
1056       9.20142e-07
1064       9.24751e-07
1072       9.28785e-07
1080       9.57605e-07
1088       1.0082e-06
1096       9.98818e-07
1104       9.86994e-07
1112       9.92004e-07
1120       1.003e-06 
1128       1.02374e-06
1136       1.07024e-06
1144       1.10184e-06
1152       1.05896e-06
1160       9.79125e-07
1168       9.28267e-07
1176       9.43267e-07
1184       9.65265e-07
1192       9.68593e-07
1200       9.66748e-07
1208       9.77082e-07
1216       1.01819e-06
1224       1.01979e-06
1232       1.0025e-06
1240       9.95443e-07
1248       9.68336e-07
1256       9.39067e-07
1264       9.06609e-07
1272       8.4467e-07
1280       8.35458e-07
1288       8.75234e-07
1296       8.94594e-07
1304       9.41617e-07
1312       9.59398e-07
1320       9.62959e-07
1328       9.9515e-07
1336       9.99113e-07
1344       9.3612e-07
1352       8.70912e-07
1360       8.30375e-07
1368       8.26119e-07
1376       8.20643e-07
1384       8.40512e-07
1392       8.78307e-07
1400       8.74834e-07
1408       8.56695e-07
1416       8.71262e-07
1424       9.01671e-07
1432       9.08968e-07
1440       8.86537e-07
1448       9.01216e-07
1456       8.83708e-07
1464       8.43326e-07
1472       8.38087e-07
1480       8.56627e-07
1488       8.74561e-07
1496       8.61977e-07
1504       8.59675e-07
1512       8.51833e-07
1520       8.59451e-07
1528       8.7796e-07
1536       8.66121e-07
1544       8.44583e-07
1552       8.46557e-07
1560       8.37009e-07
1568       8.49202e-07
1576       8.99289e-07
1584       9.59149e-07
1592       9.84496e-07
1600       9.48035e-07
1608       8.74076e-07
1616       8.07159e-07
1624       7.90788e-07
1632       8.4875e-07
1640       8.98395e-07
1648       8.90525e-07
1656       8.42031e-07
1664       7.64883e-07
1672       7.73946e-07
1680       8.57303e-07
1688       8.5866e-07
1696       8.45837e-07
1704       8.54625e-07
1712       8.49449e-07
1720       8.24269e-07
1728       7.79864e-07
1736       7.70735e-07
1744       8.29298e-07
1752       8.76119e-07
1760       8.79558e-07
1768       8.55519e-07
1776       7.97891e-07
1784       7.66947e-07
1792       7.58643e-07
1800       7.82486e-07
1808       8.02322e-07
1816       7.85582e-07
1824       7.43607e-07
1832       7.08268e-07
1840       7.25345e-07
1848       7.61837e-07
1856       8.30359e-07
1864       9.01321e-07
1872       9.09123e-07
1880       8.81597e-07
1888       8.57272e-07
1896       8.38837e-07
1904       8.25981e-07
1912       8.22083e-07
1920       8.14073e-07
1928       7.95081e-07
1936       7.60361e-07
1944       7.86507e-07
1952       8.25292e-07
1960       8.19734e-07
1968       8.26167e-07
1976       8.19455e-07
1984       7.97138e-07
1992       7.76791e-07
2000       7.79203e-07
2008       7.95319e-07
2016       7.70092e-07
2024       7.53822e-07
2032       7.44791e-07
2040       7.67999e-07
2048       8.16785e-07
2056       8.67091e-07
2064       8.78284e-07
2072       8.45341e-07
2080       8.2382e-07
2088       7.77414e-07
2096       7.6825e-07
2104       7.64004e-07
2112       7.92953e-07
2120       8.25832e-07
2128       8.43207e-07
2136       8.53948e-07
2144       8.46986e-07
2152       8.40276e-07
2160       8.40888e-07
2168       8.37124e-07
2176       8.41717e-07
2184       8.40387e-07
2192       8.43051e-07
2200       8.38515e-07
2208       7.99948e-07
2216       8.04121e-07
2224       8.03214e-07
2232       7.79613e-07
2240       7.52519e-07
2248       7.29218e-07
2256       7.43545e-07
2264       7.88169e-07
2272       8.2673e-07
2280       8.23141e-07
2288       8.01148e-07
2296       8.29324e-07
2304       8.39989e-07
2312       8.07689e-07
2320       7.59114e-07
2328       7.28268e-07
2336       7.11576e-07
2344       7.18944e-07
2352       7.87809e-07
2360       8.52137e-07
2368       8.80217e-07
2376       8.4261e-07
2384       7.66305e-07
2392       7.00021e-07
2400       6.69407e-07
2408       7.15088e-07
2416       7.46804e-07
2424       7.46976e-07
2432       7.31323e-07
2440       7.33851e-07
2448       7.35587e-07
2456       7.37166e-07
2464       7.61775e-07
2472       7.49518e-07
2480       7.55587e-07
2488       8.00337e-07
2496       8.22729e-07
2504       8.38161e-07
2512       8.24498e-07
2520       7.76496e-07
2528       7.44403e-07
2536       7.17742e-07
2544       7.0898e-07
2552       7.20634e-07
2560       7.11108e-07
2568       6.78896e-07
2576       6.82614e-07
2584       6.89424e-07
2592       7.07291e-07
2600       7.42382e-07
2608       7.98238e-07
2616       8.35141e-07
2624       8.48353e-07
2632       8.69424e-07
2640       8.74566e-07
2648       8.67411e-07
2656       8.35941e-07
2664       7.87154e-07
2672       8.02129e-07
2680       8.32651e-07
2688       8.07481e-07
2696       7.59447e-07
2704       7.07167e-07
2712       6.94144e-07
2720       6.88382e-07
2728       6.88533e-07
2736       7.04706e-07
2744       7.58235e-07
2752       8.02953e-07
2760       8.19058e-07
2768       8.31723e-07
2776       7.98566e-07
2784       7.46597e-07
2792       7.09919e-07
2800       7.10302e-07
2808       7.27966e-07
2816       7.60193e-07
2824       8.04034e-07
2832       8.07475e-07
2840       7.96913e-07
2848       7.63585e-07
2856       7.19253e-07
2864       7.31781e-07
2872       7.75791e-07
2880       8.20398e-07
2888       8.73125e-07
2896       8.69197e-07
2904       8.53959e-07
2912       8.4895e-07
2920       8.0763e-07
2928       7.91881e-07
2936       8.10116e-07
2944       7.80244e-07
2952       7.53991e-07
2960       7.5492e-07
2968       7.79044e-07
2976       7.91295e-07
2984       8.43839e-07
2992       9.36458e-07
3000       9.50966e-07
3008       9.39259e-07
3016       8.4245e-07
3024       7.49253e-07
3032       7.4069e-07
3040       7.6163e-07
3048       7.86897e-07
3056       7.68899e-07
3064       7.52751e-07
3072       7.33109e-07
3080       6.94525e-07
3088       6.74043e-07
3096       6.98818e-07
3104       7.72781e-07
3112       7.93165e-07
3120       7.51974e-07
3128       7.35622e-07
3136       7.19746e-07
3144       6.88546e-07
3152       6.9482e-07
3160       7.10278e-07
3168       7.09482e-07
3176       7.0473e-07
3184       7.4264e-07
3192       7.93091e-07
3200       8.3848e-07
3208       8.49607e-07
3216       8.07786e-07
3224       7.69568e-07
3232       7.55576e-07
3240       7.8351e-07
3248       8.13186e-07
3256       8.35627e-07
3264       8.63299e-07
3272       8.31897e-07
3280       7.81001e-07
3288       7.30571e-07
3296       7.10945e-07
3304       7.17395e-07
3312       7.16441e-07
3320       7.0422e-07
3328       6.78724e-07
3336       6.74854e-07
3344       6.61274e-07
3352       6.38364e-07
3360       6.91507e-07
3368       7.27831e-07
3376       7.45111e-07
3384       7.77803e-07
3392       7.86683e-07
3400       7.60113e-07
3408       7.58376e-07
3416       7.57829e-07
3424       7.77129e-07
3432       8.01639e-07
3440       7.90212e-07
3448       7.65599e-07
3456       7.4645e-07
3464       7.57334e-07
3472       7.51621e-07
3480       7.16422e-07
3488       6.60425e-07
3496       6.64871e-07
3504       7.0072e-07
3512       7.3043e-07
3520       7.52755e-07
3528       7.57223e-07
3536       7.51834e-07
3544       7.54393e-07
3552       7.96684e-07
3560       8.23646e-07
3568       8.14735e-07
3576       7.87161e-07
3584       7.57635e-07
3592       7.53732e-07
3600       7.42398e-07
3608       7.16578e-07
3616       7.0568e-07
3624       7.49643e-07
3632       7.47691e-07
3640       7.11897e-07
3648       6.94099e-07
3656       6.97712e-07
3664       6.89382e-07
3672       6.72248e-07
3680       6.83892e-07
3688       7.16117e-07
3696       7.49473e-07
3704       7.66395e-07
3712       7.65228e-07
3720       7.54854e-07
3728       7.19996e-07
3736       7.02321e-07
3744       7.30887e-07
3752       7.43731e-07
3760       7.20041e-07
3768       7.02896e-07
3776       7.39902e-07
3784       7.93535e-07
3792       8.00053e-07
3800       7.55733e-07
3808       7.10835e-07
3816       7.09321e-07
3824       7.13766e-07
3832       7.03379e-07
3840       7.07526e-07
3848       7.34997e-07
3856       7.56855e-07
3864       7.59479e-07
3872       7.4782e-07
3880       7.69373e-07
3888       7.89568e-07
3896       7.57848e-07
3904       7.17777e-07
3912       7.09153e-07
3920       6.95332e-07
3928       6.9516e-07
3936       7.16195e-07
3944       7.27177e-07
3952       7.1073e-07
3960       7.05831e-07
3968       7.04601e-07
3976       7.01275e-07
3984       6.99815e-07
3992       7.13697e-07
4000       7.41016e-07
4008       7.70843e-07
4016       7.5958e-07
4024       7.17975e-07
4032       6.90701e-07
4040       7.06953e-07
4048       7.49177e-07
4056       8.13696e-07
4064       8.5363e-07
4072       8.20629e-07
4080       7.54547e-07
4088       7.24354e-07
4096       7.26228e-07
4104       7.34759e-07
4112       7.53797e-07
4120       7.87848e-07
4128       8.06199e-07
4136       8.20529e-07
4144       8.17989e-07
4152       7.85725e-07
4160       7.40858e-07
4168       7.14423e-07
4176       7.55189e-07
4184       8.11017e-07
4192       8.34745e-07
4200       8.11033e-07
4208       7.55696e-07
4216       7.02571e-07
4224       6.94509e-07
4232       7.09237e-07
4240       7.19026e-07
4248       7.52888e-07
4256       7.85479e-07
4264       7.88646e-07
4272       7.54835e-07
4280       7.47514e-07
4288       7.81058e-07
4296       8.22054e-07
4304       8.30967e-07
4312       7.94473e-07
4320       7.70388e-07
4328       7.84694e-07
4336       8.1791e-07
4344       8.12375e-07
4352       7.65338e-07
4360       7.29187e-07
4368       7.08909e-07
4376       7.0738e-07
4384       7.17587e-07
4392       7.05473e-07
4400       6.99572e-07
4408       7.1602e-07
4416       7.33167e-07
4424       7.64199e-07
4432       7.96819e-07
4440       7.9337e-07
4448       7.54515e-07
4456       7.37342e-07
4464       7.33857e-07
4472       7.15531e-07
4480       6.84298e-07
4488       6.66356e-07
4496       6.98164e-07
4504       7.09855e-07
4512       7.02098e-07
4520       7.00727e-07
4528       7.10638e-07
4536       7.56373e-07
4544       7.89814e-07
4552       7.86741e-07
4560       7.76714e-07
4568       7.94608e-07
4576       7.95266e-07
4584       7.95426e-07
4592       8.38633e-07
4600       8.93699e-07
4608       8.63363e-07
4616       7.81745e-07
4624       7.18626e-07
4632       6.79562e-07
4640       6.85373e-07
4648       7.13804e-07
4656       7.24686e-07
4664       7.30101e-07
4672       7.30951e-07
4680       7.28654e-07
4688       7.40059e-07
4696       7.39646e-07
4704       7.43233e-07
4712       7.33264e-07
4720       7.38625e-07
4728       7.3198e-07
4736       7.22246e-07
4744       6.92822e-07
4752       6.91851e-07
4760       7.10826e-07
4768       7.04506e-07
4776       6.95517e-07
4784       7.02575e-07
4792       7.55727e-07
4800       8.03025e-07
4808       7.94736e-07
4816       7.3125e-07
4824       6.52503e-07
4832       6.26563e-07
4840       6.64668e-07
4848       7.05892e-07
4856       7.10786e-07
4864       6.9908e-07
4872       6.73487e-07
4880       6.81444e-07
4888       6.85186e-07
4896       6.64539e-07
4904       6.69155e-07
4912       6.88031e-07
4920       7.03336e-07
4928       6.98947e-07
4936       7.06127e-07
4944       7.26744e-07
4952       7.21303e-07
4960       7.25282e-07
4968       7.45401e-07
4976       7.36987e-07
4984       7.48247e-07
4992       7.97039e-07
5000       8.09535e-07
5008       8.1998e-07
5016       7.68506e-07
5024       7.0348e-07
5032       6.73706e-07
5040       6.78682e-07
5048       7.20566e-07
5056       7.81375e-07
5064       8.30871e-07
5072       8.44482e-07
5080       8.52182e-07
5088       8.52436e-07
5096       8.56944e-07
5104       8.45031e-07
5112       8.05124e-07
5120       7.74811e-07
5128       7.68543e-07
5136       8.00605e-07
5144       8.1545e-07
5152       8.05785e-07
5160       7.73183e-07
5168       7.40927e-07
5176       7.20407e-07
5184       7.03415e-07
5192       6.85747e-07
5200       7.19991e-07
5208       7.77218e-07
5216       7.69739e-07
5224       7.42046e-07
5232       7.31113e-07
5240       7.10244e-07
5248       7.06707e-07
5256       6.87536e-07
5264       6.85649e-07
5272       7.0444e-07
5280       6.82473e-07
5288       6.62504e-07
5296       6.95916e-07
5304       7.46261e-07
5312       7.08849e-07
5320       6.73819e-07
5328       6.96884e-07
5336       7.30427e-07
5344       7.32751e-07
5352       7.23131e-07
5360       7.06657e-07
5368       6.99537e-07
5376       7.23528e-07
5384       7.4467e-07
5392       7.4541e-07
5400       7.03467e-07
5408       6.54517e-07
5416       6.68172e-07
5424       7.22742e-07
5432       7.57861e-07
5440       7.43566e-07
5448       7.44014e-07
5456       7.33221e-07
5464       7.28978e-07
5472       7.27088e-07
5480       7.09614e-07
5488       6.87779e-07
5496       6.70832e-07
5504       6.79227e-07
5512       7.13065e-07
5520       7.29163e-07
5528       7.30579e-07
5536       7.3463e-07
5544       7.37381e-07
5552       7.66595e-07
5560       7.81731e-07
5568       7.4745e-07
5576       7.02074e-07
5584       6.94153e-07
5592       7.13674e-07
5600       7.2561e-07
5608       7.28205e-07
5616       7.50791e-07
5624       7.43206e-07
5632       7.02563e-07
5640       6.90618e-07
5648       7.1009e-07
5656       7.47933e-07
5664       7.65655e-07
5672       7.7313e-07
5680       7.57907e-07
5688       7.09665e-07
5696       6.64359e-07
5704       7.07504e-07
5712       7.77192e-07
5720       7.9113e-07
5728       7.69141e-07
5736       7.42434e-07
5744       7.04713e-07
5752       6.97335e-07
5760       7.31687e-07
5768       7.80185e-07
5776       8.06034e-07
5784       8.18574e-07
5792       7.81836e-07
5800       7.16792e-07
5808       6.93506e-07
5816       6.75134e-07
5824       6.41243e-07
5832       6.24672e-07
5840       6.17509e-07
5848       6.46213e-07
5856       7.12367e-07
5864       7.40043e-07
5872       7.46018e-07
5880       7.30928e-07
5888       7.02106e-07
5896       6.72694e-07
5904       6.64414e-07
5912       6.94761e-07
5920       7.27655e-07
5928       7.36598e-07
5936       7.27203e-07
5944       7.73648e-07
5952       8.41098e-07
5960       8.68837e-07
5968       8.43448e-07
5976       7.67733e-07
5984       7.31748e-07
5992       7.11005e-07
6000       6.96003e-07
6008       7.13384e-07
6016       7.50599e-07
6024       7.80566e-07
6032       7.85428e-07
6040       7.74716e-07
6048       7.29008e-07
6056       6.7558e-07
6064       6.53686e-07
6072       6.67012e-07
6080       6.7798e-07
6088       6.7689e-07
6096       7.07731e-07
6104       7.64427e-07
6112       8.0217e-07
6120       7.94334e-07
6128       7.67486e-07
6136       7.3034e-07
6144       7.0092e-07
6152       7.0408e-07
6160       7.16377e-07
6168       7.29729e-07
6176       6.65009e-07
6184       6.16867e-07
6192       6.57543e-07
6200       7.37785e-07
6208       7.49265e-07
6216       7.47255e-07
6224       7.48611e-07
6232       7.65129e-07
6240       7.77862e-07
6248       7.8147e-07
6256       7.63041e-07
6264       7.16551e-07
6272       6.62935e-07
6280       6.5188e-07
6288       6.97555e-07
6296       7.32577e-07
6304       7.45879e-07
6312       7.24256e-07
6320       6.85597e-07
6328       6.75589e-07
6336       6.63242e-07
6344       6.80066e-07
6352       7.02883e-07
6360       6.94242e-07
6368       6.90536e-07
6376       6.68654e-07
6384       6.6789e-07
6392       6.86427e-07
6400       7.11227e-07
6408       7.2674e-07
6416       7.81108e-07
6424       8.14161e-07
6432       8.16421e-07
6440       8.12778e-07
6448       8.18736e-07
6456       7.98229e-07
6464       7.50531e-07
6472       7.39308e-07
6480       7.85216e-07
6488       8.70252e-07
6496       9.00591e-07
6504       8.68646e-07
6512       8.38223e-07
6520       7.9329e-07
6528       7.47749e-07
6536       7.29738e-07
6544       7.08129e-07
6552       6.85792e-07
6560       7.00631e-07
6568       7.50348e-07
6576       7.7601e-07
6584       7.60632e-07
6592       7.47654e-07
6600       7.69992e-07
6608       7.8964e-07
6616       7.86127e-07
6624       7.82961e-07
6632       7.83944e-07
6640       7.43236e-07
6648       6.93345e-07
6656       6.80437e-07
6664       6.50649e-07
6672       6.79487e-07
6680       6.98078e-07
6688       7.04581e-07
6696       7.04505e-07
6704       6.86882e-07
6712       7.06182e-07
6720       7.27138e-07
6728       7.68933e-07
6736       7.90047e-07
6744       7.66678e-07
6752       7.76726e-07
6760       8.00574e-07
6768       7.91403e-07
6776       7.57144e-07
6784       7.37196e-07
6792       7.2578e-07
6800       7.1402e-07
6808       7.18733e-07
6816       7.29417e-07
6824       7.14958e-07
6832       7.07324e-07
6840       7.40666e-07
6848       7.75742e-07
6856       8.01868e-07
6864       8.07108e-07
6872       8.08638e-07
6880       7.96045e-07
6888       7.833e-07 
6896       7.71219e-07
6904       7.64394e-07
6912       7.56938e-07
6920       7.46654e-07
6928       7.58418e-07
6936       7.56344e-07
6944       7.38935e-07
6952       7.44474e-07
6960       7.41827e-07
6968       7.631e-07 
6976       7.88558e-07
6984       8.11229e-07
6992       8.17535e-07
7000       7.85141e-07
7008       7.49838e-07
7016       7.17127e-07
7024       7.17125e-07
7032       7.31631e-07
7040       7.24962e-07
7048       6.99411e-07
7056       7.17365e-07
7064       7.94736e-07
7072       8.5499e-07
7080       8.58384e-07
7088       8.20003e-07
7096       7.7635e-07
7104       6.99458e-07
7112       6.20228e-07
7120       5.94034e-07
7128       6.35521e-07
7136       6.95259e-07
7144       7.25194e-07
7152       7.13434e-07
7160       6.79642e-07
7168       6.68653e-07
7176       6.76313e-07
7184       6.94022e-07
7192       6.92484e-07
7200       6.90771e-07
7208       7.15896e-07
7216       7.32298e-07
7224       7.48121e-07
7232       7.8332e-07
7240       7.93295e-07
7248       7.70445e-07
7256       7.59136e-07
7264       7.55922e-07
7272       7.5833e-07
7280       7.63628e-07
7288       7.42648e-07
7296       7.38519e-07
7304       7.21383e-07
7312       6.95446e-07
7320       6.96606e-07
7328       7.28653e-07
7336       7.63744e-07
7344       8.01637e-07
7352       8.17803e-07
7360       8.15551e-07
7368       7.91098e-07
7376       7.77344e-07
7384       7.94049e-07
7392       7.95067e-07
7400       7.77583e-07
7408       7.21928e-07
7416       6.83708e-07
7424       7.14117e-07
7432       7.39647e-07
7440       7.52754e-07
7448       7.58346e-07
7456       7.46047e-07
7464       7.24311e-07
7472       7.04282e-07
7480       6.8164e-07
7488       6.7404e-07
7496       6.86022e-07
7504       6.82342e-07
7512       7.00957e-07
7520       7.46897e-07
7528       7.90518e-07
7536       8.26873e-07
7544       8.18604e-07
7552       7.72375e-07
7560       7.70836e-07
7568       7.85118e-07
7576       7.89644e-07
7584       7.86243e-07
7592       7.77597e-07
7600       7.63765e-07
7608       7.45938e-07
7616       7.59891e-07
7624       7.86701e-07
7632       8.33753e-07
7640       8.77211e-07
7648       8.8519e-07
7656       8.96324e-07
7664       8.77509e-07
7672       8.42324e-07
7680       8.19189e-07
7688       7.75018e-07
7696       7.21441e-07
7704       6.68076e-07
7712       6.69167e-07
7720       7.10408e-07
7728       7.35855e-07
7736       7.29255e-07
7744       7.2263e-07
7752       7.3107e-07
7760       7.22779e-07
7768       7.30837e-07
7776       7.4853e-07
7784       7.52061e-07
7792       7.22371e-07
7800       6.91253e-07
7808       7.18365e-07
7816       7.46315e-07
7824       7.0851e-07
7832       6.86042e-07
7840       7.15545e-07
7848       7.43085e-07
7856       7.6165e-07
7864       7.65799e-07
7872       7.30572e-07
7880       6.98422e-07
7888       6.90229e-07
7896       6.69445e-07
7904       6.98376e-07
7912       7.56508e-07
7920       7.7465e-07
7928       7.3252e-07
7936       6.90437e-07
7944       7.24969e-07
7952       7.96666e-07
7960       8.24703e-07
7968       8.06842e-07
7976       7.82179e-07
7984       7.82676e-07
7992       8.10914e-07
8000       8.09262e-07
8008       8.02727e-07
8016       7.97374e-07
8024       7.99889e-07
8032       7.90813e-07
8040       8.03988e-07
8048       8.645e-07 
8056       8.83589e-07
8064       8.2158e-07
8072       7.56146e-07
8080       7.24646e-07
8088       7.23856e-07
8096       7.72474e-07
8104       7.8558e-07
8112       7.25366e-07
8120       6.88217e-07
8128       7.04867e-07
8136       7.72778e-07
8144       8.20889e-07
8152       8.22414e-07
8160       7.58426e-07
8168       6.70679e-07
8176       6.29066e-07
8184       6.64567e-07
8192       7.35404e-07
8200       7.71529e-07
8208       7.56308e-07
8216       7.52333e-07
8224       7.95394e-07
8232       8.49043e-07
8240       8.36641e-07
8248       7.97987e-07
8256       7.93548e-07
8264       8.13398e-07
8272       8.15564e-07
8280       7.87198e-07
8288       7.7172e-07
8296       7.81753e-07
8304       8.13108e-07
8312       8.29218e-07
8320       8.39116e-07
8328       8.54661e-07
8336       8.63715e-07
8344       8.6519e-07
8352       8.53346e-07
8360       8.34482e-07
8368       7.7505e-07
8376       7.1886e-07
8384       7.17712e-07
8392       7.47605e-07
8400       7.84055e-07
8408       8.24502e-07
8416       8.28628e-07
8424       7.95732e-07
8432       7.99214e-07
8440       8.17442e-07
8448       8.05105e-07
8456       7.78603e-07
8464       7.96934e-07
8472       8.46393e-07
8480       8.93704e-07
8488       9.20946e-07
8496       8.98836e-07
8504       8.67896e-07
8512       8.51035e-07
8520       8.02335e-07
8528       7.54251e-07
8536       7.27446e-07
8544       7.47857e-07
8552       8.03722e-07
8560       8.54418e-07
8568       8.61968e-07
8576       8.26849e-07
8584       7.71637e-07
8592       7.51303e-07
8600       7.48366e-07
8608       7.35647e-07
8616       7.27283e-07
8624       7.25612e-07
8632       7.33772e-07
8640       7.79984e-07
8648       7.95499e-07
8656       7.81008e-07
8664       7.58137e-07
8672       7.35775e-07
8680       7.23942e-07
8688       7.65094e-07
8696       8.09269e-07
8704       8.08805e-07
8712       8.12421e-07
8720       8.43607e-07
8728       9.0545e-07
8736       8.93278e-07
8744       7.99475e-07
8752       7.245e-07 
8760       7.35394e-07
8768       7.96969e-07
8776       8.50543e-07
8784       8.46096e-07
8792       7.97313e-07
8800       7.85844e-07
8808       8.2628e-07
8816       8.70859e-07
8824       8.84665e-07
8832       8.60021e-07
8840       8.26059e-07
8848       8.14456e-07
8856       8.43384e-07
8864       8.76096e-07
8872       8.67967e-07
8880       8.32047e-07
8888       8.2862e-07
8896       8.77679e-07
8904       9.2205e-07
8912       9.34071e-07
8920       8.83909e-07
8928       8.10198e-07
8936       7.72769e-07
8944       7.5727e-07
8952       6.99017e-07
8960       6.75153e-07
8968       7.38088e-07
8976       7.93548e-07
8984       8.28254e-07
8992       8.54632e-07
9000       8.73064e-07
9008       8.67384e-07
9016       8.42206e-07
9024       8.31611e-07
9032       8.11451e-07
9040       7.97227e-07
9048       8.04675e-07
9056       8.01396e-07
9064       8.07238e-07
9072       8.25938e-07
9080       8.72942e-07
9088       8.87295e-07
9096       8.67476e-07
9104       8.51017e-07
9112       8.4961e-07
9120       8.94027e-07
9128       9.28817e-07
9136       9.24206e-07
9144       8.89796e-07
9152       8.67257e-07
9160       8.30596e-07
9168       8.08597e-07
9176       7.80385e-07
9184       7.76742e-07
9192       7.99374e-07
9200       8.06254e-07
9208       7.93336e-07
9216       7.87394e-07
9224       7.83241e-07
9232       7.93056e-07
9240       7.93352e-07
9248       8.08837e-07
9256       8.15333e-07
9264       7.9659e-07
9272       8.00315e-07
9280       8.45133e-07
9288       8.79354e-07
9296       8.20221e-07
9304       7.38563e-07
9312       7.08053e-07
9320       6.84223e-07
9328       6.72225e-07
9336       7.20655e-07
9344       7.57856e-07
9352       7.79403e-07
9360       7.84768e-07
9368       7.93949e-07
9376       7.96582e-07
9384       7.70217e-07
9392       7.61596e-07
9400       7.64901e-07
9408       7.68783e-07
9416       7.45921e-07
9424       7.18106e-07
9432       7.7151e-07
9440       8.24401e-07
9448       8.34852e-07
9456       8.02934e-07
9464       7.57159e-07
9472       7.48053e-07
9480       7.57558e-07
9488       7.77664e-07
9496       7.96743e-07
9504       8.10108e-07
9512       8.2244e-07
9520       7.98146e-07
9528       7.51067e-07
9536       7.27573e-07
9544       7.5418e-07
9552       7.89763e-07
9560       8.10612e-07
9568       8.24078e-07
9576       8.32515e-07
9584       7.92392e-07
9592       7.57309e-07
9600       7.89131e-07
9608       8.43819e-07
9616       8.49063e-07
9624       8.10912e-07
9632       8.00667e-07
9640       8.49329e-07
9648       8.74343e-07
9656       8.5472e-07
9664       8.14429e-07
9672       7.9235e-07
9680       8.30632e-07
9688       8.7165e-07
9696       8.98204e-07
9704       8.92868e-07
9712       8.54669e-07
9720       8.02374e-07
9728       7.92954e-07
9736       8.18013e-07
9744       7.82833e-07
9752       7.54522e-07
9760       7.66929e-07
9768       7.98551e-07
9776       8.07972e-07
9784       8.12273e-07
9792       7.99421e-07
9800       7.45297e-07
9808       6.9278e-07
9816       6.86974e-07
9824       7.46651e-07
9832       7.99386e-07
9840       7.78907e-07
9848       7.23679e-07
9856       7.21487e-07
9864       7.83366e-07
9872       8.43688e-07
9880       8.52693e-07
9888       8.14079e-07
9896       7.83328e-07
9904       7.83863e-07
9912       8.14835e-07
9920       8.55248e-07
9928       8.68031e-07
9936       8.27656e-07
9944       7.4736e-07
9952       7.07838e-07
9960       7.07644e-07
9968       7.18235e-07
9976       7.45965e-07
9984       7.34786e-07
9992       7.49617e-07
10000      7.97591e-07
10008      8.28902e-07
10016      8.33613e-07
10024      7.95858e-07
10032      7.81337e-07
10040      7.71293e-07
10048      7.79353e-07
10056      7.6424e-07
10064      7.42182e-07
10072      7.76923e-07
10080      8.02292e-07
10088      8.34657e-07
10096      8.34657e-07
10104      8.04699e-07
10112      7.94754e-07
10120      7.65275e-07
10128      7.16945e-07
10136      7.15731e-07
10144      7.50961e-07
10152      7.64164e-07
10160      7.49803e-07
10168      7.48071e-07
10176      7.25292e-07
10184      7.24435e-07
10192      7.35041e-07
10200      7.29193e-07
10208      7.45063e-07
10216      7.49124e-07
10224      7.70438e-07
10232      7.95656e-07
10240      8.13501e-07
10248      8.4822e-07
10256      8.10529e-07
10264      7.42993e-07
10272      6.92522e-07
10280      7.00118e-07
10288      7.43412e-07
10296      7.69461e-07
10304      8.0138e-07
10312      8.29105e-07
10320      8.20981e-07
10328      7.7769e-07
10336      7.34796e-07
10344      7.15445e-07
10352      6.94625e-07
10360      6.856e-07 
10368      7.14025e-07
10376      7.22771e-07
10384      7.168e-07 
10392      7.00598e-07
10400      6.79822e-07
10408      7.18082e-07
10416      7.97492e-07
10424      8.36122e-07
10432      8.35791e-07
10440      8.43144e-07
10448      8.45613e-07
10456      8.14855e-07
10464      7.63139e-07
10472      7.23462e-07
10480      7.1633e-07
10488      7.31117e-07
10496      7.65413e-07
10504      7.89811e-07
10512      7.649e-07 
10520      7.22622e-07
10528      7.10024e-07
10536      7.21536e-07
10544      7.40721e-07
10552      7.5432e-07
10560      7.94625e-07
10568      8.51466e-07
10576      8.56321e-07
10584      7.85974e-07
10592      7.31031e-07
10600      7.21794e-07
10608      7.5502e-07
10616      7.82888e-07
10624      7.76588e-07
10632      7.61436e-07
10640      7.53992e-07
10648      7.43415e-07
10656      7.56221e-07
10664      7.73458e-07
10672      8.19561e-07
10680      8.56617e-07
10688      8.56294e-07
10696      8.47277e-07
10704      7.99603e-07
10712      7.37395e-07
10720      7.0477e-07
10728      6.69587e-07
10736      6.8014e-07
10744      7.06215e-07
10752      6.64746e-07
10760      6.37435e-07
10768      6.51062e-07
10776      6.92841e-07
10784      7.22006e-07
10792      7.53096e-07
10800      7.72144e-07
10808      7.59511e-07
10816      7.68042e-07
10824      7.96305e-07
10832      7.97712e-07
10840      7.87195e-07
10848      7.42952e-07
10856      7.19027e-07
10864      7.1441e-07
10872      7.09913e-07
10880      7.22884e-07
10888      7.48799e-07
10896      7.58237e-07
10904      7.32251e-07
10912      7.05631e-07
10920      7.00122e-07
10928      6.93758e-07
10936      6.8957e-07
10944      7.07383e-07
10952      7.25101e-07
10960      7.51186e-07
10968      7.52987e-07
10976      7.38081e-07
10984      7.37101e-07
10992      7.25008e-07
11000      7.10866e-07
11008      7.37572e-07
11016      7.59287e-07
11024      7.48223e-07
11032      7.25995e-07
11040      7.07596e-07
11048      6.90486e-07
11056      7.0502e-07
11064      7.36733e-07
11072      7.40148e-07
11080      7.172e-07 
11088      7.14868e-07
11096      7.37077e-07
11104      7.39115e-07
11112      7.01883e-07
11120      6.84666e-07
11128      7.05462e-07
11136      7.11516e-07
11144      6.86553e-07
11152      6.75228e-07
11160      6.6698e-07
11168      6.84315e-07
11176      6.93962e-07
11184      6.85798e-07
11192      6.74847e-07
11200      6.36854e-07
11208      6.23314e-07
11216      6.50535e-07
11224      6.75614e-07
11232      7.32065e-07
11240      7.79076e-07
11248      7.70191e-07
11256      7.24624e-07
11264      6.89907e-07
11272      6.46466e-07
11280      6.24953e-07
11288      6.87301e-07
11296      7.57408e-07
11304      8.02637e-07
11312      8.08352e-07
11320      7.95897e-07
11328      7.45453e-07
11336      6.90346e-07
11344      6.77454e-07
11352      6.86454e-07
11360      6.70579e-07
11368      6.73003e-07
11376      6.749e-07 
11384      6.73025e-07
11392      6.78409e-07
11400      6.95851e-07
11408      7.43042e-07
11416      7.64564e-07
11424      7.45862e-07
11432      7.09247e-07
11440      7.02433e-07
11448      7.40901e-07
11456      7.75581e-07
11464      8.01723e-07
11472      8.10863e-07
11480      7.67661e-07
11488      6.99578e-07
11496      6.94925e-07
11504      6.85919e-07
11512      6.70979e-07
11520      6.50936e-07
11528      6.45917e-07
11536      6.74614e-07
11544      7.22076e-07
11552      7.50488e-07
11560      7.48951e-07
11568      7.26063e-07
11576      7.07354e-07
11584      7.2579e-07
11592      7.52729e-07
11600      7.48457e-07
11608      7.207e-07 
11616      6.98122e-07
11624      7.08075e-07
11632      7.44051e-07
11640      7.58681e-07
11648      7.38671e-07
11656      7.08635e-07
11664      7.23562e-07
11672      7.36509e-07
11680      7.45696e-07
11688      7.33656e-07
11696      7.36155e-07
11704      7.68612e-07
11712      7.56204e-07
11720      7.53414e-07
11728      7.78328e-07
11736      7.76938e-07
11744      7.51548e-07
11752      6.9391e-07
11760      6.29489e-07
11768      6.20136e-07
11776      6.75007e-07
11784      7.27208e-07
11792      7.30335e-07
11800      7.31885e-07
11808      7.28852e-07
11816      7.615e-07 
11824      7.86319e-07
11832      8.08056e-07
11840      7.91036e-07
11848      7.76093e-07
11856      7.52211e-07
11864      7.51556e-07
11872      7.68177e-07
11880      7.78388e-07
11888      7.88162e-07
11896      7.81673e-07
11904      7.587e-07 
11912      7.20852e-07
11920      6.92407e-07
11928      7.03984e-07
11936      7.44663e-07
11944      8.02521e-07
11952      8.13241e-07
11960      7.7234e-07
11968      7.02106e-07
11976      6.38484e-07
11984      6.15564e-07
11992      6.17834e-07
12000      6.47909e-07
12008      6.32231e-07
12016      6.64236e-07
12024      7.68218e-07
12032      8.3697e-07
12040      8.34665e-07
12048      7.88536e-07
12056      7.5974e-07
12064      7.74398e-07
12072      7.75156e-07
12080      7.3658e-07
12088      6.70918e-07
12096      6.33997e-07
12104      6.38278e-07
12112      6.50384e-07
12120      6.64498e-07
12128      6.86315e-07
12136      6.94172e-07
12144      7.10817e-07
12152      7.07384e-07
12160      7.2255e-07
12168      7.41714e-07
12176      7.45134e-07
12184      7.28849e-07
12192      7.18915e-07
12200      7.62067e-07
12208      8.09601e-07
12216      7.8077e-07
12224      7.05078e-07
12232      6.53589e-07
12240      6.48632e-07
12248      6.71197e-07
12256      6.97876e-07
12264      7.11558e-07
12272      7.16489e-07
12280      6.8453e-07
12288      6.59277e-07
12296      6.67395e-07
12304      6.58277e-07
12312      6.83287e-07
12320      7.25854e-07
12328      7.56431e-07
12336      7.85655e-07
12344      7.51397e-07
12352      7.15407e-07
12360      7.13757e-07
12368      7.20433e-07
12376      7.78062e-07
12384      8.10849e-07
12392      7.88222e-07
12400      7.50349e-07
12408      7.60854e-07
12416      8.22751e-07
12424      8.44382e-07
12432      8.14758e-07
12440      7.70788e-07
12448      7.67842e-07
12456      7.76382e-07
12464      7.61977e-07
12472      7.04279e-07
12480      6.80222e-07
12488      7.06396e-07
12496      7.46114e-07
12504      7.41696e-07
12512      7.04454e-07
12520      6.91123e-07
12528      7.16003e-07
12536      7.46738e-07
12544      7.54897e-07
12552      7.61694e-07
12560      7.48743e-07
12568      7.49156e-07
12576      7.51771e-07
12584      7.30955e-07
12592      6.8381e-07
12600      6.33438e-07
12608      6.26607e-07
12616      6.291e-07 
12624      6.54369e-07
12632      6.84357e-07
12640      7.09641e-07
12648      7.07374e-07
12656      6.92966e-07
12664      6.96717e-07
12672      7.09038e-07
12680      7.21544e-07
12688      6.79335e-07
12696      6.7769e-07
12704      7.25156e-07
12712      7.56563e-07
12720      7.3613e-07
12728      6.97706e-07
12736      6.8472e-07
12744      6.77347e-07
12752      6.88832e-07
12760      7.22851e-07
12768      7.82073e-07
12776      8.20363e-07
12784      8.17067e-07
12792      8.06499e-07
12800      7.86207e-07
