# Freq.    Mag.
0          0.000115954
0.0625     0.000112663
0.125      7.58069e-05
0.1875     2.30566e-05
0.25       1.97247e-06
0.3125     1.31475e-06
0.375      1.46059e-06
0.4375     1.5753e-06
0.5        1.50249e-06
0.5625     1.46737e-06
0.625      1.4464e-06
0.6875     1.34548e-06
0.75       1.22722e-06
0.8125     1.18006e-06
0.875      1.45928e-06
0.9375     1.749e-06 
1          1.67667e-06
1.0625     1.52279e-06
1.125      1.27259e-06
1.1875     1.23749e-06
1.25       1.311e-06 
1.3125     1.25423e-06
1.375      1.1717e-06
1.4375     1.13004e-06
1.5        1.05788e-06
1.5625     9.84864e-07
1.625      1.02791e-06
1.6875     1.16989e-06
1.75       1.24008e-06
1.8125     1.16931e-06
1.875      1.19451e-06
1.9375     1.35732e-06
2          1.47666e-06
2.0625     1.53982e-06
2.125      1.3678e-06
2.1875     1.16077e-06
2.25       1.10789e-06
2.3125     1.03236e-06
2.375      1.00217e-06
2.4375     1.15873e-06
2.5        1.20028e-06
2.5625     1.20057e-06
2.625      1.25387e-06
2.6875     1.19755e-06
2.75       1.20796e-06
2.8125     1.24656e-06
2.875      1.26034e-06
2.9375     1.1899e-06
3          1.13023e-06
3.0625     1.06062e-06
3.125      1.04442e-06
3.1875     1.16781e-06
3.25       1.21544e-06
3.3125     1.20662e-06
3.375      1.10938e-06
3.4375     1.00787e-06
3.5        1.07717e-06
3.5625     1.21829e-06
3.625      1.23919e-06
3.6875     1.18671e-06
3.75       1.16959e-06
3.8125     1.14829e-06
3.875      1.18934e-06
3.9375     1.35277e-06
4          1.45924e-06
4.0625     1.61125e-06
4.125      1.61852e-06
4.1875     1.44721e-06
4.25       1.31788e-06
4.3125     1.24698e-06
4.375      1.16195e-06
4.4375     1.07292e-06
4.5        1.1012e-06
4.5625     1.19355e-06
4.625      1.22062e-06
4.6875     1.17985e-06
4.75       1.21481e-06
4.8125     1.28861e-06
4.875      1.38141e-06
4.9375     1.34569e-06
5          1.3894e-06
5.0625     1.48792e-06
5.125      1.50261e-06
5.1875     1.47512e-06
5.25       1.24156e-06
5.3125     1.09409e-06
5.375      1.17462e-06
5.4375     1.17861e-06
5.5        1.13051e-06
5.5625     1.17122e-06
5.625      1.17469e-06
5.6875     1.13915e-06
5.75       1.12435e-06
5.8125     1.16625e-06
5.875      1.22497e-06
5.9375     1.20818e-06
6          1.17386e-06
6.0625     1.15224e-06
6.125      1.13129e-06
6.1875     1.11977e-06
6.25       1.11528e-06
6.3125     1.09411e-06
6.375      1.08342e-06
6.4375     1.05918e-06
6.5        1.06974e-06
6.5625     1.12399e-06
6.625      1.12365e-06
6.6875     1.05871e-06
6.75       1.01913e-06
6.8125     1.07603e-06
6.875      1.18094e-06
6.9375     1.22412e-06
7          1.1652e-06
7.0625     1.05545e-06
7.125      1.01526e-06
7.1875     1.04098e-06
7.25       1.10834e-06
7.3125     1.15257e-06
7.375      1.0564e-06
7.4375     9.08351e-07
7.5        8.99303e-07
7.5625     1.14432e-06
7.625      1.28776e-06
7.6875     1.30814e-06
7.75       1.25506e-06
7.8125     1.20819e-06
7.875      1.41774e-06
7.9375     1.61361e-06
8          1.67913e-06
8.0625     1.57913e-06
8.125      1.26935e-06
8.1875     9.90022e-07
8.25       9.53896e-07
8.3125     1.08844e-06
8.375      1.23485e-06
8.4375     1.34329e-06
8.5        1.42089e-06
8.5625     1.37842e-06
8.625      1.18313e-06
8.6875     1.03611e-06
8.75       1.05175e-06
8.8125     1.20044e-06
8.875      1.30073e-06
8.9375     1.25341e-06
9          1.17324e-06
9.0625     1.16037e-06
9.125      1.12568e-06
9.1875     1.10881e-06
9.25       1.09149e-06
9.3125     1.00811e-06
9.375      9.72377e-07
9.4375     9.59204e-07
9.5        9.69419e-07
9.5625     1.01562e-06
9.625      1.14111e-06
9.6875     1.19404e-06
9.75       1.15873e-06
9.8125     1.14909e-06
9.875      1.30004e-06
9.9375     1.3919e-06
10         1.40637e-06
10.0625    1.35339e-06
10.125     1.24058e-06
10.1875    1.15174e-06
10.25      1.13143e-06
10.3125    1.21472e-06
10.375     1.27555e-06
10.4375    1.30601e-06
10.5       1.27614e-06
10.5625    1.20634e-06
10.625     1.14736e-06
10.6875    1.17021e-06
10.75      1.2302e-06
10.8125    1.26962e-06
10.875     1.30021e-06
10.9375    1.3496e-06
11         1.38521e-06
11.0625    1.40153e-06
11.125     1.33249e-06
11.1875    1.16851e-06
11.25      1.04186e-06
11.3125    1.01851e-06
11.375     1.02213e-06
11.4375    9.71137e-07
11.5       9.29841e-07
11.5625    9.83484e-07
11.625     1.07208e-06
11.6875    1.15174e-06
11.75      1.13258e-06
11.8125    1.10975e-06
11.875     1.12052e-06
11.9375    1.17465e-06
12         1.32191e-06
12.0625    1.39467e-06
12.125     1.32004e-06
12.1875    1.22871e-06
12.25      1.14344e-06
12.3125    1.09295e-06
12.375     1.06908e-06
12.4375    1.11612e-06
12.5       1.0969e-06
12.5625    1.06345e-06
12.625     1.12927e-06
12.6875    1.29423e-06
12.75      1.39136e-06
12.8125    1.43217e-06
12.875     1.3516e-06
12.9375    1.18851e-06
13         1.18575e-06
13.0625    1.20369e-06
13.125     1.23863e-06
13.1875    1.2109e-06
13.25      1.20047e-06
13.3125    1.21815e-06
13.375     1.17483e-06
13.4375    1.15458e-06
13.5       1.18049e-06
13.5625    1.2007e-06
13.625     1.2643e-06
13.6875    1.32914e-06
13.75      1.38459e-06
13.8125    1.38824e-06
13.875     1.2698e-06
13.9375    1.09087e-06
14         9.90014e-07
14.0625    1.02128e-06
14.125     1.09476e-06
14.1875    1.11076e-06
14.25      1.07905e-06
14.3125    1.01441e-06
14.375     1.01376e-06
14.4375    1.00019e-06
14.5       8.66879e-07
14.5625    7.54364e-07
14.625     7.71663e-07
14.6875    9.33481e-07
14.75      1.05262e-06
14.8125    1.12761e-06
14.875     1.14631e-06
14.9375    1.21247e-06
15         1.26549e-06
15.0625    1.19873e-06
15.125     1.15244e-06
15.1875    1.19028e-06
15.25      1.26794e-06
15.3125    1.27132e-06
15.375     1.2627e-06
15.4375    1.18784e-06
15.5       1.1377e-06
15.5625    1.14124e-06
15.625     1.17246e-06
15.6875    1.16954e-06
15.75      1.1918e-06
15.8125    1.24615e-06
15.875     1.30464e-06
15.9375    1.29507e-06
16         1.30153e-06
16.0625    1.3479e-06
16.125     1.1729e-06
16.1875    1.05274e-06
16.25      1.11822e-06
16.3125    1.19873e-06
16.375     1.23733e-06
16.4375    1.2354e-06
16.5       1.2503e-06
16.5625    1.26942e-06
16.625     1.22306e-06
16.6875    1.15168e-06
16.75      1.12729e-06
16.8125    1.13442e-06
16.875     1.13747e-06
16.9375    1.11105e-06
17         1.09055e-06
17.0625    1.10621e-06
17.125     1.12746e-06
17.1875    1.19285e-06
17.25      1.2195e-06
17.3125    1.19326e-06
17.375     1.20447e-06
17.4375    1.14595e-06
17.5       1.12437e-06
17.5625    1.13416e-06
17.625     1.15598e-06
17.6875    1.0952e-06
17.75      1.01168e-06
17.8125    9.64457e-07
17.875     9.6562e-07
17.9375    1.09368e-06
18         1.14615e-06
18.0625    1.19283e-06
18.125     1.19176e-06
18.1875    1.18852e-06
18.25      1.1767e-06
18.3125    1.1403e-06
18.375     1.10518e-06
18.4375    1.0586e-06
18.5       1.03654e-06
18.5625    1.06754e-06
18.625     1.11867e-06
18.6875    1.15362e-06
18.75      1.17566e-06
18.8125    1.18539e-06
18.875     1.20411e-06
18.9375    1.14998e-06
19         1.1094e-06
19.0625    1.13921e-06
19.125     1.12157e-06
19.1875    1.10705e-06
19.25      1.13263e-06
19.3125    1.15094e-06
19.375     1.18978e-06
19.4375    1.23754e-06
19.5       1.14788e-06
19.5625    1.09353e-06
19.625     1.2158e-06
19.6875    1.38175e-06
19.75      1.38651e-06
19.8125    1.31053e-06
19.875     1.31425e-06
19.9375    1.39822e-06
20         1.48952e-06
20.0625    1.39514e-06
20.125     1.20827e-06
20.1875    1.12386e-06
20.25      1.11415e-06
20.3125    1.15401e-06
20.375     1.20221e-06
20.4375    1.25663e-06
20.5       1.39404e-06
20.5625    1.44337e-06
20.625     1.44147e-06
20.6875    1.42656e-06
20.75      1.31564e-06
20.8125    1.27788e-06
20.875     1.24906e-06
20.9375    1.17191e-06
21         1.12349e-06
21.0625    1.11798e-06
21.125     1.16426e-06
21.1875    1.22516e-06
21.25      1.22177e-06
21.3125    1.15044e-06
21.375     1.09236e-06
21.4375    9.85235e-07
21.5       9.31649e-07
21.5625    1.02154e-06
21.625     1.09438e-06
21.6875    1.10949e-06
21.75      1.05607e-06
21.8125    9.67678e-07
21.875     9.33849e-07
21.9375    9.37674e-07
22         9.95493e-07
22.0625    1.02634e-06
22.125     1.01954e-06
22.1875    1.00983e-06
22.25      1.02675e-06
22.3125    1.05156e-06
22.375     1.12962e-06
22.4375    1.24948e-06
22.5       1.27302e-06
22.5625    1.26249e-06
22.625     1.30501e-06
22.6875    1.24444e-06
22.75      1.14418e-06
22.8125    1.04213e-06
22.875     9.53825e-07
22.9375    9.94693e-07
23         1.04749e-06
23.0625    1.02193e-06
23.125     1.03832e-06
23.1875    1.05369e-06
23.25      1.07629e-06
23.3125    1.08228e-06
23.375     1.09841e-06
23.4375    1.09121e-06
23.5       1.03807e-06
23.5625    1.03332e-06
23.625     1.12601e-06
23.6875    1.22574e-06
23.75      1.24568e-06
23.8125    1.17773e-06
23.875     1.10733e-06
23.9375    1.0779e-06
24         1.08135e-06
24.0625    1.09478e-06
24.125     1.12721e-06
24.1875    1.1495e-06
24.25      1.11273e-06
24.3125    1.05591e-06
24.375     1.01789e-06
24.4375    1.05576e-06
24.5       1.06679e-06
24.5625    1.03089e-06
24.625     1.08043e-06
24.6875    1.13354e-06
24.75      1.09555e-06
24.8125    1.09713e-06
24.875     1.16673e-06
24.9375    1.15798e-06
25         1.08976e-06
25.0625    1.02005e-06
25.125     1.02489e-06
25.1875    1.10943e-06
25.25      1.17998e-06
25.3125    1.13561e-06
25.375     1.06874e-06
25.4375    1.18355e-06
25.5       1.27675e-06
25.5625    1.2702e-06
25.625     1.23195e-06
25.6875    1.14319e-06
25.75      1.25282e-06
25.8125    1.38295e-06
25.875     1.42009e-06
25.9375    1.33705e-06
26         1.22364e-06
26.0625    1.12853e-06
26.125     1.04571e-06
26.1875    1.01955e-06
26.25      9.77321e-07
26.3125    9.91778e-07
26.375     1.07835e-06
26.4375    1.14535e-06
26.5       1.16742e-06
26.5625    1.11701e-06
26.625     1.06327e-06
26.6875    1.0218e-06
26.75      9.90115e-07
26.8125    9.72428e-07
26.875     1.02861e-06
26.9375    1.07317e-06
27         1.0742e-06
27.0625    1.03319e-06
27.125     1.00295e-06
27.1875    1.04458e-06
27.25      1.20141e-06
27.3125    1.32399e-06
27.375     1.32502e-06
27.4375    1.28121e-06
27.5       1.26351e-06
27.5625    1.28187e-06
27.625     1.26376e-06
27.6875    1.16581e-06
27.75      1.05448e-06
27.8125    1.08268e-06
27.875     1.17454e-06
27.9375    1.14982e-06
28         1.11673e-06
28.0625    1.14675e-06
28.125     1.16949e-06
28.1875    1.22668e-06
28.25      1.30434e-06
28.3125    1.28602e-06
28.375     1.20081e-06
28.4375    1.07868e-06
28.5       1.03089e-06
28.5625    1.03215e-06
28.625     1.08542e-06
28.6875    1.16727e-06
28.75      1.23167e-06
28.8125    1.24844e-06
28.875     1.20823e-06
28.9375    1.15041e-06
29         1.20483e-06
29.0625    1.32015e-06
29.125     1.38585e-06
29.1875    1.4324e-06
29.25      1.32611e-06
29.3125    1.19121e-06
29.375     1.11252e-06
29.4375    1.05834e-06
29.5       1.04941e-06
29.5625    9.89488e-07
29.625     9.34364e-07
29.6875    9.64768e-07
29.75      1.06759e-06
29.8125    1.12777e-06
29.875     1.20215e-06
29.9375    1.25401e-06
30         1.27895e-06
30.0625    1.24835e-06
30.125     1.18474e-06
30.1875    1.10189e-06
30.25      1.0287e-06
30.3125    1.12344e-06
30.375     1.20461e-06
30.4375    1.22768e-06
30.5       1.21129e-06
30.5625    1.26507e-06
30.625     1.29934e-06
30.6875    1.24642e-06
30.75      1.19704e-06
30.8125    1.15708e-06
30.875     1.13861e-06
30.9375    1.06154e-06
31         9.98591e-07
31.0625    9.83391e-07
31.125     1.04526e-06
31.1875    1.06965e-06
31.25      1.06237e-06
31.3125    1.13226e-06
31.375     1.16485e-06
31.4375    1.19299e-06
31.5       1.19817e-06
31.5625    1.1263e-06
31.625     1.05707e-06
31.6875    1.051e-06 
31.75      1.11212e-06
31.8125    1.127e-06 
31.875     1.20844e-06
31.9375    1.34867e-06
32         1.40106e-06
32.0625    1.40635e-06
32.125     1.24277e-06
32.1875    1.09382e-06
32.25      1.00846e-06
32.3125    9.77423e-07
32.375     9.2537e-07
32.4375    9.11372e-07
32.5       9.90934e-07
32.5625    1.04374e-06
32.625     1.02157e-06
32.6875    1.02502e-06
32.75      1.02758e-06
32.8125    1.00513e-06
32.875     1.09081e-06
32.9375    1.15194e-06
33         1.1438e-06
33.0625    1.13103e-06
33.125     1.1546e-06
33.1875    1.11172e-06
33.25      1.06145e-06
33.3125    1.02849e-06
33.375     1.00721e-06
33.4375    1.11272e-06
33.5       1.23688e-06
33.5625    1.26179e-06
33.625     1.23164e-06
33.6875    1.18604e-06
33.75      1.14789e-06
33.8125    1.07955e-06
33.875     1.01836e-06
33.9375    1.07039e-06
34         1.12893e-06
34.0625    1.10958e-06
34.125     1.05899e-06
34.1875    1.07305e-06
34.25      1.13717e-06
34.3125    1.18884e-06
34.375     1.22434e-06
34.4375    1.21583e-06
34.5       1.16211e-06
34.5625    1.07153e-06
34.625     9.98927e-07
34.6875    9.74954e-07
34.75      1.07094e-06
34.8125    1.10839e-06
34.875     1.07086e-06
34.9375    1.05897e-06
35         1.01388e-06
35.0625    1.00836e-06
35.125     9.70751e-07
35.1875    9.10867e-07
35.25      8.80434e-07
35.3125    9.76381e-07
35.375     1.11265e-06
35.4375    1.21079e-06
35.5       1.22913e-06
35.5625    1.17796e-06
35.625     1.16963e-06
35.6875    1.21444e-06
35.75      1.19286e-06
35.8125    1.14742e-06
35.875     9.87189e-07
35.9375    9.25008e-07
36         1.02592e-06
36.0625    1.08624e-06
36.125     1.09638e-06
36.1875    1.08636e-06
36.25      1.02628e-06
36.3125    1.03486e-06
36.375     1.11141e-06
36.4375    1.13582e-06
36.5       1.11241e-06
36.5625    1.03679e-06
36.625     1.03387e-06
36.6875    1.11288e-06
36.75      1.09769e-06
36.8125    1.05155e-06
36.875     1.07167e-06
36.9375    1.17858e-06
37         1.26052e-06
37.0625    1.25828e-06
37.125     1.23086e-06
37.1875    1.11834e-06
37.25      1.06038e-06
37.3125    1.0636e-06
37.375     1.11537e-06
37.4375    1.21996e-06
37.5       1.25889e-06
37.5625    1.18321e-06
37.625     1.1134e-06
37.6875    1.10774e-06
37.75      1.14943e-06
37.8125    1.13607e-06
37.875     1.06752e-06
37.9375    1.02211e-06
38         1.0239e-06
38.0625    1.06832e-06
38.125     1.15726e-06
38.1875    1.21718e-06
38.25      1.20736e-06
38.3125    1.17567e-06
38.375     1.14479e-06
38.4375    1.09606e-06
38.5       1.0377e-06
38.5625    9.1312e-07
38.625     8.69612e-07
38.6875    9.55255e-07
38.75      1.04079e-06
38.8125    1.14241e-06
38.875     1.16967e-06
38.9375    1.15475e-06
39         1.17131e-06
39.0625    1.20404e-06
39.125     1.19008e-06
39.1875    7.8232e-06
39.25      5.41269e-05
39.3125    0.000130389
39.375     0.000162796
39.4375    0.000163481
39.5       0.000148348
39.5625    8.04148e-05
39.625     1.74524e-05
39.6875    1.23546e-06
39.75      1.13649e-06
39.8125    1.1363e-06
39.875     1.10624e-06
39.9375    1.05753e-06
40         9.82826e-07
40.0625    1.03804e-06
40.125     1.13612e-06
40.1875    1.18293e-06
40.25      1.19398e-06
40.3125    1.17052e-06
40.375     1.16379e-06
40.4375    1.17115e-06
40.5       1.15499e-06
40.5625    1.13519e-06
40.625     1.11764e-06
40.6875    1.01253e-06
40.75      1.02265e-06
40.8125    1.08479e-06
40.875     1.2072e-06
40.9375    1.28135e-06
41         1.18643e-06
41.0625    1.07464e-06
41.125     1.02126e-06
41.1875    9.94687e-07
41.25      1.03545e-06
41.3125    1.09021e-06
41.375     1.06212e-06
41.4375    1.08353e-06
41.5       1.11104e-06
41.5625    1.10695e-06
41.625     1.03925e-06
41.6875    9.47858e-07
41.75      9.44607e-07
41.8125    1.03657e-06
41.875     1.09022e-06
41.9375    1.03453e-06
42         9.98529e-07
42.0625    1.04726e-06
42.125     1.16574e-06
42.1875    1.24416e-06
42.25      1.21446e-06
42.3125    1.1638e-06
42.375     1.14489e-06
42.4375    1.17919e-06
42.5       1.22514e-06
42.5625    1.21652e-06
42.625     1.18551e-06
42.6875    1.1585e-06
42.75      1.16063e-06
42.8125    1.12214e-06
42.875     1.00988e-06
42.9375    9.02221e-07
43         8.74175e-07
43.0625    9.40425e-07
43.125     1.03688e-06
43.1875    1.12074e-06
43.25      1.14629e-06
43.3125    1.22657e-06
43.375     1.22189e-06
43.4375    1.14693e-06
43.5       1.07987e-06
43.5625    1.0028e-06
43.625     9.52527e-07
43.6875    9.27297e-07
43.75      9.8718e-07
43.8125    1.04945e-06
43.875     1.07696e-06
43.9375    1.0925e-06
44         1.07692e-06
44.0625    1.06569e-06
44.125     1.01034e-06
44.1875    9.72578e-07
44.25      9.69348e-07
44.3125    1.02758e-06
44.375     1.14397e-06
44.4375    1.21877e-06
44.5       1.20917e-06
44.5625    1.15538e-06
44.625     1.07201e-06
44.6875    9.56525e-07
44.75      8.8032e-07
44.8125    9.55028e-07
44.875     1.06355e-06
44.9375    1.08677e-06
45         1.06675e-06
45.0625    1.06009e-06
45.125     1.05198e-06
45.1875    1.07257e-06
45.25      1.11653e-06
45.3125    1.12416e-06
45.375     1.04058e-06
45.4375    9.37206e-07
45.5       9.21205e-07
45.5625    9.55715e-07
45.625     1.02855e-06
45.6875    1.1068e-06
45.75      1.17245e-06
45.8125    1.13517e-06
45.875     1.07344e-06
45.9375    1.05529e-06
46         1.06358e-06
46.0625    1.08746e-06
46.125     1.11891e-06
46.1875    1.19292e-06
46.25      1.20116e-06
46.3125    1.15868e-06
46.375     1.13246e-06
46.4375    1.18286e-06
46.5       1.24575e-06
46.5625    1.29388e-06
46.625     1.33081e-06
46.6875    1.25113e-06
46.75      1.05941e-06
46.8125    8.83238e-07
46.875     8.43519e-07
46.9375    9.3854e-07
47         1.0877e-06
47.0625    1.15743e-06
47.125     1.1594e-06
47.1875    1.16654e-06
47.25      1.1476e-06
47.3125    1.11487e-06
47.375     1.08293e-06
47.4375    1.08724e-06
47.5       1.13022e-06
47.5625    1.13423e-06
47.625     1.12879e-06
47.6875    1.10758e-06
47.75      1.0663e-06
47.8125    1.01937e-06
47.875     9.86253e-07
47.9375    9.83551e-07
48         9.83266e-07
48.0625    1.0127e-06
48.125     1.01843e-06
48.1875    1.0575e-06
48.25      1.0676e-06
48.3125    1.05634e-06
48.375     1.00888e-06
48.4375    1.00265e-06
48.5       1.05619e-06
48.5625    1.11248e-06
48.625     1.10867e-06
48.6875    1.01248e-06
48.75      9.7172e-07
48.8125    9.3134e-07
48.875     9.15592e-07
48.9375    9.31726e-07
49         9.14332e-07
49.0625    8.93494e-07
49.125     9.0577e-07
49.1875    9.45066e-07
49.25      9.47195e-07
49.3125    9.67127e-07
49.375     9.54491e-07
49.4375    1.08629e-06
49.5       1.58374e-06
49.5625    2.31276e-06
49.625     2.98122e-06
49.6875    3.33826e-06
49.75      3.38532e-06
49.8125    3.2853e-06
49.875     3.22459e-06
49.9375    3.50117e-06
50         3.77257e-06
50.0625    3.84629e-06
50.125     3.73665e-06
50.1875    3.43386e-06
50.25      3.06361e-06
50.3125    2.71896e-06
50.375     2.18167e-06
50.4375    1.87035e-06
50.5       1.6768e-06
50.5625    1.45686e-06
50.625     1.21723e-06
50.6875    1.08986e-06
50.75      1.11824e-06
50.8125    1.1491e-06
50.875     1.17089e-06
50.9375    1.19106e-06
51         1.13006e-06
51.0625    1.11779e-06
51.125     1.12755e-06
51.1875    1.14006e-06
51.25      1.13576e-06
51.3125    1.03539e-06
51.375     9.88424e-07
51.4375    9.90122e-07
51.5       1.0049e-06
51.5625    1.09372e-06
51.625     1.18555e-06
51.6875    1.25569e-06
51.75      1.20295e-06
51.8125    1.06953e-06
51.875     1.08856e-06
51.9375    1.13004e-06
52         1.09955e-06
52.0625    1.08869e-06
52.125     1.0624e-06
52.1875    1.06072e-06
52.25      1.09838e-06
52.3125    1.08786e-06
52.375     1.02731e-06
52.4375    9.87292e-07
52.5       1.02934e-06
52.5625    1.13745e-06
52.625     1.16063e-06
52.6875    1.10271e-06
52.75      1.0287e-06
52.8125    1.04154e-06
52.875     1.16262e-06
52.9375    1.22051e-06
53         1.1861e-06
53.0625    1.07752e-06
53.125     9.26414e-07
53.1875    8.7909e-07
53.25      9.42305e-07
53.3125    1.04988e-06
53.375     1.09811e-06
53.4375    1.09666e-06
53.5       1.06445e-06
53.5625    1.06911e-06
53.625     1.01999e-06
53.6875    1.02451e-06
53.75      1.13268e-06
53.8125    1.20753e-06
53.875     1.19636e-06
53.9375    1.14908e-06
54         1.05179e-06
54.0625    9.28652e-07
54.125     9.10474e-07
54.1875    1.04008e-06
54.25      1.16129e-06
54.3125    1.20052e-06
54.375     1.19928e-06
54.4375    1.18494e-06
54.5       1.18618e-06
54.5625    1.19418e-06
54.625     1.1453e-06
54.6875    1.09748e-06
54.75      1.06983e-06
54.8125    1.04204e-06
54.875     1.00899e-06
54.9375    1.06704e-06
55         1.18711e-06
55.0625    1.21641e-06
55.125     1.22072e-06
55.1875    1.14187e-06
55.25      1.0442e-06
55.3125    9.69382e-07
55.375     1.03644e-06
55.4375    1.15413e-06
55.5       1.20689e-06
55.5625    1.15478e-06
55.625     1.03441e-06
55.6875    9.99755e-07
55.75      9.62745e-07
55.8125    9.64537e-07
55.875     9.6902e-07
55.9375    9.85058e-07
56         1.05249e-06
56.0625    1.11248e-06
56.125     1.14248e-06
56.1875    1.17136e-06
56.25      1.08674e-06
56.3125    9.9131e-07
56.375     1.00626e-06
56.4375    1.04338e-06
56.5       1.09252e-06
56.5625    1.11186e-06
56.625     1.05968e-06
56.6875    9.78556e-07
56.75      9.14557e-07
56.8125    9.32621e-07
56.875     1.03046e-06
56.9375    1.0727e-06
57         1.05152e-06
57.0625    9.47456e-07
57.125     9.38702e-07
57.1875    1.06115e-06
57.25      1.10321e-06
57.3125    1.11327e-06
57.375     1.11469e-06
57.4375    1.15359e-06
57.5       1.09878e-06
57.5625    9.55746e-07
57.625     9.28341e-07
57.6875    9.23493e-07
57.75      9.14831e-07
57.8125    9.20329e-07
57.875     9.05591e-07
57.9375    9.37701e-07
58         9.55652e-07
58.0625    1.03114e-06
58.125     1.17492e-06
58.1875    1.28056e-06
58.25      1.22984e-06
58.3125    1.13229e-06
58.375     1.08879e-06
58.4375    1.07634e-06
58.5       1.08128e-06
58.5625    1.01298e-06
58.625     9.66695e-07
58.6875    9.98204e-07
58.75      1.03227e-06
58.8125    1.06174e-06
58.875     1.08794e-06
58.9375    1.14112e-06
59         1.17378e-06
59.0625    1.20411e-06
59.125     1.1885e-06
59.1875    1.14894e-06
59.25      1.10191e-06
59.3125    1.02521e-06
59.375     1.05492e-06
59.4375    1.06452e-06
59.5       1.10429e-06
59.5625    1.2146e-06
59.625     1.3117e-06
59.6875    1.41687e-06
59.75      1.39234e-06
59.8125    2.64618e-06
59.875     8.01013e-06
59.9375    1.25825e-05
60         1.31952e-05
60.0625    1.28908e-05
60.125     9.37838e-06
60.1875    3.51874e-06
60.25      1.26344e-06
60.3125    1.10353e-06
60.375     1.00732e-06
60.4375    9.83145e-07
60.5       1.00653e-06
60.5625    1.03275e-06
60.625     1.03087e-06
60.6875    1.00762e-06
60.75      1.05488e-06
60.8125    1.09804e-06
60.875     1.08247e-06
60.9375    1.06446e-06
61         9.80492e-07
61.0625    9.073e-07 
61.125     9.00533e-07
61.1875    9.4288e-07
61.25      1.05541e-06
61.3125    1.11226e-06
61.375     1.09195e-06
61.4375    1.10833e-06
61.5       1.15209e-06
61.5625    1.20038e-06
61.625     1.18711e-06
61.6875    1.17425e-06
61.75      1.10029e-06
61.8125    1.0415e-06
61.875     1.07249e-06
61.9375    1.10166e-06
62         1.17708e-06
62.0625    1.20854e-06
62.125     1.20813e-06
62.1875    1.14774e-06
62.25      1.06989e-06
62.3125    1.05599e-06
62.375     1.03835e-06
62.4375    1.02008e-06
62.5       9.44832e-07
62.5625    9.6185e-07
62.625     1.12785e-06
62.6875    1.2376e-06
62.75      1.18644e-06
62.8125    1.08751e-06
62.875     1.08398e-06
62.9375    1.05794e-06
63         1.05683e-06
63.0625    1.03925e-06
63.125     1.03721e-06
63.1875    1.11707e-06
63.25      1.22554e-06
63.3125    1.32518e-06
63.375     1.28633e-06
63.4375    1.16728e-06
63.5       1.03723e-06
63.5625    1.03947e-06
63.625     1.06894e-06
63.6875    1.06623e-06
63.75      1.04464e-06
63.8125    1.02815e-06
63.875     1.07026e-06
63.9375    1.12623e-06
64         1.10773e-06
64.0625    1.15826e-06
64.125     1.17273e-06
64.1875    1.11517e-06
64.25      9.89982e-07
64.3125    8.92133e-07
64.375     8.80826e-07
64.4375    9.65066e-07
64.5       1.07724e-06
64.5625    1.12043e-06
64.625     1.04782e-06
64.6875    9.8711e-07
64.75      9.48435e-07
64.8125    8.56829e-07
64.875     8.71836e-07
64.9375    9.27407e-07
65         1.00022e-06
65.0625    1.0735e-06
65.125     1.10131e-06
65.1875    1.09785e-06
65.25      1.09699e-06
65.3125    1.12005e-06
65.375     1.11897e-06
65.4375    1.10536e-06
65.5       1.13244e-06
65.5625    1.10946e-06
65.625     1.06774e-06
65.6875    1.03642e-06
65.75      1.01732e-06
65.8125    9.73867e-07
65.875     9.81125e-07
65.9375    1.05317e-06
66         1.15626e-06
66.0625    1.25677e-06
66.125     1.25017e-06
66.1875    1.17401e-06
66.25      1.09694e-06
66.3125    1.00625e-06
66.375     8.69962e-07
66.4375    8.30816e-07
66.5       8.94619e-07
66.5625    9.81252e-07
66.625     1.08546e-06
66.6875    1.11901e-06
66.75      1.0682e-06
66.8125    1.01682e-06
66.875     1.06765e-06
66.9375    1.12889e-06
67         1.17709e-06
67.0625    1.19875e-06
67.125     1.16792e-06
67.1875    1.17935e-06
67.25      1.17761e-06
67.3125    1.1244e-06
67.375     1.01659e-06
67.4375    9.54619e-07
67.5       1.00659e-06
67.5625    1.08821e-06
67.625     1.11459e-06
67.6875    1.0771e-06
67.75      1.04411e-06
67.8125    1.02528e-06
67.875     1.00586e-06
67.9375    9.0467e-07
68         8.50227e-07
68.0625    9.45076e-07
68.125     1.05426e-06
68.1875    1.11299e-06
68.25      1.08234e-06
68.3125    1.12096e-06
68.375     1.14025e-06
68.4375    1.07788e-06
68.5       9.87407e-07
68.5625    9.08035e-07
68.625     8.64684e-07
68.6875    8.76147e-07
68.75      8.8236e-07
68.8125    9.52425e-07
68.875     1.03286e-06
68.9375    1.06565e-06
69         1.03623e-06
69.0625    1.07627e-06
69.125     1.09384e-06
69.1875    1.04081e-06
69.25      9.90519e-07
69.3125    1.0016e-06
69.375     1.05481e-06
69.4375    1.08437e-06
69.5       1.09398e-06
69.5625    1.11874e-06
69.625     1.1535e-06
69.6875    1.16469e-06
69.75      1.16384e-06
69.8125    1.11401e-06
69.875     1.05968e-06
69.9375    1.02336e-06
70         1.04305e-06
70.0625    1.06136e-06
70.125     1.02381e-06
70.1875    1.0581e-06
70.25      1.06917e-06
70.3125    9.96387e-07
70.375     8.84369e-07
70.4375    8.51868e-07
70.5       9.64029e-07
70.5625    1.07201e-06
70.625     1.14797e-06
70.6875    1.10613e-06
70.75      1.05208e-06
70.8125    1.10369e-06
70.875     1.12005e-06
70.9375    1.09878e-06
71         1.12524e-06
71.0625    1.1322e-06
71.125     1.03766e-06
71.1875    9.02711e-07
71.25      8.86717e-07
71.3125    9.77797e-07
71.375     1.04552e-06
71.4375    1.0907e-06
71.5       1.08848e-06
71.5625    9.81646e-07
71.625     8.48111e-07
71.6875    8.06809e-07
71.75      8.39386e-07
71.8125    8.89536e-07
71.875     8.25323e-07
71.9375    8.46876e-07
72         8.64471e-07
72.0625    8.81768e-07
72.125     9.57606e-07
72.1875    1.01594e-06
72.25      1.05168e-06
72.3125    1.05945e-06
72.375     1.04561e-06
72.4375    1.12066e-06
72.5       1.25076e-06
72.5625    1.39323e-06
72.625     1.43545e-06
72.6875    1.3638e-06
72.75      1.25266e-06
72.8125    1.10907e-06
72.875     1.02809e-06
72.9375    1.02176e-06
73         1.05639e-06
73.0625    1.02586e-06
73.125     9.61049e-07
73.1875    9.11301e-07
73.25      8.85101e-07
73.3125    8.9701e-07
73.375     9.2047e-07
73.4375    9.1897e-07
73.5       8.48151e-07
73.5625    8.41538e-07
73.625     9.03225e-07
73.6875    9.3737e-07
73.75      9.33678e-07
73.8125    9.43349e-07
73.875     9.95766e-07
73.9375    1.00603e-06
74         1.04426e-06
74.0625    1.0722e-06
74.125     1.07455e-06
74.1875    1.1044e-06
74.25      1.09499e-06
74.3125    1.09755e-06
74.375     1.14124e-06
74.4375    1.24776e-06
74.5       1.32499e-06
74.5625    1.36235e-06
74.625     1.29851e-06
74.6875    1.22209e-06
74.75      1.23264e-06
74.8125    1.22772e-06
74.875     1.22605e-06
74.9375    1.2989e-06
75         1.36925e-06
75.0625    1.38816e-06
75.125     1.30227e-06
75.1875    1.24875e-06
75.25      1.16489e-06
75.3125    1.09795e-06
75.375     1.12296e-06
75.4375    1.18153e-06
75.5       1.16295e-06
75.5625    1.10795e-06
75.625     1.14208e-06
75.6875    1.15412e-06
75.75      1.11596e-06
75.8125    1.04514e-06
75.875     1.02636e-06
75.9375    1.07451e-06
76         1.09433e-06
76.0625    1.06369e-06
76.125     1.02734e-06
76.1875    1.01351e-06
76.25      9.90219e-07
76.3125    9.80974e-07
76.375     9.64079e-07
76.4375    9.48942e-07
76.5       8.84575e-07
76.5625    8.64374e-07
76.625     8.60316e-07
76.6875    8.40148e-07
76.75      8.61225e-07
76.8125    8.93565e-07
76.875     8.98473e-07
76.9375    9.57628e-07
77         1.04021e-06
77.0625    1.04709e-06
77.125     1.00378e-06
77.1875    1.02505e-06
77.25      1.0952e-06
77.3125    1.17359e-06
77.375     1.15736e-06
77.4375    1.0526e-06
77.5       1.0021e-06
77.5625    1.03499e-06
77.625     1.01815e-06
77.6875    9.63077e-07
77.75      9.87831e-07
77.8125    1.07245e-06
77.875     1.1431e-06
77.9375    1.17064e-06
78         1.11903e-06
78.0625    1.01496e-06
78.125     8.84171e-07
78.1875    8.73594e-07
78.25      9.62309e-07
78.3125    1.06472e-06
78.375     1.17854e-06
78.4375    1.21713e-06
78.5       1.12974e-06
78.5625    1.02694e-06
78.625     1.09951e-06
78.6875    1.97974e-06
78.75      3.20917e-06
78.8125    3.49239e-06
78.875     3.39975e-06
78.9375    2.69605e-06
79         1.36247e-06
79.0625    1.00716e-06
79.125     1.02327e-06
79.1875    9.81585e-07
79.25      8.86592e-07
79.3125    8.76481e-07
79.375     9.76198e-07
79.4375    1.05578e-06
79.5       1.13484e-06
79.5625    1.21504e-06
79.625     1.19465e-06
79.6875    1.13771e-06
79.75      1.10832e-06
79.8125    1.12127e-06
79.875     1.20564e-06
79.9375    1.29579e-06
80         1.39135e-06
80.0625    1.4459e-06
80.125     1.30702e-06
80.1875    1.20256e-06
80.25      1.14241e-06
80.3125    1.0452e-06
80.375     1.01815e-06
80.4375    1.06757e-06
80.5       1.2064e-06
80.5625    1.23857e-06
80.625     1.25579e-06
80.6875    1.1799e-06
80.75      1.01104e-06
80.8125    1.00704e-06
80.875     1.01856e-06
80.9375    9.34654e-07
81         8.3481e-07
81.0625    8.63147e-07
81.125     1.01638e-06
81.1875    1.03059e-06
81.25      1.0154e-06
81.3125    1.00922e-06
81.375     9.6592e-07
81.4375    9.83755e-07
81.5       1.03073e-06
81.5625    1.09867e-06
81.625     1.21377e-06
81.6875    1.2649e-06
81.75      1.25886e-06
81.8125    1.20184e-06
81.875     1.12335e-06
81.9375    1.04218e-06
82         9.43243e-07
82.0625    8.78681e-07
82.125     8.74522e-07
82.1875    8.70231e-07
82.25      8.76982e-07
82.3125    8.93418e-07
82.375     9.1147e-07
82.4375    9.65147e-07
82.5       9.3689e-07
82.5625    9.30451e-07
82.625     1.02738e-06
82.6875    1.1083e-06
82.75      1.19444e-06
82.8125    1.19915e-06
82.875     1.06471e-06
82.9375    9.55577e-07
83         9.35319e-07
83.0625    1.00428e-06
83.125     1.0882e-06
83.1875    1.09398e-06
83.25      1.05668e-06
83.3125    1.07193e-06
83.375     1.10081e-06
83.4375    1.10117e-06
83.5       1.04564e-06
83.5625    9.47747e-07
83.625     8.91443e-07
83.6875    9.55939e-07
83.75      1.04923e-06
83.8125    1.08029e-06
83.875     1.05896e-06
83.9375    9.70113e-07
84         8.96252e-07
84.0625    8.44722e-07
84.125     8.42422e-07
84.1875    9.17327e-07
84.25      1.02951e-06
84.3125    1.15654e-06
84.375     1.20289e-06
84.4375    1.16397e-06
84.5       1.14245e-06
84.5625    1.09065e-06
84.625     1.03727e-06
84.6875    1.02501e-06
84.75      9.69108e-07
84.8125    9.02708e-07
84.875     8.82715e-07
84.9375    9.01132e-07
85         9.22246e-07
85.0625    9.13942e-07
85.125     9.4719e-07
85.1875    1.04255e-06
85.25      1.04459e-06
85.3125    1.00267e-06
85.375     1.00138e-06
85.4375    1.0339e-06
85.5       1.09153e-06
85.5625    1.10885e-06
85.625     1.02057e-06
85.6875    9.31826e-07
85.75      9.72195e-07
85.8125    1.04136e-06
85.875     1.077e-06 
85.9375    1.05236e-06
86         1.04e-06  
86.0625    1.07713e-06
86.125     1.14032e-06
86.1875    1.1461e-06
86.25      1.10951e-06
86.3125    1.05264e-06
86.375     9.90137e-07
86.4375    1.05234e-06
86.5       1.11929e-06
86.5625    1.16623e-06
86.625     1.16467e-06
86.6875    1.14732e-06
86.75      1.16865e-06
86.8125    1.14595e-06
86.875     1.03116e-06
86.9375    9.5189e-07
87         9.79318e-07
87.0625    1.04837e-06
87.125     1.01659e-06
87.1875    8.68739e-07
87.25      7.81838e-07
87.3125    9.49203e-07
87.375     1.13443e-06
87.4375    1.19413e-06
87.5       1.14231e-06
87.5625    1.13882e-06
87.625     1.12073e-06
87.6875    1.06046e-06
87.75      1.07057e-06
87.8125    1.16792e-06
87.875     1.26629e-06
87.9375    1.26054e-06
88         1.17557e-06
88.0625    1.02392e-06
88.125     9.084e-07 
88.1875    9.42721e-07
88.25      1.02941e-06
88.3125    1.07444e-06
88.375     1.03613e-06
88.4375    1.05195e-06
88.5       1.04443e-06
88.5625    1.00481e-06
88.625     9.8425e-07
88.6875    1.0145e-06
88.75      1.07119e-06
88.8125    1.08636e-06
88.875     1.05773e-06
88.9375    1.00762e-06
89         9.98157e-07
89.0625    1.01858e-06
89.125     1.07546e-06
89.1875    1.09344e-06
89.25      1.10045e-06
89.3125    1.1221e-06
89.375     1.09102e-06
89.4375    1.03164e-06
89.5       1.00013e-06
89.5625    1.02648e-06
89.625     1.04891e-06
89.6875    1.06862e-06
89.75      1.03149e-06
89.8125    1.01371e-06
89.875     9.95268e-07
89.9375    9.82972e-07
90         1.0289e-06
90.0625    1.08636e-06
90.125     1.11852e-06
90.1875    1.14579e-06
90.25      1.13394e-06
90.3125    1.05171e-06
90.375     9.50666e-07
90.4375    8.95436e-07
90.5       8.83021e-07
90.5625    9.13885e-07
90.625     9.97995e-07
90.6875    1.00822e-06
90.75      9.82076e-07
90.8125    9.97529e-07
90.875     9.94712e-07
90.9375    9.72762e-07
91         1.02731e-06
91.0625    1.07096e-06
91.125     1.07499e-06
91.1875    1.14009e-06
91.25      1.1541e-06
91.3125    1.0834e-06
91.375     1.05814e-06
91.4375    1.05255e-06
91.5       1.06289e-06
91.5625    1.0537e-06
91.625     1.00959e-06
91.6875    1.01399e-06
91.75      1.04239e-06
91.8125    1.03128e-06
91.875     1.05716e-06
91.9375    1.13742e-06
92         1.21688e-06
92.0625    1.18049e-06
92.125     1.00017e-06
92.1875    8.57812e-07
92.25      9.36417e-07
92.3125    1.00322e-06
92.375     9.91713e-07
92.4375    1.01151e-06
92.5       1.01645e-06
92.5625    9.71216e-07
92.625     9.54821e-07
92.6875    1.03578e-06
92.75      1.1296e-06
92.8125    1.16655e-06
92.875     1.14708e-06
92.9375    1.11427e-06
93         1.08579e-06
93.0625    1.08482e-06
93.125     1.14768e-06
93.1875    1.14579e-06
93.25      1.08184e-06
93.3125    1.03764e-06
93.375     9.51805e-07
93.4375    8.72413e-07
93.5       8.24309e-07
93.5625    8.35426e-07
93.625     8.9104e-07
93.6875    9.74724e-07
93.75      1.06927e-06
93.8125    1.15191e-06
93.875     1.14491e-06
93.9375    1.09682e-06
94         1.05728e-06
94.0625    1.04868e-06
94.125     1.06134e-06
94.1875    1.10314e-06
94.25      1.14277e-06
94.3125    1.10295e-06
94.375     1.06097e-06
94.4375    1.06071e-06
94.5       1.11383e-06
94.5625    1.14758e-06
94.625     1.07407e-06
94.6875    9.68469e-07
94.75      9.16773e-07
94.8125    9.7163e-07
94.875     9.92864e-07
94.9375    9.77522e-07
95         9.45429e-07
95.0625    9.31563e-07
95.125     9.69313e-07
95.1875    1.04504e-06
95.25      1.06263e-06
95.3125    9.99339e-07
95.375     1.05365e-06
95.4375    1.10464e-06
95.5       1.12782e-06
95.5625    1.19173e-06
95.625     1.19541e-06
95.6875    1.19417e-06
95.75      1.15671e-06
95.8125    1.06628e-06
95.875     1.01994e-06
95.9375    1.00757e-06
96         9.87032e-07
96.0625    9.91326e-07
96.125     9.37345e-07
96.1875    8.96229e-07
96.25      8.84482e-07
96.3125    8.69306e-07
96.375     9.99784e-07
96.4375    1.12554e-06
96.5       1.16736e-06
96.5625    1.08617e-06
96.625     9.68933e-07
96.6875    9.75805e-07
96.75      1.06314e-06
96.8125    1.12147e-06
96.875     1.09693e-06
96.9375    1.01959e-06
97         9.63397e-07
97.0625    9.85604e-07
97.125     1.00037e-06
97.1875    9.65362e-07
97.25      8.92152e-07
97.3125    8.57461e-07
97.375     9.21201e-07
97.4375    1.00312e-06
97.5       1.00527e-06
97.5625    1.01426e-06
97.625     1.05933e-06
97.6875    1.04232e-06
97.75      1.03316e-06
97.8125    1.04917e-06
97.875     1.07761e-06
97.9375    1.10628e-06
98         1.05646e-06
98.0625    1.03026e-06
98.125     1.02122e-06
98.1875    9.49576e-07
98.25      8.89855e-07
98.3125    9.4716e-07
98.375     9.95633e-07
98.4375    1.0142e-06
98.5       1.006e-06 
98.5625    9.4371e-07
98.625     9.06377e-07
98.6875    9.1409e-07
98.75      9.47818e-07
98.8125    9.50673e-07
98.875     1.00485e-06
98.9375    1.07606e-06
99         1.07668e-06
99.0625    9.87169e-07
99.125     8.59902e-07
99.1875    8.04292e-07
99.25      9.61533e-07
99.3125    1.20591e-06
99.375     1.33263e-06
99.4375    1.39245e-06
99.5       1.56535e-06
99.5625    1.64051e-06
99.625     1.68204e-06
99.6875    1.72215e-06
99.75      1.45193e-06
99.8125    1.19566e-06
99.875     1.3197e-06
99.9375    1.45689e-06
100        1.43571e-06
