# Freq.    Mag.
0          7.70672e-05
0.0625     7.49342e-05
0.125      5.09397e-05
0.1875     1.79273e-05
0.25       9.21193e-06
0.3125     9.54934e-06
0.375      9.77128e-06
0.4375     1.05978e-05
0.5        1.17367e-05
0.5625     1.23224e-05
0.625      1.38239e-05
0.6875     1.52013e-05
0.75       1.6084e-05
0.8125     1.6323e-05
0.875      1.58641e-05
0.9375     1.55554e-05
1          1.61221e-05
1.0625     1.64194e-05
1.125      1.63809e-05
1.1875     1.61627e-05
1.25       1.52672e-05
1.3125     1.47685e-05
1.375      1.55622e-05
1.4375     1.80606e-05
1.5        1.9803e-05
1.5625     1.95191e-05
1.625      1.88553e-05
1.6875     1.83004e-05
1.75       1.86053e-05
1.8125     1.90824e-05
1.875      1.91151e-05
1.9375     1.92257e-05
2          1.81355e-05
2.0625     1.652e-05 
2.125      1.63241e-05
2.1875     1.74333e-05
2.25       1.75091e-05
2.3125     1.64601e-05
2.375      1.71098e-05
2.4375     1.86304e-05
2.5        1.92459e-05
2.5625     1.92867e-05
2.625      1.80954e-05
2.6875     1.68795e-05
2.75       1.66869e-05
2.8125     1.81643e-05
2.875      1.95489e-05
2.9375     1.94379e-05
3          1.77053e-05
3.0625     1.76066e-05
3.125      1.85288e-05
3.1875     1.89285e-05
3.25       1.8685e-05
3.3125     1.80835e-05
3.375      1.78406e-05
3.4375     1.69787e-05
3.5        1.57957e-05
3.5625     1.54469e-05
3.625      1.62149e-05
3.6875     1.87079e-05
3.75       2.19329e-05
3.8125     2.31354e-05
3.875      2.15311e-05
3.9375     2.0024e-05
4          1.94088e-05
4.0625     1.86037e-05
4.125      1.78184e-05
4.1875     1.73582e-05
4.25       1.67344e-05
4.3125     1.62505e-05
4.375      1.66156e-05
4.4375     1.69046e-05
4.5        1.63825e-05
4.5625     1.57178e-05
4.625      1.66649e-05
4.6875     1.71974e-05
4.75       1.7707e-05
4.8125     1.89473e-05
4.875      1.9735e-05
4.9375     2.03523e-05
5          2.12583e-05
5.0625     2.12676e-05
5.125      2.07073e-05
5.1875     1.9988e-05
5.25       1.79461e-05
5.3125     1.68686e-05
5.375      1.78166e-05
5.4375     1.96192e-05
5.5        2.01717e-05
5.5625     1.95392e-05
5.625      1.89203e-05
5.6875     1.80783e-05
5.75       1.90077e-05
5.8125     2.14455e-05
5.875      2.33101e-05
5.9375     2.2639e-05
6          2.05162e-05
6.0625     1.96839e-05
6.125      1.96654e-05
6.1875     1.97366e-05
6.25       1.91379e-05
6.3125     1.79392e-05
6.375      1.73623e-05
6.4375     1.76658e-05
6.5        1.75429e-05
6.5625     1.66036e-05
6.625      1.66993e-05
6.6875     1.69243e-05
6.75       1.62564e-05
6.8125     1.58918e-05
6.875      1.54788e-05
6.9375     1.62749e-05
7          1.64625e-05
7.0625     1.69143e-05
7.125      1.813e-05 
7.1875     1.92236e-05
7.25       2.04326e-05
7.3125     2.06606e-05
7.375      2.00114e-05
7.4375     1.87272e-05
7.5        1.81512e-05
7.5625     1.85919e-05
7.625      1.90315e-05
7.6875     1.81731e-05
7.75       1.6735e-05
7.8125     1.58952e-05
7.875      1.5536e-05
7.9375     1.66146e-05
8          1.946e-05 
8.0625     2.13921e-05
8.125      2.19114e-05
8.1875     2.18635e-05
8.25       2.03771e-05
8.3125     1.88557e-05
8.375      1.70371e-05
8.4375     1.54171e-05
8.5        1.45e-05  
8.5625     1.34614e-05
8.625      1.31318e-05
8.6875     1.42817e-05
8.75       1.57314e-05
8.8125     1.66443e-05
8.875      1.76648e-05
8.9375     1.89257e-05
9          2.04903e-05
9.0625     2.19366e-05
9.125      2.28008e-05
9.1875     2.36873e-05
9.25       2.29345e-05
9.3125     2.10526e-05
9.375      1.97873e-05
9.4375     1.84478e-05
9.5        1.77711e-05
9.5625     1.78835e-05
9.625      1.82732e-05
9.6875     1.7862e-05
9.75       1.71344e-05
9.8125     1.68928e-05
9.875      1.58473e-05
9.9375     1.54105e-05
10         1.66456e-05
10.0625    1.79492e-05
10.125     1.89536e-05
10.1875    1.85622e-05
10.25      1.71094e-05
10.3125    1.63713e-05
10.375     1.6827e-05
10.4375    1.77658e-05
10.5       1.87572e-05
10.5625    1.86986e-05
10.625     1.9138e-05
10.6875    1.95277e-05
10.75      1.87506e-05
10.8125    1.81257e-05
10.875     1.76347e-05
10.9375    1.75308e-05
11         1.81769e-05
11.0625    1.81744e-05
11.125     1.76112e-05
11.1875    1.69752e-05
11.25      1.77127e-05
11.3125    1.92912e-05
11.375     2.08376e-05
11.4375    2.14995e-05
11.5       2.08014e-05
11.5625    1.93849e-05
11.625     1.89886e-05
11.6875    1.97996e-05
11.75      2.08874e-05
11.8125    2.1264e-05
11.875     2.1546e-05
11.9375    2.08025e-05
12         1.94385e-05
12.0625    1.87103e-05
12.125     1.85741e-05
12.1875    1.81609e-05
12.25      1.676e-05 
12.3125    1.57739e-05
12.375     1.70119e-05
12.4375    1.82511e-05
12.5       1.77958e-05
12.5625    1.68518e-05
12.625     1.67836e-05
12.6875    1.72661e-05
12.75      1.8506e-05
12.8125    1.93415e-05
12.875     1.87402e-05
12.9375    1.79633e-05
13         1.79603e-05
13.0625    1.70593e-05
13.125     1.47784e-05
13.1875    1.37774e-05
13.25      1.56356e-05
13.3125    1.7898e-05
13.375     1.88666e-05
13.4375    1.88556e-05
13.5       1.88282e-05
13.5625    1.86745e-05
13.625     1.85397e-05
13.6875    1.83775e-05
13.75      1.75012e-05
13.8125    1.72363e-05
13.875     1.71421e-05
13.9375    1.66751e-05
14         1.63744e-05
14.0625    1.63971e-05
14.125     1.71804e-05
14.1875    1.71128e-05
14.25      1.64675e-05
14.3125    1.61728e-05
14.375     1.61357e-05
14.4375    1.72811e-05
14.5       1.78887e-05
14.5625    1.67729e-05
14.625     1.57051e-05
14.6875    1.68106e-05
14.75      1.84506e-05
14.8125    1.837e-05 
14.875     1.80581e-05
14.9375    1.82871e-05
15         1.91683e-05
15.0625    1.99969e-05
15.125     1.94689e-05
15.1875    1.69507e-05
15.25      1.5621e-05
15.3125    1.55438e-05
15.375     1.53049e-05
15.4375    1.5949e-05
15.5       1.6376e-05
15.5625    1.57038e-05
15.625     1.50853e-05
15.6875    1.53697e-05
15.75      1.60675e-05
15.8125    1.64421e-05
15.875     1.60992e-05
15.9375    1.56362e-05
16         1.55656e-05
16.0625    1.78652e-05
16.125     2.01465e-05
16.1875    2.04369e-05
16.25      1.94573e-05
16.3125    1.78923e-05
16.375     1.66396e-05
16.4375    1.66085e-05
16.5       1.72537e-05
16.5625    1.7152e-05
16.625     1.66118e-05
16.6875    1.65124e-05
16.75      1.72625e-05
16.8125    1.74933e-05
16.875     1.71855e-05
16.9375    1.62787e-05
17         1.52982e-05
17.0625    1.55585e-05
17.125     1.62768e-05
17.1875    1.57203e-05
17.25      1.5422e-05
17.3125    1.54105e-05
17.375     1.56137e-05
17.4375    1.68765e-05
17.5       1.81293e-05
17.5625    1.78599e-05
17.625     1.64298e-05
17.6875    1.51682e-05
17.75      1.48338e-05
17.8125    1.45461e-05
17.875     1.3547e-05
17.9375    1.33592e-05
18         1.4067e-05
18.0625    1.53097e-05
18.125     1.7513e-05
18.1875    1.88596e-05
18.25      1.94183e-05
18.3125    1.9025e-05
18.375     1.86845e-05
18.4375    1.89235e-05
18.5       1.87214e-05
18.5625    1.84815e-05
18.625     1.81648e-05
18.6875    1.87775e-05
18.75      1.95413e-05
18.8125    1.90121e-05
18.875     1.82523e-05
18.9375    1.68516e-05
19         1.61174e-05
19.0625    1.62159e-05
19.125     1.58289e-05
19.1875    1.63923e-05
19.25      1.69816e-05
19.3125    1.64348e-05
19.375     1.57399e-05
19.4375    1.54239e-05
19.5       1.48404e-05
19.5625    1.43578e-05
19.625     1.50058e-05
19.6875    1.46386e-05
19.75      1.45234e-05
19.8125    1.53763e-05
19.875     1.69014e-05
19.9375    1.7931e-05
20         1.76278e-05
20.0625    1.69516e-05
20.125     1.61154e-05
20.1875    1.65004e-05
20.25      1.59637e-05
20.3125    1.5918e-05
20.375     1.61526e-05
20.4375    1.57016e-05
20.5       1.52308e-05
20.5625    1.45177e-05
20.625     1.49096e-05
20.6875    1.50482e-05
20.75      1.47501e-05
20.8125    1.548e-05 
20.875     1.65359e-05
20.9375    1.71307e-05
21         1.82661e-05
21.0625    1.92611e-05
21.125     1.91137e-05
21.1875    1.85768e-05
21.25      1.85574e-05
21.3125    1.85463e-05
21.375     1.82209e-05
21.4375    1.78281e-05
21.5       1.64885e-05
21.5625    1.47997e-05
21.625     1.37537e-05
21.6875    1.40925e-05
21.75      1.44229e-05
21.8125    1.39426e-05
21.875     1.38651e-05
21.9375    1.45181e-05
22         1.50831e-05
22.0625    1.51547e-05
22.125     1.57771e-05
22.1875    1.55525e-05
22.25      1.50952e-05
22.3125    1.58953e-05
22.375     1.68648e-05
22.4375    1.7351e-05
22.5       1.65496e-05
22.5625    1.4883e-05
22.625     1.35984e-05
22.6875    1.27444e-05
22.75      1.25085e-05
22.8125    1.33471e-05
22.875     1.49144e-05
22.9375    1.62033e-05
23         1.66e-05  
23.0625    1.63142e-05
23.125     1.55573e-05
23.1875    1.45223e-05
23.25      1.48773e-05
23.3125    1.57496e-05
23.375     1.67982e-05
23.4375    1.6857e-05
23.5       1.58663e-05
23.5625    1.47759e-05
23.625     1.40131e-05
23.6875    1.32365e-05
23.75      1.20977e-05
23.8125    1.23102e-05
23.875     1.45089e-05
23.9375    1.68507e-05
24         1.70983e-05
24.0625    1.57672e-05
24.125     1.47238e-05
24.1875    1.48181e-05
24.25      1.52503e-05
24.3125    1.59787e-05
24.375     1.68349e-05
24.4375    1.62012e-05
24.5       1.60827e-05
24.5625    1.57569e-05
24.625     1.47432e-05
24.6875    1.42354e-05
24.75      1.39559e-05
24.8125    1.36003e-05
24.875     1.33667e-05
24.9375    1.37363e-05
25         1.47466e-05
25.0625    1.61341e-05
25.125     1.6168e-05
25.1875    1.57768e-05
25.25      1.5714e-05
25.3125    1.51462e-05
25.375     1.45778e-05
25.4375    1.48202e-05
25.5       1.54094e-05
25.5625    1.60449e-05
25.625     1.6973e-05
25.6875    1.70814e-05
25.75      1.6416e-05
25.8125    1.52207e-05
25.875     1.3981e-05
25.9375    1.36201e-05
26         1.3327e-05
26.0625    1.37408e-05
26.125     1.47528e-05
26.1875    1.56317e-05
26.25      1.52904e-05
26.3125    1.44926e-05
26.375     1.53085e-05
26.4375    1.6978e-05
26.5       1.82591e-05
26.5625    1.92243e-05
26.625     1.90967e-05
26.6875    1.83877e-05
26.75      1.69198e-05
26.8125    1.55186e-05
26.875     1.48077e-05
26.9375    1.43852e-05
27         1.41371e-05
27.0625    1.40234e-05
27.125     1.366e-05 
27.1875    1.29397e-05
27.25      1.29183e-05
27.3125    1.40161e-05
27.375     1.63827e-05
27.4375    1.82663e-05
27.5       1.82365e-05
27.5625    1.71312e-05
27.625     1.52922e-05
27.6875    1.45717e-05
27.75      1.54957e-05
27.8125    1.60182e-05
27.875     1.53115e-05
27.9375    1.46496e-05
28         1.42045e-05
28.0625    1.43704e-05
28.125     1.55211e-05
28.1875    1.74061e-05
28.25      1.73944e-05
28.3125    1.61823e-05
28.375     1.55793e-05
28.4375    1.49047e-05
28.5       1.37564e-05
28.5625    1.33328e-05
28.625     1.4304e-05
28.6875    1.53484e-05
28.75      1.55995e-05
28.8125    1.48748e-05
28.875     1.37688e-05
28.9375    1.26168e-05
29         1.24546e-05
29.0625    1.32709e-05
29.125     1.39877e-05
29.1875    1.51264e-05
29.25      1.56326e-05
29.3125    1.58062e-05
29.375     1.56398e-05
29.4375    1.50336e-05
29.5       1.46527e-05
29.5625    1.45871e-05
29.625     1.35045e-05
29.6875    1.26536e-05
29.75      1.24513e-05
29.8125    1.27941e-05
29.875     1.31089e-05
29.9375    1.33626e-05
30         1.36193e-05
30.0625    1.35176e-05
30.125     1.34571e-05
30.1875    1.40226e-05
30.25      1.41633e-05
30.3125    1.43486e-05
30.375     1.49752e-05
30.4375    1.55041e-05
30.5       1.56806e-05
30.5625    1.55562e-05
30.625     1.56082e-05
30.6875    1.52008e-05
30.75      1.37933e-05
30.8125    1.3063e-05
30.875     1.33145e-05
30.9375    1.34597e-05
31         1.38722e-05
31.0625    1.35918e-05
31.125     1.22396e-05
31.1875    1.18593e-05
31.25      1.27791e-05
31.3125    1.32852e-05
31.375     1.45334e-05
31.4375    1.53533e-05
31.5       1.57775e-05
31.5625    1.64155e-05
31.625     1.57004e-05
31.6875    1.43776e-05
31.75      1.39352e-05
31.8125    1.33826e-05
31.875     1.25466e-05
31.9375    1.27128e-05
32         1.36028e-05
32.0625    1.49494e-05
32.125     1.48321e-05
32.1875    1.41629e-05
32.25      1.43227e-05
32.3125    1.44937e-05
32.375     1.48663e-05
32.4375    1.53596e-05
32.5       1.43407e-05
32.5625    1.30055e-05
32.625     1.17631e-05
32.6875    1.20061e-05
32.75      1.35694e-05
32.8125    1.43478e-05
32.875     1.41072e-05
32.9375    1.30742e-05
33         1.20385e-05
33.0625    1.14012e-05
33.125     1.15607e-05
33.1875    1.17027e-05
33.25      1.16123e-05
33.3125    1.13835e-05
33.375     1.20817e-05
33.4375    1.36179e-05
33.5       1.49213e-05
33.5625    1.60442e-05
33.625     1.62294e-05
33.6875    1.59148e-05
33.75      1.47969e-05
33.8125    1.35372e-05
33.875     1.3765e-05
33.9375    1.39794e-05
34         1.3334e-05
34.0625    1.25671e-05
34.125     1.1979e-05
34.1875    1.20055e-05
34.25      1.25678e-05
34.3125    1.25758e-05
34.375     1.25524e-05
34.4375    1.32503e-05
34.5       1.34588e-05
34.5625    1.38263e-05
34.625     1.4146e-05
34.6875    1.39773e-05
34.75      1.39032e-05
34.8125    1.44006e-05
34.875     1.47915e-05
34.9375    1.43412e-05
35         1.32369e-05
35.0625    1.24352e-05
35.125     1.30131e-05
35.1875    1.35442e-05
35.25      1.308e-05 
35.3125    1.27157e-05
35.375     1.21777e-05
35.4375    1.17909e-05
35.5       1.18051e-05
35.5625    1.17391e-05
35.625     1.14887e-05
35.6875    1.14238e-05
35.75      1.22543e-05
35.8125    1.33007e-05
35.875     1.37695e-05
35.9375    1.43727e-05
36         1.41605e-05
36.0625    1.33731e-05
36.125     1.31106e-05
36.1875    1.2349e-05
36.25      1.148e-05 
36.3125    1.15029e-05
36.375     1.19958e-05
36.4375    1.15997e-05
36.5       1.19771e-05
36.5625    1.33794e-05
36.625     1.32238e-05
36.6875    1.30396e-05
36.75      1.2772e-05
36.8125    1.18294e-05
36.875     1.17499e-05
36.9375    1.20829e-05
37         1.21852e-05
37.0625    1.24849e-05
37.125     1.25402e-05
37.1875    1.24428e-05
37.25      1.30041e-05
37.3125    1.36311e-05
37.375     1.35299e-05
37.4375    1.34912e-05
37.5       1.37659e-05
37.5625    1.3817e-05
37.625     1.36718e-05
37.6875    1.31537e-05
37.75      1.23793e-05
37.8125    1.24655e-05
37.875     1.24771e-05
37.9375    1.29745e-05
38         1.33108e-05
38.0625    1.2809e-05
38.125     1.27194e-05
38.1875    1.312e-05 
38.25      1.36218e-05
38.3125    1.41467e-05
38.375     1.46227e-05
38.4375    1.44616e-05
38.5       1.44909e-05
38.5625    1.41795e-05
38.625     1.34467e-05
38.6875    1.32686e-05
38.75      1.29616e-05
38.8125    1.24825e-05
38.875     1.28685e-05
38.9375    1.28348e-05
39         1.24824e-05
39.0625    1.29427e-05
39.125     1.34428e-05
39.1875    1.63013e-05
39.25      6.6952e-05
39.3125    0.00015974
39.375     0.000199974
39.4375    0.000200635
39.5       0.00018194
39.5625    9.90542e-05
39.625     2.42951e-05
39.6875    1.34193e-05
39.75      1.35034e-05
39.8125    1.35707e-05
39.875     1.43569e-05
39.9375    1.42307e-05
40         1.36838e-05
40.0625    1.30105e-05
40.125     1.20335e-05
40.1875    1.18886e-05
40.25      1.15741e-05
40.3125    1.13069e-05
40.375     1.20116e-05
40.4375    1.24585e-05
40.5       1.27202e-05
40.5625    1.25121e-05
40.625     1.27262e-05
40.6875    1.27607e-05
40.75      1.23433e-05
40.8125    1.29079e-05
40.875     1.30768e-05
40.9375    1.20619e-05
41         1.16754e-05
41.0625    1.271e-05 
41.125     1.30232e-05
41.1875    1.29291e-05
41.25      1.30697e-05
41.3125    1.35393e-05
41.375     1.32689e-05
41.4375    1.22372e-05
41.5       1.18398e-05
41.5625    1.19489e-05
41.625     1.24208e-05
41.6875    1.26412e-05
41.75      1.24963e-05
41.8125    1.22866e-05
41.875     1.2218e-05
41.9375    1.2585e-05
42         1.34206e-05
42.0625    1.39959e-05
42.125     1.34665e-05
42.1875    1.21751e-05
42.25      1.11893e-05
42.3125    1.15048e-05
42.375     1.19243e-05
42.4375    1.12177e-05
42.5       1.09005e-05
42.5625    1.14518e-05
42.625     1.1242e-05
42.6875    1.07271e-05
42.75      1.00944e-05
42.8125    1.0189e-05
42.875     1.11684e-05
42.9375    1.24326e-05
43         1.31135e-05
43.0625    1.30971e-05
43.125     1.27241e-05
43.1875    1.24322e-05
43.25      1.22609e-05
43.3125    1.16465e-05
43.375     1.13192e-05
43.4375    1.10783e-05
43.5       1.11542e-05
43.5625    1.14382e-05
43.625     1.12688e-05
43.6875    1.09882e-05
43.75      1.13051e-05
43.8125    1.24986e-05
43.875     1.35828e-05
43.9375    1.41027e-05
44         1.43825e-05
44.0625    1.45303e-05
44.125     1.38447e-05
44.1875    1.25992e-05
44.25      1.25028e-05
44.3125    1.26455e-05
44.375     1.19529e-05
44.4375    1.16494e-05
44.5       1.18171e-05
44.5625    1.21504e-05
44.625     1.24131e-05
44.6875    1.25624e-05
44.75      1.26384e-05
44.8125    1.20702e-05
44.875     1.15958e-05
44.9375    1.19505e-05
45         1.21305e-05
45.0625    1.26403e-05
45.125     1.32577e-05
45.1875    1.36249e-05
45.25      1.36846e-05
45.3125    1.28429e-05
45.375     1.08305e-05
45.4375    1.00095e-05
45.5       1.08217e-05
45.5625    1.13214e-05
45.625     1.13176e-05
45.6875    1.06679e-05
45.75      1.07088e-05
45.8125    1.10032e-05
45.875     1.18038e-05
45.9375    1.31111e-05
46         1.41888e-05
46.0625    1.41147e-05
46.125     1.36356e-05
46.1875    1.28485e-05
46.25      1.17992e-05
46.3125    1.0728e-05
46.375     1.04497e-05
46.4375    1.13361e-05
46.5       1.19579e-05
46.5625    1.22481e-05
46.625     1.22571e-05
46.6875    1.18358e-05
46.75      1.13019e-05
46.8125    1.11292e-05
46.875     1.12449e-05
46.9375    1.13144e-05
47         1.12551e-05
47.0625    1.10292e-05
47.125     1.0557e-05
47.1875    1.05747e-05
47.25      1.08441e-05
47.3125    1.0773e-05
47.375     1.06165e-05
47.4375    1.05841e-05
47.5       1.11604e-05
47.5625    1.22549e-05
47.625     1.30757e-05
47.6875    1.36695e-05
47.75      1.35663e-05
47.8125    1.26525e-05
47.875     1.17002e-05
47.9375    1.17177e-05
48         1.2857e-05
48.0625    1.32172e-05
48.125     1.27807e-05
48.1875    1.24208e-05
48.25      1.17313e-05
48.3125    1.16736e-05
48.375     1.2729e-05
48.4375    1.30893e-05
48.5       1.20959e-05
48.5625    1.16373e-05
48.625     1.22234e-05
48.6875    1.24265e-05
48.75      1.16324e-05
48.8125    1.15511e-05
48.875     1.18284e-05
48.9375    1.17762e-05
49         1.11043e-05
49.0625    1.03355e-05
49.125     1.02367e-05
49.1875    1.06131e-05
49.25      1.17013e-05
49.3125    1.30106e-05
49.375     1.35914e-05
49.4375    1.39088e-05
49.5       1.39002e-05
49.5625    1.39377e-05
49.625     1.45256e-05
49.6875    1.45393e-05
49.75      1.32689e-05
49.8125    1.23665e-05
49.875     1.21804e-05
49.9375    1.26222e-05
50         1.27835e-05
50.0625    1.29772e-05
50.125     1.28479e-05
50.1875    1.19687e-05
50.25      1.1525e-05
50.3125    1.07817e-05
50.375     1.04389e-05
50.4375    1.03393e-05
50.5       1.03827e-05
50.5625    1.14126e-05
50.625     1.20003e-05
50.6875    1.13736e-05
50.75      1.00635e-05
50.8125    9.41158e-06
50.875     1.02609e-05
50.9375    1.10733e-05
51         1.11945e-05
51.0625    1.09404e-05
51.125     1.03584e-05
51.1875    9.96882e-06
51.25      1.08078e-05
51.3125    1.17163e-05
51.375     1.15906e-05
51.4375    1.06185e-05
51.5       9.83611e-06
51.5625    9.80658e-06
51.625     9.42214e-06
51.6875    9.58028e-06
51.75      9.79405e-06
51.8125    9.85842e-06
51.875     1.07091e-05
51.9375    1.18185e-05
52         1.26634e-05
52.0625    1.26781e-05
52.125     1.29211e-05
52.1875    1.30315e-05
52.25      1.25144e-05
52.3125    1.2042e-05
52.375     1.18776e-05
52.4375    1.12615e-05
52.5       1.0473e-05
52.5625    1.04407e-05
52.625     1.10648e-05
52.6875    1.12556e-05
52.75      1.08045e-05
52.8125    1.08789e-05
52.875     1.13479e-05
52.9375    1.1251e-05
53         1.01753e-05
53.0625    9.02802e-06
53.125     9.26828e-06
53.1875    9.4712e-06
53.25      9.37252e-06
53.3125    9.13149e-06
53.375     8.62154e-06
53.4375    8.39243e-06
53.5       8.91749e-06
53.5625    9.46808e-06
53.625     9.57206e-06
53.6875    9.70312e-06
53.75      1.06668e-05
53.8125    1.14948e-05
53.875     1.23015e-05
53.9375    1.24743e-05
54         1.17087e-05
54.0625    1.10007e-05
54.125     1.05854e-05
54.1875    1.04717e-05
54.25      1.0505e-05
54.3125    1.03433e-05
54.375     9.92455e-06
54.4375    9.29995e-06
54.5       9.27293e-06
54.5625    9.40738e-06
54.625     9.65291e-06
54.6875    1.01722e-05
54.75      1.01157e-05
54.8125    9.76067e-06
54.875     9.70475e-06
54.9375    9.78191e-06
55         1.02731e-05
55.0625    1.00983e-05
55.125     9.7037e-06
55.1875    9.9633e-06
55.25      1.04105e-05
55.3125    1.07187e-05
55.375     1.14661e-05
55.4375    1.20642e-05
55.5       1.17561e-05
55.5625    1.0892e-05
55.625     1.04947e-05
55.6875    1.02989e-05
55.75      1.04184e-05
55.8125    1.10983e-05
55.875     1.11798e-05
55.9375    1.04097e-05
56         9.79155e-06
56.0625    9.61652e-06
56.125     9.67926e-06
56.1875    9.50956e-06
56.25      9.3056e-06
56.3125    8.73687e-06
56.375     8.53088e-06
56.4375    8.74867e-06
56.5       9.11739e-06
56.5625    9.71091e-06
56.625     9.96715e-06
56.6875    1.01327e-05
56.75      1.03468e-05
56.8125    1.06919e-05
56.875     1.09135e-05
56.9375    1.12252e-05
57         1.10411e-05
57.0625    1.0303e-05
57.125     1.0151e-05
57.1875    9.85499e-06
57.25      9.38809e-06
57.3125    9.46274e-06
57.375     9.22694e-06
57.4375    8.54216e-06
57.5       8.27398e-06
57.5625    8.64292e-06
57.625     9.76758e-06
57.6875    1.05641e-05
57.75      1.01184e-05
57.8125    9.68867e-06
57.875     9.7828e-06
57.9375    1.01627e-05
58         1.02301e-05
58.0625    1.03682e-05
58.125     1.08188e-05
58.1875    1.11583e-05
58.25      1.11717e-05
58.3125    1.10695e-05
58.375     1.09525e-05
58.4375    1.10249e-05
58.5       1.15418e-05
58.5625    1.17013e-05
58.625     1.12413e-05
58.6875    1.04432e-05
58.75      1.02289e-05
58.8125    1.05178e-05
58.875     1.03958e-05
58.9375    9.73801e-06
59         9.51209e-06
59.0625    1.01769e-05
59.125     1.09578e-05
59.1875    1.0643e-05
59.25      9.6397e-06
59.3125    9.06815e-06
59.375     8.96787e-06
59.4375    9.87273e-06
59.5       1.06426e-05
59.5625    1.06442e-05
59.625     1.04594e-05
59.6875    1.04644e-05
59.75      1.02142e-05
59.8125    1.18629e-05
59.875     2.34516e-05
59.9375    3.46783e-05
60         3.72196e-05
60.0625    3.62707e-05
60.125     2.74743e-05
60.1875    1.49482e-05
60.25      1.02795e-05
60.3125    9.93168e-06
60.375     9.69842e-06
60.4375    9.0469e-06
60.5       8.63683e-06
60.5625    9.16128e-06
60.625     9.77304e-06
60.6875    9.46676e-06
60.75      8.93786e-06
60.8125    8.29868e-06
60.875     8.19364e-06
60.9375    9.17727e-06
61         9.5612e-06
61.0625    9.89506e-06
61.125     1.02471e-05
61.1875    1.037e-05 
61.25      1.09308e-05
61.3125    1.09826e-05
61.375     1.08461e-05
61.4375    1.0622e-05
61.5       9.479e-06 
61.5625    8.65082e-06
61.625     9.29974e-06
61.6875    1.00262e-05
61.75      1.02179e-05
61.8125    1.00823e-05
61.875     9.71423e-06
61.9375    9.08171e-06
62         8.43766e-06
62.0625    8.11681e-06
62.125     8.35813e-06
62.1875    9.23923e-06
62.25      1.00044e-05
62.3125    1.01583e-05
62.375     1.03132e-05
62.4375    9.62965e-06
62.5       9.02528e-06
62.5625    8.488e-06 
62.625     7.88147e-06
62.6875    8.02288e-06
62.75      8.091e-06 
62.8125    8.35588e-06
62.875     8.27697e-06
62.9375    7.97677e-06
63         7.89221e-06
63.0625    8.00782e-06
63.125     8.03092e-06
63.1875    8.43823e-06
63.25      8.76511e-06
63.3125    8.52297e-06
63.375     7.87565e-06
63.4375    7.67181e-06
63.5       7.77141e-06
63.5625    7.42806e-06
63.625     6.99198e-06
63.6875    7.10088e-06
63.75      7.99468e-06
63.8125    8.7374e-06
63.875     9.1458e-06
63.9375    9.33111e-06
64         8.73622e-06
64.0625    7.66536e-06
64.125     7.43384e-06
64.1875    8.41139e-06
64.25      9.67583e-06
64.3125    1.03713e-05
64.375     1.04488e-05
64.4375    1.03917e-05
64.5       1.033e-05 
64.5625    1.0028e-05
64.625     9.65883e-06
64.6875    9.94668e-06
64.75      1.01256e-05
64.8125    1.01243e-05
64.875     9.78209e-06
64.9375    9.51565e-06
65         9.26678e-06
65.0625    9.20935e-06
65.125     9.24503e-06
65.1875    9.28126e-06
65.25      9.42892e-06
65.3125    8.98459e-06
65.375     8.89704e-06
65.4375    9.46104e-06
65.5       1.02752e-05
65.5625    1.05452e-05
65.625     1.03094e-05
65.6875    9.64366e-06
65.75      9.13093e-06
65.8125    8.98902e-06
65.875     9.16233e-06
65.9375    9.40933e-06
66         9.42126e-06
66.0625    9.15355e-06
66.125     8.90759e-06
66.1875    9.2395e-06
66.25      9.78216e-06
66.3125    9.76046e-06
66.375     9.59834e-06
66.4375    9.4171e-06
66.5       9.44785e-06
66.5625    9.91455e-06
66.625     1.03556e-05
66.6875    1.07178e-05
66.75      1.05767e-05
66.8125    1.03457e-05
66.875     9.96982e-06
66.9375    9.25798e-06
67         8.49598e-06
67.0625    8.1184e-06
67.125     8.13436e-06
67.1875    8.035e-06 
67.25      8.03145e-06
67.3125    8.12978e-06
67.375     8.19597e-06
67.4375    8.21651e-06
67.5       7.85828e-06
67.5625    7.64966e-06
67.625     7.83882e-06
67.6875    8.07096e-06
67.75      8.42994e-06
67.8125    8.59446e-06
67.875     8.93087e-06
67.9375    9.04946e-06
68         8.73136e-06
68.0625    8.3596e-06
68.125     7.98427e-06
68.1875    8.0027e-06
68.25      8.02703e-06
68.3125    7.94116e-06
68.375     7.63224e-06
68.4375    7.37362e-06
68.5       7.46319e-06
68.5625    7.89116e-06
68.625     8.24077e-06
68.6875    8.6006e-06
68.75      8.75943e-06
68.8125    8.17434e-06
68.875     7.57469e-06
68.9375    7.65643e-06
69         8.15032e-06
69.0625    8.26309e-06
69.125     8.01183e-06
69.1875    7.63808e-06
69.25      7.64859e-06
69.3125    7.99531e-06
69.375     7.84382e-06
69.4375    8.19477e-06
69.5       8.40575e-06
69.5625    8.28332e-06
69.625     8.14793e-06
69.6875    8.04785e-06
69.75      7.7017e-06
69.8125    7.50182e-06
69.875     7.49338e-06
69.9375    7.63407e-06
70         7.78949e-06
70.0625    7.52536e-06
70.125     7.48123e-06
70.1875    7.63282e-06
70.25      7.71501e-06
70.3125    7.89007e-06
70.375     8.10261e-06
70.4375    7.93299e-06
70.5       8.22724e-06
70.5625    8.35497e-06
70.625     8.22653e-06
70.6875    8.22062e-06
70.75      8.46883e-06
70.8125    8.42219e-06
70.875     8.33502e-06
70.9375    8.53669e-06
71         8.81264e-06
71.0625    8.96395e-06
71.125     8.7593e-06
71.1875    8.72838e-06
71.25      9.12693e-06
71.3125    9.50346e-06
71.375     9.22321e-06
71.4375    8.64882e-06
71.5       8.07613e-06
71.5625    7.8759e-06
71.625     7.96494e-06
71.6875    8.41616e-06
71.75      8.50923e-06
71.8125    8.3643e-06
71.875     8.25361e-06
71.9375    7.72734e-06
72         7.65494e-06
72.0625    7.65424e-06
72.125     7.92978e-06
72.1875    8.31746e-06
72.25      8.45631e-06
72.3125    8.52351e-06
72.375     8.61078e-06
72.4375    8.37171e-06
72.5       7.67954e-06
72.5625    7.01128e-06
72.625     6.74542e-06
72.6875    6.9163e-06
72.75      7.86146e-06
72.8125    8.51356e-06
72.875     8.88956e-06
72.9375    8.85168e-06
73         8.09055e-06
73.0625    7.61402e-06
73.125     7.54212e-06
73.1875    7.31165e-06
73.25      7.22784e-06
73.3125    7.48272e-06
73.375     7.81362e-06
73.4375    8.11787e-06
73.5       7.99616e-06
73.5625    7.72113e-06
73.625     7.58396e-06
73.6875    7.40691e-06
73.75      7.11454e-06
73.8125    6.92493e-06
73.875     6.79281e-06
73.9375    6.65029e-06
74         6.61349e-06
74.0625    6.65182e-06
74.125     6.97282e-06
74.1875    7.22409e-06
74.25      7.14358e-06
74.3125    6.70062e-06
74.375     6.70063e-06
74.4375    7.06247e-06
74.5       7.65264e-06
74.5625    8.38261e-06
74.625     8.90123e-06
74.6875    8.87397e-06
74.75      8.34141e-06
74.8125    7.68919e-06
74.875     8.31267e-06
74.9375    9.07187e-06
75         9.12138e-06
75.0625    8.87377e-06
75.125     8.54453e-06
75.1875    7.96114e-06
75.25      7.24927e-06
75.3125    6.92554e-06
75.375     7.00506e-06
75.4375    7.64395e-06
75.5       8.23682e-06
75.5625    8.42425e-06
75.625     8.72153e-06
75.6875    8.54931e-06
75.75      7.9208e-06
75.8125    7.96099e-06
75.875     8.37862e-06
75.9375    8.84038e-06
76         8.72576e-06
76.0625    8.487e-06 
76.125     8.44592e-06
76.1875    8.37163e-06
76.25      8.22486e-06
76.3125    8.15257e-06
76.375     7.94651e-06
76.4375    7.76212e-06
76.5       7.73148e-06
76.5625    7.41119e-06
76.625     7.25331e-06
76.6875    7.51212e-06
76.75      7.70114e-06
76.8125    7.77604e-06
76.875     7.94269e-06
76.9375    7.94646e-06
77         7.84323e-06
77.0625    8.12955e-06
77.125     8.30291e-06
77.1875    8.37217e-06
77.25      7.96702e-06
77.3125    7.16514e-06
77.375     7.03458e-06
77.4375    6.91225e-06
77.5       7.00183e-06
77.5625    7.19568e-06
77.625     7.12737e-06
77.6875    7.54429e-06
77.75      8.24742e-06
77.8125    8.42468e-06
77.875     7.93702e-06
77.9375    6.93455e-06
78         6.29612e-06
78.0625    6.60724e-06
78.125     7.27247e-06
78.1875    7.49055e-06
78.25      7.4791e-06
78.3125    8.00765e-06
78.375     8.46413e-06
78.4375    8.34035e-06
78.5       7.7545e-06
78.5625    7.17073e-06
78.625     7.014e-06 
78.6875    7.50741e-06
78.75      8.71397e-06
78.8125    8.88462e-06
78.875     8.40074e-06
78.9375    7.7567e-06
79         7.25507e-06
79.0625    7.4327e-06
79.125     7.1199e-06
79.1875    7.12477e-06
79.25      7.50235e-06
79.3125    7.41944e-06
79.375     7.04711e-06
79.4375    7.21558e-06
79.5       7.68389e-06
79.5625    7.97254e-06
79.625     8.32448e-06
79.6875    8.4439e-06
79.75      7.81632e-06
79.8125    7.76759e-06
79.875     8.42343e-06
79.9375    8.94303e-06
80         8.70642e-06
80.0625    7.59896e-06
80.125     7.04129e-06
80.1875    6.80695e-06
80.25      6.37327e-06
80.3125    6.32446e-06
80.375     6.58566e-06
80.4375    6.97729e-06
80.5       7.08666e-06
80.5625    6.78809e-06
80.625     6.91164e-06
80.6875    7.32759e-06
80.75      7.49017e-06
80.8125    7.70258e-06
80.875     7.38886e-06
80.9375    7.13119e-06
81         7.31439e-06
81.0625    7.63363e-06
81.125     7.79361e-06
81.1875    7.33219e-06
81.25      6.77639e-06
81.3125    6.78327e-06
81.375     7.23708e-06
81.4375    7.74599e-06
81.5       7.59632e-06
81.5625    7.52726e-06
81.625     7.58374e-06
81.6875    7.27172e-06
81.75      6.85475e-06
81.8125    6.60526e-06
81.875     6.2743e-06
81.9375    6.00235e-06
82         5.91122e-06
82.0625    6.24965e-06
82.125     6.58113e-06
82.1875    6.44817e-06
82.25      6.43111e-06
82.3125    6.54234e-06
82.375     6.46027e-06
82.4375    6.5775e-06
82.5       6.79319e-06
82.5625    7.07926e-06
82.625     7.23048e-06
82.6875    6.70832e-06
82.75      6.26598e-06
82.8125    6.2408e-06
82.875     6.40478e-06
82.9375    7.03334e-06
83         7.6649e-06
83.0625    7.91888e-06
83.125     7.82068e-06
83.1875    7.55797e-06
83.25      6.81474e-06
83.3125    6.18364e-06
83.375     5.93314e-06
83.4375    5.95737e-06
83.5       5.77671e-06
83.5625    5.71665e-06
83.625     6.29167e-06
83.6875    7.06162e-06
83.75      7.73617e-06
83.8125    7.97184e-06
83.875     8.15137e-06
83.9375    8.75191e-06
84         9.16568e-06
84.0625    9.08491e-06
84.125     8.97494e-06
84.1875    8.75403e-06
84.25      7.91488e-06
84.3125    7.2935e-06
84.375     7.34297e-06
84.4375    7.4508e-06
84.5       7.56542e-06
84.5625    7.56489e-06
84.625     7.0113e-06
84.6875    6.67281e-06
84.75      6.57644e-06
84.8125    6.30183e-06
84.875     6.32596e-06
84.9375    6.67516e-06
85         7.73242e-06
85.0625    8.67736e-06
85.125     9.08309e-06
85.1875    8.66639e-06
85.25      7.50798e-06
85.3125    6.88448e-06
85.375     6.72142e-06
85.4375    6.66826e-06
85.5       7.25071e-06
85.5625    7.86425e-06
85.625     7.58306e-06
85.6875    7.11232e-06
85.75      6.81351e-06
85.8125    6.68315e-06
85.875     6.31757e-06
85.9375    5.97004e-06
86         5.90784e-06
86.0625    5.53232e-06
86.125     5.32563e-06
86.1875    5.81089e-06
86.25      6.54023e-06
86.3125    6.8521e-06
86.375     6.92113e-06
86.4375    7.10141e-06
86.5       6.82441e-06
86.5625    6.49486e-06
86.625     6.34793e-06
86.6875    6.10952e-06
86.75      6.28059e-06
86.8125    6.8228e-06
86.875     7.02129e-06
86.9375    6.76287e-06
87         6.40188e-06
87.0625    6.56044e-06
87.125     6.62528e-06
87.1875    6.42468e-06
87.25      6.33046e-06
87.3125    6.33711e-06
87.375     6.9316e-06
87.4375    7.55837e-06
87.5       7.53839e-06
87.5625    7.33417e-06
87.625     7.09907e-06
87.6875    6.39177e-06
87.75      5.92151e-06
87.8125    5.4863e-06
87.875     5.55032e-06
87.9375    6.1873e-06
88         6.57428e-06
88.0625    6.5746e-06
88.125     6.59012e-06
88.1875    6.53554e-06
88.25      6.31538e-06
88.3125    6.18204e-06
88.375     6.22563e-06
88.4375    6.70997e-06
88.5       6.84577e-06
88.5625    6.67564e-06
88.625     6.57838e-06
88.6875    6.23383e-06
88.75      5.84199e-06
88.8125    6.01907e-06
88.875     6.42577e-06
88.9375    6.89104e-06
89         7.21679e-06
89.0625    7.57097e-06
89.125     7.66432e-06
89.1875    7.25531e-06
89.25      7.00447e-06
89.3125    6.5375e-06
89.375     6.152e-06 
89.4375    6.14909e-06
89.5       6.42442e-06
89.5625    6.77619e-06
89.625     6.75078e-06
89.6875    6.68639e-06
89.75      7.17231e-06
89.8125    7.8287e-06
89.875     7.57296e-06
89.9375    6.93866e-06
90         6.47364e-06
90.0625    6.58315e-06
90.125     7.07459e-06
90.1875    7.01992e-06
90.25      6.8673e-06
90.3125    7.01012e-06
90.375     7.22538e-06
90.4375    7.57376e-06
90.5       7.99946e-06
90.5625    7.94205e-06
90.625     7.50896e-06
90.6875    6.8591e-06
90.75      6.18975e-06
90.8125    5.79058e-06
90.875     6.08215e-06
90.9375    6.4138e-06
91         6.18292e-06
91.0625    6.09338e-06
91.125     6.21783e-06
91.1875    6.65118e-06
91.25      7.24044e-06
91.3125    7.35993e-06
91.375     7.29756e-06
91.4375    7.37911e-06
91.5       7.29111e-06
91.5625    7.02814e-06
91.625     6.69945e-06
91.6875    6.20234e-06
91.75      5.80839e-06
91.8125    5.84351e-06
91.875     6.02164e-06
91.9375    6.33413e-06
92         6.4884e-06
92.0625    6.10374e-06
92.125     5.52411e-06
92.1875    5.3391e-06
92.25      5.77669e-06
92.3125    6.14689e-06
92.375     6.59646e-06
92.4375    6.97809e-06
92.5       6.96254e-06
92.5625    6.92978e-06
92.625     7.06062e-06
92.6875    7.34685e-06
92.75      7.37852e-06
92.8125    6.99646e-06
92.875     6.4841e-06
92.9375    6.32851e-06
93         6.74808e-06
93.0625    7.34226e-06
93.125     7.57903e-06
93.1875    7.4443e-06
93.25      7.23956e-06
93.3125    6.98281e-06
93.375     6.82969e-06
93.4375    6.82221e-06
93.5       6.7785e-06
93.5625    6.21645e-06
93.625     5.51365e-06
93.6875    5.16838e-06
93.75      5.37013e-06
93.8125    5.98996e-06
93.875     6.57936e-06
93.9375    7.06187e-06
94         7.34108e-06
94.0625    7.4354e-06
94.125     7.28543e-06
94.1875    6.83055e-06
94.25      6.39358e-06
94.3125    5.97037e-06
94.375     5.6314e-06
94.4375    5.77991e-06
94.5       5.87222e-06
94.5625    5.92748e-06
94.625     6.35143e-06
94.6875    6.90608e-06
94.75      7.49543e-06
94.8125    7.74824e-06
94.875     7.30251e-06
94.9375    6.61427e-06
95         5.87148e-06
95.0625    5.15576e-06
95.125     5.2454e-06
95.1875    5.27924e-06
95.25      5.64809e-06
95.3125    6.25128e-06
95.375     6.66137e-06
95.4375    6.69635e-06
95.5       6.38751e-06
95.5625    5.96824e-06
95.625     5.69474e-06
95.6875    5.90933e-06
95.75      6.25443e-06
95.8125    6.6488e-06
95.875     7.03826e-06
95.9375    7.35802e-06
96         7.27362e-06
96.0625    6.5856e-06
96.125     5.72726e-06
96.1875    5.47335e-06
96.25      5.86553e-06
96.3125    6.28775e-06
96.375     6.41691e-06
96.4375    6.24373e-06
96.5       6.05063e-06
96.5625    6.35492e-06
96.625     6.7002e-06
96.6875    6.54492e-06
96.75      6.17008e-06
96.8125    5.77117e-06
96.875     5.67347e-06
96.9375    6.09075e-06
97         6.45654e-06
97.0625    6.36076e-06
97.125     6.30658e-06
97.1875    6.37199e-06
97.25      6.16181e-06
97.3125    6.2402e-06
97.375     6.40669e-06
97.4375    5.98458e-06
97.5       5.70983e-06
97.5625    5.72444e-06
97.625     5.71784e-06
97.6875    5.68076e-06
97.75      5.4622e-06
97.8125    5.33298e-06
97.875     5.8077e-06
97.9375    6.22068e-06
98         6.59432e-06
98.0625    6.35141e-06
98.125     6.15706e-06
98.1875    6.42907e-06
98.25      6.16395e-06
98.3125    5.56189e-06
98.375     5.07909e-06
98.4375    4.6039e-06
98.5       4.82095e-06
98.5625    5.30352e-06
98.625     5.70102e-06
98.6875    5.9443e-06
98.75      6.3538e-06
98.8125    6.87197e-06
98.875     6.97884e-06
98.9375    6.71295e-06
99         6.5742e-06
99.0625    6.18303e-06
99.125     5.64207e-06
99.1875    5.57445e-06
99.25      6.00334e-06
99.3125    6.40679e-06
99.375     6.57991e-06
99.4375    6.67875e-06
99.5       6.4286e-06
99.5625    6.51244e-06
99.625     7.15025e-06
99.6875    7.51684e-06
99.75      7.36927e-06
99.8125    7.15611e-06
99.875     6.6943e-06
99.9375    6.27662e-06
100        6.07446e-06
