# Freq.    Mag.
0          0.000131768
1          0.000126085
2          0.000100744
3          6.69134e-05
4          5.01778e-05
5          4.31353e-05
6          3.93335e-05
7          3.58009e-05
8          3.27118e-05
9          2.95727e-05
10         2.75354e-05
11         2.601e-05 
12         2.38669e-05
13         2.09225e-05
14         2.03762e-05
15         2.21103e-05
16         2.35509e-05
17         2.36802e-05
18         2.2123e-05
19         2.02779e-05
20         2.00953e-05
21         2.04721e-05
22         2.14385e-05
23         2.18146e-05
24         2.11668e-05
25         2.01913e-05
26         1.89148e-05
27         1.76412e-05
28         1.69798e-05
29         1.6882e-05
30         1.71046e-05
31         1.6997e-05
32         1.71198e-05
33         1.72193e-05
34         1.67686e-05
35         1.7307e-05
36         1.84608e-05
37         2.82347e-05
38         4.69173e-05
39         5.26992e-05
40         5.21214e-05
41         4.35625e-05
42         2.36427e-05
43         1.53115e-05
44         1.53579e-05
45         1.56017e-05
46         1.57822e-05
47         1.51373e-05
48         1.4064e-05
49         1.40543e-05
50         1.45701e-05
51         1.47541e-05
52         1.45283e-05
53         1.45453e-05
54         1.42969e-05
55         1.37336e-05
56         1.30655e-05
57         1.20627e-05
58         1.22618e-05
59         1.33971e-05
60         1.37776e-05
61         1.41391e-05
62         1.26134e-05
63         1.15248e-05
64         1.14286e-05
65         1.11835e-05
66         1.08855e-05
67         1.07164e-05
68         1.03633e-05
69         9.45699e-06
70         8.67156e-06
71         8.55438e-06
72         8.99945e-06
73         9.47407e-06
74         9.26114e-06
75         8.69501e-06
76         8.43483e-06
77         7.92994e-06
78         7.54473e-06
79         7.59981e-06
80         7.88424e-06
81         8.26781e-06
82         8.52794e-06
83         8.49377e-06
84         8.22389e-06
85         7.87349e-06
86         8.00399e-06
87         8.28902e-06
88         8.03157e-06
89         7.71913e-06
90         7.75522e-06
91         8.05878e-06
92         8.25682e-06
93         7.92268e-06
94         7.16458e-06
95         6.2978e-06
96         6.07395e-06
97         6.47495e-06
98         6.95974e-06
99         7.30189e-06
100        7.25903e-06
101        7.0054e-06
102        6.66361e-06
103        6.26218e-06
104        6.14261e-06
105        6.24093e-06
106        6.35758e-06
107        6.52833e-06
108        6.47445e-06
109        6.4491e-06
110        6.19563e-06
111        5.74303e-06
112        5.67644e-06
113        5.57457e-06
114        5.52366e-06
115        5.8487e-06
116        9.8659e-06
117        1.54772e-05
118        1.74887e-05
119        1.87176e-05
120        1.61122e-05
121        1.1483e-05
122        8.00402e-06
123        5.1896e-06
124        4.91584e-06
125        5.30903e-06
126        5.72537e-06
127        5.94152e-06
128        5.6402e-06
129        5.27819e-06
130        5.4051e-06
131        5.69863e-06
132        6.06602e-06
133        6.056e-06 
134        5.72534e-06
135        5.21071e-06
136        5.14345e-06
137        5.36415e-06
138        5.45196e-06
139        5.42575e-06
140        5.22758e-06
141        5.09272e-06
142        4.96056e-06
143        4.91503e-06
144        4.99755e-06
145        4.98226e-06
146        4.9908e-06
147        5.23933e-06
148        5.267e-06 
149        5.12183e-06
150        5.04192e-06
151        4.80269e-06
152        4.69468e-06
153        4.83165e-06
154        4.88053e-06
155        4.66098e-06
156        4.56327e-06
157        4.75876e-06
158        4.99912e-06
159        5.30215e-06
160        5.62633e-06
161        5.64162e-06
162        5.47147e-06
163        5.37158e-06
164        5.08599e-06
165        4.77379e-06
166        4.54551e-06
167        4.38751e-06
168        4.52625e-06
169        4.63795e-06
170        4.59937e-06
171        4.295e-06 
172        4.12237e-06
173        4.2591e-06
174        4.39123e-06
175        4.44064e-06
176        4.49749e-06
177        5.12206e-06
178        7.87473e-06
179        1.02451e-05
180        1.0313e-05
181        9.93155e-06
182        7.37572e-06
183        4.4469e-06
184        3.81031e-06
185        3.60948e-06
186        3.67366e-06
187        3.91814e-06
188        4.16659e-06
189        4.20391e-06
190        3.89614e-06
191        3.59439e-06
192        3.60516e-06
193        3.73351e-06
194        3.94186e-06
195        6.22341e-06
196        8.99445e-06
197        9.59394e-06
198        9.5987e-06
199        7.27793e-06
200        4.05274e-06
201        3.36464e-06
202        3.27106e-06
203        3.2862e-06
204        3.28959e-06
205        3.3051e-06
206        3.337e-06 
207        3.28315e-06
208        3.19488e-06
209        3.1667e-06
210        3.14621e-06
211        3.05697e-06
212        3.00847e-06
213        2.96406e-06
214        3.045e-06 
215        3.21635e-06
216        3.26387e-06
217        3.35536e-06
218        3.55419e-06
219        3.59607e-06
220        3.60477e-06
221        3.57567e-06
222        3.49943e-06
223        3.43696e-06
224        3.29509e-06
225        3.18831e-06
226        3.01872e-06
227        2.94296e-06
228        3.0296e-06
229        2.99558e-06
230        2.91967e-06
231        2.98443e-06
232        2.99896e-06
233        2.891e-06 
234        2.96067e-06
235        3.20255e-06
236        3.21631e-06
237        3.37041e-06
238        6.35426e-06
239        9.14909e-06
240        9.44129e-06
241        9.11565e-06
242        6.55229e-06
243        3.39066e-06
244        2.93263e-06
245        3.01883e-06
246        3.05316e-06
247        2.96713e-06
248        2.89925e-06
249        2.93992e-06
250        3.02694e-06
251        3.11135e-06
252        2.94744e-06
253        2.66851e-06
254        2.62865e-06
255        2.63764e-06
256        2.69541e-06
257        2.7892e-06
258        2.80189e-06
259        2.78671e-06
260        2.84768e-06
261        3.03448e-06
262        3.1384e-06
263        3.22977e-06
264        3.16883e-06
265        3.05328e-06
266        2.9254e-06
267        2.80198e-06
268        2.67272e-06
269        2.63581e-06
270        2.78152e-06
271        2.96979e-06
272        3.12107e-06
273        3.41011e-06
274        5.35137e-06
275        7.00864e-06
276        7.23231e-06
277        7.11567e-06
278        5.31642e-06
279        3.43129e-06
280        3.07068e-06
281        3.04955e-06
282        3.05975e-06
283        2.98456e-06
284        2.83416e-06
285        2.69943e-06
286        2.6261e-06
287        2.68154e-06
288        2.67538e-06
289        2.60154e-06
290        2.59693e-06
291        2.63258e-06
292        2.5855e-06
293        2.54018e-06
294        2.56558e-06
295        2.55784e-06
296        2.49832e-06
297        2.9289e-06
298        5.77438e-06
299        8.35401e-06
300        8.6591e-06
301        8.50824e-06
302        6.19202e-06
303        3.15112e-06
304        2.61048e-06
305        2.681e-06 
306        2.73902e-06
307        2.67024e-06
308        2.56991e-06
309        2.58666e-06
310        2.64055e-06
311        2.651e-06 
312        2.61024e-06
313        2.55149e-06
314        2.59812e-06
315        2.58182e-06
316        2.52996e-06
317        2.52694e-06
318        2.46556e-06
319        2.35095e-06
320        2.25014e-06
321        2.25909e-06
322        2.37959e-06
323        2.45052e-06
324        2.36089e-06
325        2.31085e-06
326        2.33005e-06
327        2.2947e-06
328        2.14449e-06
329        2.00398e-06
330        1.98469e-06
331        2.14481e-06
332        2.23476e-06
333        2.30301e-06
334        2.36855e-06
335        2.36906e-06
336        2.36342e-06
337        2.35836e-06
338        2.35733e-06
339        2.28203e-06
340        2.23847e-06
341        2.20325e-06
342        2.12601e-06
343        2.16358e-06
344        2.16708e-06
345        2.09282e-06
346        1.98714e-06
347        1.91463e-06
348        1.93836e-06
349        1.94639e-06
350        2.0678e-06
351        2.1704e-06
352        2.50985e-06
353        4.28328e-06
354        5.41242e-06
355        5.63941e-06
356        5.51191e-06
357        4.12441e-06
358        6.3736e-06
359        9.26356e-06
360        9.65081e-06
361        9.48372e-06
362        6.83052e-06
363        3.08647e-06
364        2.1584e-06
365        2.14811e-06
366        2.13128e-06
367        2.16369e-06
368        2.19161e-06
369        2.19784e-06
370        2.24552e-06
371        2.32495e-06
372        2.34987e-06
373        2.27569e-06
374        2.24549e-06
375        2.25314e-06
376        2.22534e-06
377        2.22884e-06
378        2.15412e-06
379        2.1065e-06
380        2.25145e-06
381        2.3813e-06
382        2.41218e-06
383        2.33095e-06
384        2.16201e-06
385        2.08894e-06
386        2.14582e-06
387        2.21611e-06
388        2.29375e-06
389        2.29677e-06
390        2.18087e-06
391        2.14972e-06
392        2.12236e-06
393        2.19857e-06
394        2.33747e-06
395        2.35012e-06
396        2.23895e-06
397        2.20894e-06
398        2.2754e-06
399        2.27391e-06
400        2.20807e-06
401        2.14747e-06
402        2.10983e-06
403        2.1283e-06
404        2.2082e-06
405        2.29515e-06
406        2.33177e-06
407        2.3129e-06
408        2.23526e-06
409        2.08931e-06
410        2.03817e-06
411        2.07631e-06
412        2.14559e-06
413        2.19525e-06
414        2.18904e-06
415        2.13015e-06
416        2.0087e-06
417        2.43069e-06
418        5.12228e-06
419        7.43988e-06
420        7.74169e-06
421        7.60549e-06
422        5.50563e-06
423        2.62227e-06
424        1.93062e-06
425        1.98921e-06
426        2.03279e-06
427        2.01511e-06
428        2.00911e-06
429        1.99544e-06
430        1.99032e-06
431        2.45567e-06
432        4.06618e-06
433        4.7515e-06
434        4.77656e-06
435        4.35793e-06
436        2.71475e-06
437        1.77122e-06
438        1.73065e-06
439        1.78886e-06
440        1.71e-06  
441        1.63059e-06
442        1.66114e-06
443        1.7759e-06
444        1.8756e-06
445        1.81101e-06
446        1.76546e-06
447        1.70811e-06
448        1.63972e-06
449        1.60573e-06
450        1.63407e-06
451        1.66115e-06
452        1.61051e-06
453        1.68994e-06
454        1.71778e-06
455        1.66537e-06
456        1.70639e-06
457        1.79481e-06
458        1.86905e-06
459        1.87774e-06
460        1.79196e-06
461        1.65789e-06
462        1.55901e-06
463        1.55777e-06
464        1.6281e-06
465        1.6542e-06
466        1.64042e-06
467        1.63308e-06
468        1.64682e-06
469        1.73614e-06
470        1.84577e-06
471        1.98724e-06
472        2.096e-06 
473        2.15597e-06
474        2.17664e-06
475        2.06679e-06
476        1.87947e-06
477        2.11104e-06
478        4.54786e-06
479        6.77939e-06
480        7.09386e-06
481        7.0124e-06
482        5.23542e-06
483        2.66024e-06
484        1.95379e-06
485        1.88903e-06
486        1.8827e-06
487        1.89375e-06
488        1.91102e-06
489        1.93183e-06
490        1.93247e-06
491        1.90597e-06
492        1.83477e-06
493        1.80629e-06
494        1.83621e-06
495        1.83295e-06
496        1.79758e-06
497        1.76249e-06
498        1.7537e-06
499        1.73841e-06
500        1.68681e-06
501        1.64577e-06
502        1.75516e-06
503        1.88878e-06
504        1.97306e-06
505        2.04334e-06
506        2.0457e-06
507        1.98711e-06
508        1.91326e-06
509        1.89426e-06
510        2.35188e-06
511        3.53873e-06
512        3.95407e-06
513        3.95757e-06
514        3.4669e-06
515        2.28625e-06
516        1.88198e-06
517        1.84864e-06
518        1.8043e-06
519        1.73358e-06
520        1.70868e-06
521        1.7362e-06
522        1.82721e-06
523        1.78935e-06
524        1.69514e-06
525        1.92712e-06
526        2.48499e-06
527        2.62787e-06
528        2.58895e-06
529        2.18998e-06
530        1.64911e-06
531        1.57199e-06
532        1.54142e-06
533        1.53439e-06
534        1.49345e-06
535        1.50474e-06
536        1.63595e-06
537        2.06334e-06
538        4.01496e-06
539        5.82656e-06
540        6.05727e-06
541        5.86222e-06
542        4.28607e-06
543        2.00763e-06
544        1.41225e-06
545        1.46931e-06
546        1.59757e-06
547        1.65385e-06
548        1.61671e-06
549        1.55587e-06
550        1.54357e-06
551        1.61189e-06
552        1.61989e-06
553        1.58663e-06
554        1.51656e-06
555        1.56356e-06
556        1.5951e-06
557        1.45561e-06
558        1.37974e-06
559        1.47151e-06
560        1.53415e-06
561        1.59601e-06
562        1.63264e-06
563        1.57002e-06
564        1.46748e-06
565        1.3747e-06
566        1.4461e-06
567        1.56376e-06
568        1.55473e-06
569        1.50117e-06
570        1.5143e-06
571        1.58677e-06
572        1.56539e-06
573        1.55398e-06
574        1.51971e-06
575        1.40613e-06
576        1.35708e-06
577        1.41734e-06
578        1.53911e-06
579        1.64206e-06
580        1.69899e-06
581        1.70143e-06
582        1.63037e-06
583        1.54726e-06
584        1.57506e-06
585        1.70776e-06
586        1.74308e-06
587        1.72889e-06
588        1.70685e-06
589        2.19633e-06
590        3.00212e-06
591        3.12618e-06
592        3.13851e-06
593        2.73376e-06
594        1.9672e-06
595        1.74904e-06
596        1.69086e-06
597        1.76719e-06
598        3.02754e-06
599        4.42655e-06
600        4.68958e-06
601        4.6556e-06
602        3.57414e-06
603        2.0043e-06
604        1.57833e-06
605        1.52745e-06
606        1.50808e-06
607        1.49726e-06
608        1.52076e-06
609        1.5099e-06
610        1.49064e-06
611        1.46334e-06
612        1.42819e-06
613        1.47679e-06
614        1.5483e-06
615        1.55008e-06
616        1.50761e-06
617        1.47156e-06
618        1.53404e-06
619        1.64501e-06
620        1.75287e-06
621        1.8233e-06
622        1.81792e-06
623        1.79262e-06
624        1.74671e-06
625        1.70159e-06
626        1.67238e-06
627        1.61084e-06
628        1.52899e-06
629        1.53654e-06
630        1.52276e-06
631        1.53333e-06
632        1.67696e-06
633        1.74472e-06
634        1.73763e-06
635        1.68997e-06
636        1.60105e-06
637        1.53782e-06
638        1.49032e-06
639        1.44933e-06
640        1.41801e-06
641        1.44088e-06
642        1.50418e-06
643        1.51621e-06
644        1.47077e-06
645        1.42885e-06
646        1.44644e-06
647        1.5283e-06
648        1.53015e-06
649        1.42977e-06
650        1.34512e-06
651        1.32738e-06
652        1.373e-06 
653        1.45569e-06
654        1.43146e-06
655        1.2649e-06
656        1.17128e-06
657        1.39178e-06
658        2.77619e-06
659        4.05149e-06
660        4.23327e-06
661        4.17809e-06
662        3.15949e-06
663        1.77477e-06
664        1.53297e-06
665        1.5341e-06
666        1.49431e-06
667        1.47864e-06
668        1.88433e-06
669        2.43897e-06
670        2.52153e-06
671        2.49672e-06
672        2.04666e-06
673        1.49057e-06
674        1.3753e-06
675        1.33716e-06
676        1.32912e-06
677        1.34735e-06
678        1.38685e-06
679        1.403e-06 
680        1.42131e-06
681        1.50177e-06
682        1.57541e-06
683        1.61354e-06
684        1.56323e-06
685        1.43231e-06
686        1.34168e-06
687        1.29817e-06
688        1.33162e-06
689        1.38643e-06
690        1.38109e-06
691        1.32059e-06
692        1.33853e-06
693        1.45258e-06
694        1.5555e-06
695        1.5999e-06
696        1.53298e-06
697        1.46526e-06
698        1.41967e-06
699        1.38549e-06
700        1.37821e-06
701        1.40366e-06
702        1.43367e-06
703        1.45634e-06
704        1.47585e-06
705        1.46265e-06
706        1.44293e-06
707        1.49442e-06
708        1.55053e-06
709        1.56244e-06
710        1.56516e-06
711        1.52471e-06
712        1.46059e-06
713        1.4731e-06
714        1.46863e-06
715        1.49759e-06
716        1.53187e-06
717        1.59546e-06
718        2.51531e-06
719        3.53293e-06
720        3.71829e-06
721        3.70807e-06
722        2.8684e-06
723        1.74811e-06
724        1.48262e-06
725        1.44273e-06
726        1.47218e-06
727        1.47356e-06
728        1.4301e-06
729        1.35978e-06
730        1.3181e-06
731        1.32328e-06
732        1.31735e-06
733        1.27424e-06
734        1.27713e-06
735        1.32754e-06
736        1.41696e-06
737        1.45755e-06
738        1.41437e-06
739        1.38972e-06
740        1.38236e-06
741        1.38115e-06
742        1.42397e-06
743        1.46533e-06
744        1.46621e-06
745        1.47423e-06
746        1.52346e-06
747        1.87336e-06
748        2.19608e-06
749        2.20027e-06
750        2.1803e-06
751        1.85769e-06
752        1.56146e-06
753        1.43554e-06
754        1.33023e-06
755        1.35673e-06
756        1.42914e-06
757        1.40271e-06
758        1.38533e-06
759        1.34506e-06
760        1.30695e-06
761        1.35511e-06
762        1.4229e-06
763        1.41736e-06
764        1.37829e-06
765        1.35155e-06
766        1.3437e-06
767        1.33032e-06
768        1.28429e-06
769        1.25527e-06
770        1.25301e-06
771        1.29169e-06
772        1.38438e-06
773        1.46306e-06
774        1.47192e-06
775        1.43523e-06
776        1.32256e-06
777        1.23319e-06
778        2.12077e-06
779        3.16565e-06
780        3.38606e-06
781        3.29577e-06
782        2.49378e-06
783        1.49264e-06
784        1.33718e-06
785        1.27268e-06
786        1.25425e-06
787        1.30385e-06
788        1.35382e-06
789        1.42307e-06
790        1.40199e-06
791        1.301e-06 
792        1.21658e-06
793        1.1869e-06
794        1.25288e-06
795        1.38318e-06
796        1.41883e-06
797        1.37801e-06
798        1.34535e-06
799        1.36701e-06
800        1.39131e-06
801        1.38978e-06
802        1.40169e-06
803        1.36557e-06
804        1.35871e-06
805        1.36431e-06
806        1.35968e-06
807        1.35609e-06
808        1.37191e-06
809        1.43153e-06
810        1.42106e-06
811        1.36577e-06
812        1.34503e-06
813        1.35204e-06
814        1.39745e-06
815        1.42016e-06
816        1.3882e-06
817        1.33576e-06
818        1.2719e-06
819        1.2451e-06
820        1.30918e-06
821        1.41558e-06
822        1.47708e-06
823        1.44932e-06
824        1.38096e-06
825        1.36695e-06
826        1.6706e-06
827        1.95401e-06
828        2.04228e-06
829        2.0133e-06
830        1.60445e-06
831        1.36989e-06
832        1.42009e-06
833        1.40246e-06
834        1.33524e-06
835        1.3162e-06
836        1.32201e-06
837        1.43182e-06
838        1.95714e-06
839        2.55481e-06
840        2.6235e-06
841        2.5903e-06
842        2.13093e-06
843        1.5131e-06
844        1.44601e-06
845        1.45702e-06
846        1.37332e-06
847        1.25285e-06
848        1.17683e-06
849        1.21029e-06
850        1.33564e-06
851        1.38653e-06
852        1.41928e-06
853        1.4015e-06
854        1.38223e-06
855        1.34598e-06
856        1.31277e-06
857        1.26215e-06
858        1.22052e-06
859        1.29024e-06
860        1.38116e-06
861        1.47847e-06
862        1.52202e-06
863        1.49322e-06
864        1.40002e-06
865        1.37327e-06
866        1.45231e-06
867        1.43882e-06
868        1.37717e-06
869        1.27472e-06
870        1.21648e-06
871        1.28897e-06
872        1.35582e-06
873        1.363e-06 
874        1.31841e-06
875        1.33965e-06
876        1.39698e-06
877        1.44485e-06
878        1.40588e-06
879        1.31879e-06
880        1.26169e-06
881        1.22241e-06
882        1.18428e-06
883        1.16735e-06
884        1.18789e-06
885        1.17311e-06
886        1.15878e-06
887        1.23972e-06
888        1.34438e-06
889        1.3623e-06
890        1.31402e-06
891        1.23186e-06
892        1.23977e-06
893        1.24206e-06
894        1.19954e-06
895        1.19689e-06
896        1.22036e-06
897        1.31609e-06
898        1.70421e-06
899        2.04711e-06
900        2.03693e-06
901        1.95646e-06
902        1.7064e-06
903        1.48054e-06
904        1.60133e-06
905        1.88282e-06
906        1.95241e-06
907        1.91192e-06
908        1.76466e-06
909        1.37576e-06
910        1.24318e-06
911        1.27112e-06
912        1.32177e-06
913        1.3066e-06
914        1.26428e-06
915        1.30751e-06
916        1.31628e-06
917        1.26819e-06
918        1.22224e-06
919        1.22887e-06
920        1.28003e-06
921        1.3184e-06
922        1.29287e-06
923        1.24907e-06
924        1.25575e-06
925        1.26988e-06
926        1.27434e-06
927        1.26568e-06
928        1.26419e-06
929        1.27644e-06
930        1.24805e-06
931        1.19322e-06
932        1.20307e-06
933        1.25614e-06
934        1.31042e-06
935        1.33264e-06
936        1.35886e-06
937        1.40599e-06
938        1.37841e-06
939        1.28558e-06
940        1.2573e-06
941        1.28417e-06
942        1.30933e-06
943        1.34303e-06
944        1.38146e-06
945        1.43233e-06
946        1.44499e-06
947        1.45901e-06
948        1.35719e-06
949        1.22035e-06
950        1.19831e-06
951        1.25903e-06
952        1.31926e-06
953        1.32995e-06
954        1.2869e-06
955        1.20792e-06
956        1.23773e-06
957        1.33683e-06
958        1.40456e-06
959        1.36151e-06
960        1.26889e-06
961        1.30451e-06
962        1.31774e-06
963        1.22681e-06
964        1.16495e-06
965        1.21422e-06
966        1.33886e-06
967        1.39606e-06
968        1.35e-06  
969        1.27688e-06
970        1.22238e-06
971        1.1974e-06
972        1.15868e-06
973        1.12219e-06
974        1.18567e-06
975        1.30409e-06
976        1.33185e-06
977        1.24003e-06
978        1.13821e-06
979        1.1823e-06
980        1.31067e-06
981        1.3937e-06
982        1.36451e-06
983        1.42832e-06
984        1.72979e-06
985        1.7992e-06
986        1.83966e-06
987        1.78163e-06
988        1.42529e-06
989        1.23283e-06
990        1.18617e-06
991        1.21304e-06
992        1.26837e-06
993        1.28362e-06
994        1.2988e-06
995        1.31812e-06
996        1.29326e-06
997        1.26746e-06
998        1.33644e-06
999        1.46235e-06
1000       1.45248e-06
1001       1.44748e-06
1002       1.27435e-06
1003       1.15358e-06
1004       1.21391e-06
1005       1.27681e-06
1006       1.29447e-06
1007       1.27253e-06
1008       1.27029e-06
1009       1.25308e-06
1010       1.26046e-06
1011       1.27331e-06
1012       1.25229e-06
1013       1.17004e-06
1014       1.11216e-06
1015       1.11827e-06
1016       1.1619e-06
1017       1.25581e-06
1018       1.37132e-06
1019       1.45333e-06
1020       1.44934e-06
1021       1.40262e-06
1022       1.3292e-06
1023       1.37508e-06
1024       1.44168e-06
1025       1.47399e-06
1026       1.4874e-06
1027       1.36168e-06
1028       1.24879e-06
1029       1.16228e-06
1030       1.11061e-06
1031       1.0691e-06
1032       1.07861e-06
1033       1.11061e-06
1034       1.09466e-06
1035       1.07752e-06
1036       1.09759e-06
1037       1.17631e-06
1038       1.19914e-06
1039       1.15279e-06
1040       1.12122e-06
1041       1.09997e-06
1042       1.08256e-06
1043       1.11022e-06
1044       1.14107e-06
1045       1.13151e-06
1046       1.18713e-06
1047       1.23438e-06
1048       1.24677e-06
1049       1.23e-06  
1050       1.22112e-06
1051       1.24479e-06
1052       1.25414e-06
1053       1.23827e-06
1054       1.20029e-06
1055       1.18157e-06
1056       1.22906e-06
1057       1.27657e-06
1058       1.31375e-06
1059       1.32197e-06
1060       1.30536e-06
1061       1.28888e-06
1062       1.42835e-06
1063       1.69423e-06
1064       1.77241e-06
1065       1.82497e-06
1066       1.65487e-06
1067       1.37931e-06
1068       1.3007e-06
1069       1.27599e-06
1070       1.25991e-06
1071       1.27546e-06
1072       1.30389e-06
1073       1.23281e-06
1074       1.16725e-06
1075       1.15763e-06
1076       1.17032e-06
1077       1.18734e-06
1078       1.32341e-06
1079       1.52278e-06
1080       1.61644e-06
1081       1.66181e-06
1082       1.57237e-06
1083       1.43064e-06
1084       1.3445e-06
1085       1.2637e-06
1086       1.19239e-06
1087       1.16502e-06
1088       1.17417e-06
1089       1.22526e-06
1090       1.20532e-06
1091       1.18912e-06
1092       1.14652e-06
1093       1.09436e-06
1094       1.10242e-06
1095       1.13406e-06
1096       1.1851e-06
1097       1.22755e-06
1098       1.25973e-06
1099       1.29911e-06
1100       1.30499e-06
1101       1.32618e-06
1102       1.38468e-06
1103       1.3778e-06
1104       1.32845e-06
1105       1.28969e-06
1106       1.24477e-06
1107       1.23515e-06
1108       1.24843e-06
1109       1.24715e-06
1110       1.21971e-06
1111       1.20021e-06
1112       1.17629e-06
1113       1.15679e-06
1114       1.18953e-06
1115       1.22104e-06
1116       1.23531e-06
1117       1.26644e-06
1118       1.28334e-06
1119       1.26798e-06
1120       1.25872e-06
1121       1.20373e-06
1122       1.14041e-06
1123       1.09552e-06
1124       1.11249e-06
1125       1.15432e-06
1126       1.21581e-06
1127       1.28852e-06
1128       1.29476e-06
1129       1.26584e-06
1130       1.17253e-06
1131       1.11516e-06
1132       1.09966e-06
1133       1.13381e-06
1134       1.15627e-06
1135       1.16106e-06
1136       1.1611e-06
1137       1.16981e-06
1138       1.36112e-06
1139       1.65191e-06
1140       1.78634e-06
1141       2.00734e-06
1142       2.09807e-06
1143       1.93298e-06
1144       1.94666e-06
1145       1.66428e-06
1146       1.23535e-06
1147       1.06487e-06
1148       1.05342e-06
1149       1.14374e-06
1150       1.20766e-06
1151       1.20536e-06
1152       1.1447e-06
1153       1.09784e-06
1154       1.08338e-06
1155       1.12887e-06
1156       1.16779e-06
1157       1.18648e-06
1158       1.17716e-06
1159       1.22918e-06
1160       1.25622e-06
1161       1.25175e-06
1162       1.21538e-06
1163       1.15803e-06
1164       1.11255e-06
1165       1.09432e-06
1166       1.11959e-06
1167       1.15437e-06
1168       1.17481e-06
1169       1.22889e-06
1170       1.27781e-06
1171       1.33953e-06
1172       1.42251e-06
1173       1.48172e-06
1174       1.50355e-06
1175       1.51238e-06
1176       1.50807e-06
1177       1.46226e-06
1178       1.34902e-06
1179       1.27871e-06
1180       1.29031e-06
1181       1.35559e-06
1182       1.35708e-06
1183       1.31779e-06
1184       1.27519e-06
1185       1.21778e-06
1186       1.2052e-06
1187       1.19164e-06
1188       1.20965e-06
1189       1.23105e-06
1190       1.19126e-06
1191       1.14521e-06
1192       1.17383e-06
1193       1.22703e-06
1194       1.21267e-06
1195       1.171e-06 
1196       1.19269e-06
1197       1.26257e-06
1198       1.42581e-06
1199       1.67539e-06
1200       1.73408e-06
1201       1.73142e-06
1202       1.54729e-06
1203       1.28649e-06
1204       1.15894e-06
1205       1.06862e-06
1206       1.07396e-06
1207       1.0649e-06
1208       1.09891e-06
1209       1.18212e-06
1210       1.22863e-06
1211       1.24483e-06
1212       1.22682e-06
1213       1.20181e-06
1214       1.21521e-06
1215       1.23097e-06
1216       1.21606e-06
1217       1.17779e-06
1218       1.09307e-06
1219       1.06762e-06
1220       1.46439e-06
1221       1.81903e-06
1222       1.8615e-06
1223       1.7814e-06
1224       1.379e-06 
1225       1.10417e-06
1226       1.10368e-06
1227       1.14115e-06
1228       1.12443e-06
1229       1.07679e-06
1230       1.05245e-06
1231       1.07689e-06
1232       1.09845e-06
1233       1.07915e-06
1234       1.11707e-06
1235       1.1955e-06
1236       1.21732e-06
1237       1.12313e-06
1238       1.00073e-06
1239       1.02823e-06
1240       1.10323e-06
1241       1.17234e-06
1242       1.22252e-06
1243       1.21766e-06
1244       1.12635e-06
1245       1.03354e-06
1246       1.05326e-06
1247       1.1342e-06
1248       1.20029e-06
1249       1.15849e-06
1250       1.08893e-06
1251       1.07951e-06
1252       1.11208e-06
1253       1.08952e-06
1254       1.06146e-06
1255       1.08436e-06
1256       1.16511e-06
1257       1.24591e-06
1258       1.53927e-06
1259       2.00066e-06
1260       2.18526e-06
1261       2.18017e-06
1262       1.87322e-06
1263       1.39797e-06
1264       1.20317e-06
1265       1.30021e-06
1266       1.3788e-06
1267       1.34379e-06
1268       1.18985e-06
1269       1.00906e-06
1270       9.62701e-07
1271       1.01446e-06
1272       1.08584e-06
1273       1.18788e-06
1274       1.20392e-06
1275       1.16032e-06
1276       1.12761e-06
1277       1.15419e-06
1278       1.22525e-06
1279       1.26844e-06
1280       1.23824e-06
1281       1.17955e-06
1282       1.1727e-06
1283       1.17785e-06
1284       1.16426e-06
1285       1.15681e-06
1286       1.13165e-06
1287       1.05578e-06
1288       1.02901e-06
1289       1.06489e-06
1290       1.08773e-06
1291       1.09168e-06
1292       1.07463e-06
1293       1.09191e-06
1294       1.11057e-06
1295       1.12174e-06
1296       1.13341e-06
1297       1.11411e-06
1298       1.1386e-06
1299       1.40309e-06
1300       1.63153e-06
1301       1.65901e-06
1302       1.58475e-06
1303       1.27318e-06
1304       1.12787e-06
1305       1.17846e-06
1306       1.22577e-06
1307       1.23131e-06
1308       1.16022e-06
1309       1.06307e-06
1310       1.10667e-06
1311       1.1929e-06
1312       1.19407e-06
1313       1.11852e-06
1314       1.02609e-06
1315       9.75139e-07
1316       9.68568e-07
1317       1.02538e-06
1318       1.38188e-06
1319       1.81266e-06
1320       1.90464e-06
1321       1.89438e-06
1322       1.61689e-06
1323       1.21553e-06
1324       1.17585e-06
1325       1.20504e-06
1326       1.22677e-06
1327       1.22473e-06
1328       1.21575e-06
1329       1.16015e-06
1330       1.11456e-06
1331       1.13763e-06
1332       1.143e-06 
1333       1.12612e-06
1334       1.08052e-06
1335       1.06324e-06
1336       1.10462e-06
1337       1.13682e-06
1338       1.19255e-06
1339       1.29281e-06
1340       1.2767e-06
1341       1.28284e-06
1342       1.22792e-06
1343       1.16422e-06
1344       1.22628e-06
1345       1.25468e-06
1346       1.22108e-06
1347       1.18151e-06
1348       1.14806e-06
1349       1.1557e-06
1350       1.14235e-06
1351       1.10548e-06
1352       1.06975e-06
1353       1.03837e-06
1354       1.06433e-06
1355       1.1253e-06
1356       1.16847e-06
1357       1.19843e-06
1358       1.18479e-06
1359       1.14949e-06
1360       1.19034e-06
1361       1.22979e-06
1362       1.22032e-06
1363       1.17324e-06
1364       1.15869e-06
1365       1.1396e-06
1366       1.11825e-06
1367       1.13614e-06
1368       1.14601e-06
1369       1.12868e-06
1370       1.11746e-06
1371       1.17497e-06
1372       1.21035e-06
1373       1.20489e-06
1374       1.15311e-06
1375       1.09099e-06
1376       1.03557e-06
1377       1.03593e-06
1378       1.54212e-06
1379       2.15614e-06
1380       2.36891e-06
1381       2.34903e-06
1382       1.87024e-06
1383       1.21942e-06
1384       1.04147e-06
1385       1.07841e-06
1386       1.1627e-06
1387       1.21881e-06
1388       1.20749e-06
1389       1.21399e-06
1390       1.17783e-06
1391       1.11762e-06
1392       1.1111e-06
1393       1.08912e-06
1394       1.04831e-06
1395       1.06706e-06
1396       1.11662e-06
1397       1.16174e-06
1398       1.17727e-06
1399       1.16237e-06
1400       1.09523e-06
1401       1.12615e-06
1402       1.19965e-06
1403       1.20057e-06
1404       1.19332e-06
1405       1.17366e-06
1406       1.19462e-06
1407       1.23397e-06
1408       1.20738e-06
1409       1.14715e-06
1410       1.11651e-06
1411       1.12294e-06
1412       1.16711e-06
1413       1.19651e-06
1414       1.20128e-06
1415       1.16018e-06
1416       1.12278e-06
1417       1.20834e-06
1418       1.32606e-06
1419       1.33115e-06
1420       1.26587e-06
1421       1.08118e-06
1422       9.78105e-07
1423       9.73743e-07
1424       9.69077e-07
1425       1.00644e-06
1426       1.05056e-06
1427       1.07614e-06
1428       1.06786e-06
1429       1.0503e-06
1430       1.0546e-06
1431       1.0396e-06
1432       1.047e-06 
1433       1.0883e-06
1434       1.11159e-06
1435       1.11458e-06
1436       1.12656e-06
1437       1.14869e-06
1438       1.52464e-06
1439       2.07739e-06
1440       2.2181e-06
1441       2.16541e-06
1442       1.76216e-06
1443       1.19195e-06
1444       1.0637e-06
1445       1.12361e-06
1446       1.15332e-06
1447       1.13145e-06
1448       1.15466e-06
1449       1.23106e-06
1450       1.23589e-06
1451       1.18648e-06
1452       1.16792e-06
1453       1.19652e-06
1454       1.18716e-06
1455       1.11286e-06
1456       1.05781e-06
1457       1.08853e-06
1458       1.10245e-06
1459       1.07378e-06
1460       1.05797e-06
1461       1.04683e-06
1462       1.07012e-06
1463       1.09443e-06
1464       1.16219e-06
1465       1.233e-06 
1466       1.2317e-06
1467       1.23174e-06
1468       1.2206e-06
1469       1.19766e-06
1470       1.15655e-06
1471       1.13604e-06
1472       1.12077e-06
1473       1.10624e-06
1474       1.12041e-06
1475       1.10623e-06
1476       1.15364e-06
1477       1.21166e-06
1478       1.18904e-06
1479       1.11848e-06
1480       1.10737e-06
1481       1.19644e-06
1482       1.2442e-06
1483       1.23836e-06
1484       1.20668e-06
1485       1.11768e-06
1486       1.04805e-06
1487       1.02358e-06
1488       9.94399e-07
1489       1.02402e-06
1490       1.0962e-06
1491       1.13255e-06
1492       1.13126e-06
1493       1.14556e-06
1494       1.22617e-06
1495       1.33066e-06
1496       1.41662e-06
1497       1.46929e-06
1498       1.82113e-06
1499       2.34375e-06
1500       2.43769e-06
1501       2.35857e-06
1502       1.91871e-06
1503       1.33303e-06
1504       1.21564e-06
1505       1.26601e-06
1506       1.29298e-06
1507       1.25607e-06
1508       1.26642e-06
1509       1.3225e-06
1510       1.33714e-06
1511       1.27861e-06
1512       1.16417e-06
1513       1.07194e-06
1514       1.06002e-06
1515       1.03022e-06
1516       9.85577e-07
1517       9.91201e-07
1518       9.91661e-07
1519       9.77566e-07
1520       1.00082e-06
1521       1.02992e-06
1522       1.06468e-06
1523       1.11479e-06
1524       1.13941e-06
1525       1.11281e-06
1526       1.10496e-06
1527       1.0875e-06
1528       1.06031e-06
1529       1.06652e-06
1530       1.07009e-06
1531       1.04325e-06
1532       9.8737e-07
1533       9.69165e-07
1534       9.77624e-07
1535       1.01406e-06
1536       1.05143e-06
1537       1.05815e-06
1538       1.08227e-06
1539       1.08317e-06
1540       1.10074e-06
1541       1.13967e-06
1542       1.16402e-06
1543       1.1185e-06
1544       1.04537e-06
1545       9.73972e-07
1546       1.01598e-06
1547       1.08846e-06
1548       1.11849e-06
1549       1.21162e-06
1550       1.27843e-06
1551       1.27681e-06
1552       1.22135e-06
1553       1.12245e-06
1554       1.0356e-06
1555       1.00259e-06
1556       1.04029e-06
1557       1.19054e-06
1558       1.63808e-06
1559       2.13915e-06
1560       2.29339e-06
1561       2.3019e-06
1562       1.92817e-06
1563       1.3132e-06
1564       1.08523e-06
1565       1.05636e-06
1566       1.01126e-06
1567       9.66097e-07
1568       1.01333e-06
1569       1.04226e-06
1570       9.7673e-07
1571       9.09387e-07
1572       8.96368e-07
1573       9.16431e-07
1574       9.82722e-07
1575       1.10832e-06
1576       1.17874e-06
1577       1.22347e-06
1578       1.1747e-06
1579       1.01852e-06
1580       9.77093e-07
1581       1.06016e-06
1582       1.1599e-06
1583       1.1756e-06
1584       1.14419e-06
1585       1.12665e-06
1586       1.11022e-06
1587       1.12013e-06
1588       1.1051e-06
1589       1.08471e-06
1590       1.08018e-06
1591       1.06788e-06
1592       1.09101e-06
1593       1.11925e-06
1594       1.08527e-06
1595       1.09643e-06
1596       1.12258e-06
1597       1.15516e-06
1598       1.17645e-06
1599       1.14389e-06
1600       1.12761e-06
