# Freq.    Mag.
0          6.50627e-05
0.0625     6.3267e-05
0.125      4.28889e-05
0.1875     1.46561e-05
0.25       7.73787e-06
0.3125     8.87753e-06
0.375      1.01717e-05
0.4375     1.07969e-05
0.5        1.10404e-05
0.5625     1.22806e-05
0.625      1.4066e-05
0.6875     1.52219e-05
0.75       1.52546e-05
0.8125     1.58926e-05
0.875      1.67118e-05
0.9375     1.64578e-05
1          1.60029e-05
1.0625     1.54085e-05
1.125      1.51573e-05
1.1875     1.59642e-05
1.25       1.63387e-05
1.3125     1.65791e-05
1.375      1.676e-05 
1.4375     1.59906e-05
1.5        1.5144e-05
1.5625     1.56228e-05
1.625      1.65127e-05
1.6875     1.72404e-05
1.75       1.73023e-05
1.8125     1.73167e-05
1.875      1.76803e-05
1.9375     1.6775e-05
2          1.49218e-05
2.0625     1.38827e-05
2.125      1.36063e-05
2.1875     1.39738e-05
2.25       1.51937e-05
2.3125     1.6455e-05
2.375      1.67716e-05
2.4375     1.65722e-05
2.5        1.69103e-05
2.5625     1.69768e-05
2.625      1.73295e-05
2.6875     1.75963e-05
2.75       1.7292e-05
2.8125     1.65667e-05
2.875      1.60322e-05
2.9375     1.55771e-05
3          1.56176e-05
3.0625     1.58757e-05
3.125      1.62939e-05
3.1875     1.64132e-05
3.25       1.67926e-05
3.3125     1.73053e-05
3.375      1.77019e-05
3.4375     1.78691e-05
3.5        1.67911e-05
3.5625     1.51936e-05
3.625      1.38614e-05
3.6875     1.37107e-05
3.75       1.47914e-05
3.8125     1.69614e-05
3.875      1.79857e-05
3.9375     1.86851e-05
4          1.98798e-05
4.0625     1.976e-05 
4.125      1.83741e-05
4.1875     1.70702e-05
4.25       1.66382e-05
4.3125     1.75875e-05
4.375      1.82148e-05
4.4375     1.8529e-05
4.5        1.81537e-05
4.5625     1.72527e-05
4.625      1.63987e-05
4.6875     1.69075e-05
4.75       1.81016e-05
4.8125     1.86512e-05
4.875      1.93023e-05
4.9375     1.92058e-05
5          1.88527e-05
5.0625     1.88368e-05
5.125      1.83417e-05
5.1875     1.73277e-05
5.25       1.65571e-05
5.3125     1.59437e-05
5.375      1.55943e-05
5.4375     1.55913e-05
5.5        1.66456e-05
5.5625     1.7671e-05
5.625      1.84427e-05
5.6875     1.88147e-05
5.75       1.88268e-05
5.8125     1.86205e-05
5.875      1.79264e-05
5.9375     1.65806e-05
6          1.55347e-05
6.0625     1.49644e-05
6.125      1.48019e-05
6.1875     1.58367e-05
6.25       1.71614e-05
6.3125     1.70329e-05
6.375      1.69325e-05
6.4375     1.79762e-05
6.5        1.89223e-05
6.5625     1.91503e-05
6.625      1.86177e-05
6.6875     1.70334e-05
6.75       1.48966e-05
6.8125     1.36891e-05
6.875      1.38825e-05
6.9375     1.44253e-05
7          1.49636e-05
7.0625     1.73312e-05
7.125      1.89027e-05
7.1875     1.94851e-05
7.25       1.93289e-05
7.3125     1.80371e-05
7.375      1.68605e-05
7.4375     1.6987e-05
7.5        1.58413e-05
7.5625     1.37717e-05
7.625      1.24249e-05
7.6875     1.35543e-05
7.75       1.59878e-05
7.8125     1.72453e-05
7.875      1.76322e-05
7.9375     1.70159e-05
8          1.64942e-05
8.0625     1.58589e-05
8.125      1.53619e-05
8.1875     1.56227e-05
8.25       1.63672e-05
8.3125     1.69323e-05
8.375      1.69172e-05
8.4375     1.67467e-05
8.5        1.72702e-05
8.5625     1.7254e-05
8.625      1.63343e-05
8.6875     1.55302e-05
8.75       1.45736e-05
8.8125     1.38079e-05
8.875      1.34802e-05
8.9375     1.48433e-05
9          1.65138e-05
9.0625     1.76689e-05
9.125      1.8703e-05
9.1875     1.80918e-05
9.25       1.66716e-05
9.3125     1.56576e-05
9.375      1.4733e-05
9.4375     1.4726e-05
9.5        1.52264e-05
9.5625     1.58146e-05
9.625      1.70841e-05
9.6875     1.78067e-05
9.75       1.77575e-05
9.8125     1.75528e-05
9.875      1.71343e-05
9.9375     1.6764e-05
10         1.61007e-05
10.0625    1.58967e-05
10.125     1.61216e-05
10.1875    1.57806e-05
10.25      1.5267e-05
10.3125    1.51042e-05
10.375     1.55574e-05
10.4375    1.57254e-05
10.5       1.6078e-05
10.5625    1.59081e-05
10.625     1.61341e-05
10.6875    1.62831e-05
10.75      1.56523e-05
10.8125    1.49628e-05
10.875     1.46959e-05
10.9375    1.50194e-05
11         1.42459e-05
11.0625    1.2825e-05
11.125     1.17478e-05
11.1875    1.36017e-05
11.25      1.57472e-05
11.3125    1.56242e-05
11.375     1.52074e-05
11.4375    1.58866e-05
11.5       1.77376e-05
11.5625    1.85194e-05
11.625     1.79926e-05
11.6875    1.62018e-05
11.75      1.46921e-05
11.8125    1.49396e-05
11.875     1.56802e-05
11.9375    1.57993e-05
12         1.55776e-05
12.0625    1.47271e-05
12.125     1.52311e-05
12.1875    1.74838e-05
12.25      1.80723e-05
12.3125    1.696e-05 
12.375     1.59997e-05
12.4375    1.47451e-05
12.5       1.42686e-05
12.5625    1.44187e-05
12.625     1.37305e-05
12.6875    1.34462e-05
12.75      1.37414e-05
12.8125    1.54787e-05
12.875     1.73095e-05
12.9375    1.72536e-05
13         1.6944e-05
13.0625    1.67588e-05
13.125     1.6277e-05
13.1875    1.64783e-05
13.25      1.65162e-05
13.3125    1.65711e-05
13.375     1.6554e-05
13.4375    1.61393e-05
13.5       1.5838e-05
13.5625    1.40456e-05
13.625     1.26609e-05
13.6875    1.34632e-05
13.75      1.44075e-05
13.8125    1.5273e-05
13.875     1.73668e-05
13.9375    1.99543e-05
14         2.00293e-05
14.0625    1.87991e-05
14.125     1.73228e-05
14.1875    1.64129e-05
14.25      1.71045e-05
14.3125    1.80817e-05
14.375     1.76183e-05
14.4375    1.61176e-05
14.5       1.57543e-05
14.5625    1.53102e-05
14.625     1.4853e-05
14.6875    1.42376e-05
14.75      1.37953e-05
14.8125    1.40627e-05
14.875     1.32493e-05
14.9375    1.27305e-05
15         1.35257e-05
15.0625    1.51002e-05
15.125     1.65002e-05
15.1875    1.71651e-05
15.25      1.75697e-05
15.3125    1.67775e-05
15.375     1.57324e-05
15.4375    1.60078e-05
15.5       1.60665e-05
15.5625    1.6909e-05
15.625     1.60858e-05
15.6875    1.50525e-05
15.75      1.57189e-05
15.8125    1.6012e-05
15.875     1.59854e-05
15.9375    1.60675e-05
16         1.6681e-05
16.0625    1.76099e-05
16.125     1.68074e-05
16.1875    1.61432e-05
16.25      1.595e-05 
16.3125    1.50998e-05
16.375     1.50034e-05
16.4375    1.51579e-05
16.5       1.47511e-05
16.5625    1.49814e-05
16.625     1.52465e-05
16.6875    1.60993e-05
16.75      1.74108e-05
16.8125    1.7338e-05
16.875     1.64184e-05
16.9375    1.59471e-05
17         1.60609e-05
17.0625    1.66087e-05
17.125     1.74663e-05
17.1875    1.70257e-05
17.25      1.53042e-05
17.3125    1.34904e-05
17.375     1.20447e-05
17.4375    1.15066e-05
17.5       1.20192e-05
17.5625    1.29764e-05
17.625     1.51758e-05
17.6875    1.7093e-05
17.75      1.69924e-05
17.8125    1.54959e-05
17.875     1.39093e-05
17.9375    1.34336e-05
18         1.40238e-05
18.0625    1.41304e-05
18.125     1.45504e-05
18.1875    1.5787e-05
18.25      1.64662e-05
18.3125    1.61327e-05
18.375     1.47625e-05
18.4375    1.39733e-05
18.5       1.44003e-05
18.5625    1.39551e-05
18.625     1.37124e-05
18.6875    1.38147e-05
18.75      1.45066e-05
18.8125    1.44948e-05
18.875     1.49833e-05
18.9375    1.61695e-05
19         1.69656e-05
19.0625    1.6429e-05
19.125     1.49143e-05
19.1875    1.44215e-05
19.25      1.56172e-05
19.3125    1.63095e-05
19.375     1.50819e-05
19.4375    1.34662e-05
19.5       1.35118e-05
19.5625    1.408e-05 
19.625     1.39335e-05
19.6875    1.40421e-05
19.75      1.42382e-05
19.8125    1.37899e-05
19.875     1.35045e-05
19.9375    1.43122e-05
20         1.509e-05 
20.0625    1.50862e-05
20.125     1.50188e-05
20.1875    1.56531e-05
20.25      1.68068e-05
20.3125    1.80762e-05
20.375     1.90188e-05
20.4375    1.83205e-05
20.5       1.66699e-05
20.5625    1.50018e-05
20.625     1.4592e-05
20.6875    1.53274e-05
20.75      1.60526e-05
20.8125    1.56851e-05
20.875     1.52105e-05
20.9375    1.49688e-05
21         1.532e-05 
21.0625    1.58467e-05
21.125     1.51268e-05
21.1875    1.29289e-05
21.25      1.17553e-05
21.3125    1.26685e-05
21.375     1.40983e-05
21.4375    1.49185e-05
21.5       1.41861e-05
21.5625    1.31078e-05
21.625     1.25528e-05
21.6875    1.27106e-05
21.75      1.39382e-05
21.8125    1.38687e-05
21.875     1.38351e-05
21.9375    1.45952e-05
22         1.51892e-05
22.0625    1.57763e-05
22.125     1.64094e-05
22.1875    1.69279e-05
22.25      1.61312e-05
22.3125    1.47993e-05
22.375     1.39434e-05
22.4375    1.36883e-05
22.5       1.36598e-05
22.5625    1.4249e-05
22.625     1.57166e-05
22.6875    1.6211e-05
22.75      1.58699e-05
22.8125    1.52435e-05
22.875     1.45203e-05
22.9375    1.40094e-05
23         1.35429e-05
23.0625    1.41828e-05
23.125     1.50331e-05
23.1875    1.52784e-05
23.25      1.51601e-05
23.3125    1.5432e-05
23.375     1.46203e-05
23.4375    1.28619e-05
23.5       1.28451e-05
23.5625    1.34371e-05
23.625     1.38597e-05
23.6875    1.39558e-05
23.75      1.37912e-05
23.8125    1.38816e-05
23.875     1.33979e-05
23.9375    1.25172e-05
24         1.22562e-05
24.0625    1.23707e-05
24.125     1.28748e-05
24.1875    1.32045e-05
24.25      1.23685e-05
24.3125    1.13004e-05
24.375     1.08054e-05
24.4375    1.12701e-05
24.5       1.28621e-05
24.5625    1.42685e-05
24.625     1.43838e-05
24.6875    1.39824e-05
24.75      1.42323e-05
24.8125    1.51115e-05
24.875     1.43343e-05
24.9375    1.35735e-05
25         1.25738e-05
25.0625    1.1958e-05
25.125     1.23801e-05
25.1875    1.28538e-05
25.25      1.32749e-05
25.3125    1.40607e-05
25.375     1.52689e-05
25.4375    1.54827e-05
25.5       1.42707e-05
25.5625    1.31504e-05
25.625     1.2437e-05
25.6875    1.2289e-05
25.75      1.28089e-05
25.8125    1.3182e-05
25.875     1.28808e-05
25.9375    1.29347e-05
26         1.21286e-05
26.0625    1.15263e-05
26.125     1.16406e-05
26.1875    1.13792e-05
26.25      1.13306e-05
26.3125    1.22345e-05
26.375     1.30147e-05
26.4375    1.35939e-05
26.5       1.3266e-05
26.5625    1.29499e-05
26.625     1.34301e-05
26.6875    1.37347e-05
26.75      1.31401e-05
26.8125    1.28312e-05
26.875     1.20469e-05
26.9375    1.17902e-05
27         1.21995e-05
27.0625    1.25346e-05
27.125     1.24019e-05
27.1875    1.21625e-05
27.25      1.23096e-05
27.3125    1.2404e-05
27.375     1.25161e-05
27.4375    1.32773e-05
27.5       1.45057e-05
27.5625    1.42259e-05
27.625     1.29918e-05
27.6875    1.23623e-05
27.75      1.23397e-05
27.8125    1.3477e-05
27.875     1.44921e-05
27.9375    1.48429e-05
28         1.46847e-05
28.0625    1.46595e-05
28.125     1.42913e-05
28.1875    1.36986e-05
28.25      1.38697e-05
28.3125    1.38637e-05
28.375     1.38757e-05
28.4375    1.42248e-05
28.5       1.41608e-05
28.5625    1.35408e-05
28.625     1.30051e-05
28.6875    1.28048e-05
28.75      1.31812e-05
28.8125    1.22184e-05
28.875     1.11376e-05
28.9375    1.02313e-05
29         9.45935e-06
29.0625    9.94453e-06
29.125     1.0961e-05
29.1875    1.21802e-05
29.25      1.26868e-05
29.3125    1.19189e-05
29.375     1.16838e-05
29.4375    1.23857e-05
29.5       1.27535e-05
29.5625    1.23759e-05
29.625     1.16158e-05
29.6875    1.13986e-05
29.75      1.16791e-05
29.8125    1.16445e-05
29.875     1.14106e-05
29.9375    1.1647e-05
30         1.20197e-05
30.0625    1.17081e-05
30.125     1.09286e-05
30.1875    1.03018e-05
30.25      9.08466e-06
30.3125    8.85891e-06
30.375     1.02909e-05
30.4375    1.18622e-05
30.5       1.20636e-05
30.5625    1.16411e-05
30.625     1.17097e-05
30.6875    1.23397e-05
30.75      1.32041e-05
30.8125    1.42937e-05
30.875     1.45393e-05
30.9375    1.32117e-05
31         1.1396e-05
31.0625    1.0289e-05
31.125     1.06368e-05
31.1875    1.20611e-05
31.25      1.26354e-05
31.3125    1.26362e-05
31.375     1.24374e-05
31.4375    1.24645e-05
31.5       1.26215e-05
31.5625    1.26175e-05
31.625     1.37584e-05
31.6875    1.45207e-05
31.75      1.39551e-05
31.8125    1.30668e-05
31.875     1.28444e-05
31.9375    1.32371e-05
32         1.34665e-05
32.0625    1.3285e-05
32.125     1.28408e-05
32.1875    1.358e-05 
32.25      1.45449e-05
32.3125    1.47706e-05
32.375     1.45501e-05
32.4375    1.432e-05 
32.5       1.40913e-05
32.5625    1.38502e-05
32.625     1.3407e-05
32.6875    1.38462e-05
32.75      1.47741e-05
32.8125    1.48102e-05
32.875     1.42996e-05
32.9375    1.35429e-05
33         1.25137e-05
33.0625    1.25444e-05
33.125     1.3465e-05
33.1875    1.40705e-05
33.25      1.37817e-05
33.3125    1.31354e-05
33.375     1.30908e-05
33.4375    1.35907e-05
33.5       1.35367e-05
33.5625    1.27303e-05
33.625     1.20674e-05
33.6875    1.14128e-05
33.75      1.07989e-05
33.8125    1.06207e-05
33.875     1.06519e-05
33.9375    1.07876e-05
34         1.09471e-05
34.0625    1.19487e-05
34.125     1.2697e-05
34.1875    1.30102e-05
34.25      1.30202e-05
34.3125    1.21207e-05
34.375     1.10397e-05
34.4375    1.02636e-05
34.5       1.04239e-05
34.5625    1.15513e-05
34.625     1.23401e-05
34.6875    1.24205e-05
34.75      1.27666e-05
34.8125    1.24911e-05
34.875     1.16072e-05
34.9375    1.09078e-05
35         1.1075e-05
35.0625    1.15271e-05
35.125     1.126e-05 
35.1875    1.03277e-05
35.25      1.04374e-05
35.3125    1.12886e-05
35.375     1.15941e-05
35.4375    1.16262e-05
35.5       1.19871e-05
35.5625    1.24575e-05
35.625     1.12658e-05
35.6875    9.48654e-06
35.75      9.41104e-06
35.8125    1.04085e-05
35.875     1.1369e-05
35.9375    1.1817e-05
36         1.19145e-05
36.0625    1.18909e-05
36.125     1.22327e-05
36.1875    1.23105e-05
36.25      1.12182e-05
36.3125    1.07317e-05
36.375     1.06922e-05
36.4375    1.01031e-05
36.5       9.85445e-06
36.5625    1.05256e-05
36.625     1.10415e-05
36.6875    1.1493e-05
36.75      1.09798e-05
36.8125    9.97581e-06
36.875     1.01276e-05
36.9375    1.12228e-05
37         1.18129e-05
37.0625    1.14188e-05
37.125     1.07507e-05
37.1875    1.05512e-05
37.25      1.1022e-05
37.3125    1.14086e-05
37.375     1.19249e-05
37.4375    1.27355e-05
37.5       1.2734e-05
37.5625    1.22573e-05
37.625     1.24414e-05
37.6875    1.23936e-05
37.75      1.19293e-05
37.8125    1.13347e-05
37.875     1.13156e-05
37.9375    1.13287e-05
38         1.12391e-05
38.0625    1.1023e-05
38.125     1.10995e-05
38.1875    1.07522e-05
38.25      1.03957e-05
38.3125    1.07947e-05
38.375     1.1256e-05
38.4375    1.12213e-05
38.5       1.08508e-05
38.5625    1.05083e-05
38.625     1.07021e-05
38.6875    1.10449e-05
38.75      1.12271e-05
38.8125    1.12771e-05
38.875     1.15659e-05
38.9375    1.15858e-05
39         1.22683e-05
39.0625    1.31758e-05
39.125     1.29034e-05
39.1875    1.25603e-05
39.25      1.52504e-05
39.3125    2.51251e-05
39.375     2.94666e-05
39.4375    2.88458e-05
39.5       2.56367e-05
39.5625    1.6585e-05
39.625     1.20855e-05
39.6875    1.14129e-05
39.75      1.07267e-05
39.8125    9.94233e-06
39.875     9.57976e-06
39.9375    1.02859e-05
40         1.10905e-05
40.0625    1.17478e-05
40.125     1.24054e-05
40.1875    1.21065e-05
40.25      1.07128e-05
40.3125    9.84649e-06
40.375     1.018e-05 
40.4375    1.12498e-05
40.5       1.17768e-05
40.5625    1.23136e-05
40.625     1.31488e-05
40.6875    1.32749e-05
40.75      1.27809e-05
40.8125    1.18972e-05
40.875     1.05795e-05
40.9375    9.76316e-06
41         9.47756e-06
41.0625    9.92939e-06
41.125     1.04064e-05
41.1875    1.05962e-05
41.25      1.09739e-05
41.3125    1.07063e-05
41.375     1.04875e-05
41.4375    1.09653e-05
41.5       1.15217e-05
41.5625    1.19045e-05
41.625     1.1812e-05
41.6875    1.16484e-05
41.75      1.18458e-05
41.8125    1.19105e-05
41.875     1.18361e-05
41.9375    1.19479e-05
42         1.17169e-05
42.0625    1.10467e-05
42.125     1.0062e-05
42.1875    9.65886e-06
42.25      1.00792e-05
42.3125    1.04977e-05
42.375     1.0352e-05
42.4375    9.90086e-06
42.5       9.92288e-06
42.5625    1.02174e-05
42.625     1.02206e-05
42.6875    1.03671e-05
42.75      1.05964e-05
42.8125    1.09471e-05
42.875     1.15897e-05
42.9375    1.17829e-05
43         1.17901e-05
43.0625    1.18547e-05
43.125     1.20409e-05
43.1875    1.21727e-05
43.25      1.18526e-05
43.3125    1.15554e-05
43.375     1.10851e-05
43.4375    1.06656e-05
43.5       1.0399e-05
43.5625    9.84692e-06
43.625     9.54384e-06
43.6875    9.50029e-06
43.75      9.41012e-06
43.8125    8.89412e-06
43.875     8.09214e-06
43.9375    8.51654e-06
44         9.33259e-06
44.0625    9.37495e-06
44.125     9.05609e-06
44.1875    8.87533e-06
44.25      9.21378e-06
44.3125    9.62898e-06
44.375     1.04325e-05
44.4375    1.14456e-05
44.5       1.17043e-05
44.5625    1.11662e-05
44.625     1.03935e-05
44.6875    9.79827e-06
44.75      9.47274e-06
44.8125    9.93066e-06
44.875     1.07455e-05
44.9375    1.1622e-05
45         1.20247e-05
45.0625    1.19688e-05
45.125     1.0884e-05
45.1875    9.90546e-06
45.25      9.61415e-06
45.3125    9.5804e-06
45.375     9.1823e-06
45.4375    8.39265e-06
45.5       7.44607e-06
45.5625    7.69828e-06
45.625     9.05095e-06
45.6875    1.01408e-05
45.75      1.0391e-05
45.8125    9.99115e-06
45.875     1.04501e-05
45.9375    1.13414e-05
46         1.16104e-05
46.0625    1.16026e-05
46.125     1.14266e-05
46.1875    1.13838e-05
46.25      1.10642e-05
46.3125    1.10801e-05
46.375     1.0806e-05
46.4375    1.04887e-05
46.5       1.06345e-05
46.5625    1.09794e-05
46.625     1.14144e-05
46.6875    1.1322e-05
46.75      1.11829e-05
46.8125    1.11402e-05
46.875     1.09054e-05
46.9375    1.09913e-05
47         1.07002e-05
47.0625    1.00491e-05
47.125     8.92661e-06
47.1875    8.039e-06 
47.25      8.31597e-06
47.3125    9.20605e-06
47.375     9.72125e-06
47.4375    9.82835e-06
47.5       1.00235e-05
47.5625    1.00328e-05
47.625     9.53908e-06
47.6875    9.10408e-06
47.75      8.79627e-06
47.8125    9.32668e-06
47.875     9.91247e-06
47.9375    9.47872e-06
48         9.49155e-06
48.0625    9.80574e-06
48.125     9.73405e-06
48.1875    9.67096e-06
48.25      9.37941e-06
48.3125    8.89628e-06
48.375     8.81392e-06
48.4375    9.25531e-06
48.5       9.74658e-06
48.5625    9.86607e-06
48.625     1.00295e-05
48.6875    1.06811e-05
48.75      1.10636e-05
48.8125    1.10797e-05
48.875     1.05761e-05
48.9375    1.03282e-05
49         1.04092e-05
49.0625    9.76513e-06
49.125     8.81235e-06
49.1875    9.23825e-06
49.25      1.04644e-05
49.3125    1.08976e-05
49.375     1.0873e-05
49.4375    1.05814e-05
49.5       9.99134e-06
49.5625    9.71638e-06
49.625     9.74337e-06
49.6875    9.61804e-06
49.75      9.38722e-06
49.8125    9.08195e-06
49.875     9.19455e-06
49.9375    9.16806e-06
50         8.818e-06 
50.0625    8.83031e-06
50.125     9.50557e-06
50.1875    1.02663e-05
50.25      1.02364e-05
50.3125    9.97409e-06
50.375     9.70309e-06
50.4375    9.48863e-06
50.5       9.79505e-06
50.5625    9.73245e-06
50.625     9.13574e-06
50.6875    8.98055e-06
50.75      9.07497e-06
50.8125    9.1016e-06
50.875     8.90121e-06
50.9375    8.72013e-06
51         8.43168e-06
51.0625    8.90897e-06
51.125     9.81854e-06
51.1875    1.00939e-05
51.25      9.63178e-06
51.3125    9.35709e-06
51.375     9.21586e-06
51.4375    8.83755e-06
51.5       8.77677e-06
51.5625    9.08564e-06
51.625     9.63496e-06
51.6875    9.69594e-06
51.75      8.99186e-06
51.8125    8.49213e-06
51.875     8.35085e-06
51.9375    8.31353e-06
52         8.93577e-06
52.0625    9.47852e-06
52.125     9.82239e-06
52.1875    9.27866e-06
52.25      8.2713e-06
52.3125    7.92636e-06
52.375     8.67112e-06
52.4375    9.81961e-06
52.5       1.02444e-05
52.5625    9.59566e-06
52.625     8.00649e-06
52.6875    7.07745e-06
52.75      7.70286e-06
52.8125    8.32738e-06
52.875     8.95676e-06
52.9375    9.63228e-06
53         9.5008e-06
53.0625    9.49076e-06
53.125     9.81957e-06
53.1875    9.14736e-06
53.25      7.83698e-06
53.3125    7.08697e-06
53.375     7.92279e-06
53.4375    9.10839e-06
53.5       9.68335e-06
53.5625    1.01968e-05
53.625     1.03997e-05
53.6875    1.02817e-05
53.75      9.95264e-06
53.8125    8.82808e-06
53.875     7.48455e-06
53.9375    7.87071e-06
54         9.02883e-06
54.0625    9.20132e-06
54.125     9.15746e-06
54.1875    9.05493e-06
54.25      8.74101e-06
54.3125    8.26666e-06
54.375     8.25185e-06
54.4375    8.85453e-06
54.5       9.06463e-06
54.5625    9.19559e-06
54.625     9.37189e-06
54.6875    9.5926e-06
54.75      1.01229e-05
54.8125    1.0539e-05
54.875     1.0266e-05
54.9375    9.60041e-06
55         9.18248e-06
55.0625    9.1816e-06
55.125     9.37668e-06
55.1875    9.64132e-06
55.25      9.52979e-06
55.3125    9.25296e-06
55.375     8.94385e-06
55.4375    9.01618e-06
55.5       9.54629e-06
55.5625    1.00499e-05
55.625     9.66313e-06
55.6875    9.34427e-06
55.75      9.32562e-06
55.8125    9.19819e-06
55.875     8.86063e-06
55.9375    8.57135e-06
56         8.67622e-06
56.0625    8.62359e-06
56.125     8.29323e-06
56.1875    7.75782e-06
56.25      7.4807e-06
56.3125    7.37759e-06
56.375     7.74369e-06
56.4375    7.45371e-06
56.5       7.03587e-06
56.5625    6.93996e-06
56.625     7.29063e-06
56.6875    7.799e-06 
56.75      7.88575e-06
56.8125    7.55441e-06
56.875     7.14612e-06
56.9375    7.77073e-06
57         8.88204e-06
57.0625    9.97939e-06
57.125     1.05317e-05
57.1875    9.93438e-06
57.25      8.59647e-06
57.3125    7.81447e-06
57.375     7.99798e-06
57.4375    8.88509e-06
57.5       9.35009e-06
57.5625    9.24247e-06
57.625     8.0905e-06
57.6875    6.90716e-06
57.75      7.195e-06 
57.8125    7.39405e-06
57.875     7.68387e-06
57.9375    8.38389e-06
58         8.43304e-06
58.0625    8.17228e-06
58.125     8.15957e-06
58.1875    8.21587e-06
58.25      8.11316e-06
58.3125    8.11781e-06
58.375     9.23958e-06
58.4375    1.02453e-05
58.5       1.01122e-05
58.5625    9.62633e-06
58.625     9.83833e-06
58.6875    9.89661e-06
58.75      9.30491e-06
58.8125    8.54076e-06
58.875     8.20864e-06
58.9375    8.19508e-06
59         7.98351e-06
59.0625    7.84941e-06
59.125     8.57489e-06
59.1875    9.46191e-06
59.25      9.6482e-06
59.3125    9.41226e-06
59.375     9.34933e-06
59.4375    9.283e-06 
59.5       9.23726e-06
59.5625    9.42128e-06
59.625     8.7884e-06
59.6875    8.60773e-06
59.75      9.27243e-06
59.8125    9.4691e-06
59.875     9.55973e-06
59.9375    9.68583e-06
60         9.20171e-06
60.0625    9.01955e-06
60.125     8.85471e-06
60.1875    9.05939e-06
60.25      9.48187e-06
60.3125    9.95393e-06
60.375     9.90506e-06
60.4375    9.27403e-06
60.5       8.87699e-06
60.5625    9.06964e-06
60.625     8.8712e-06
60.6875    8.4461e-06
60.75      8.14329e-06
60.8125    7.79518e-06
60.875     7.9175e-06
60.9375    8.28943e-06
61         8.98767e-06
61.0625    9.287e-06 
61.125     8.75652e-06
61.1875    7.68871e-06
61.25      7.24666e-06
61.3125    7.80869e-06
61.375     8.46875e-06
61.4375    8.36614e-06
61.5       8.25361e-06
61.5625    8.34649e-06
61.625     8.38879e-06
61.6875    8.55681e-06
61.75      8.32053e-06
61.8125    8.24659e-06
61.875     8.01261e-06
61.9375    8.35039e-06
62         8.92295e-06
62.0625    8.54291e-06
62.125     7.69329e-06
62.1875    7.00325e-06
62.25      6.52925e-06
62.3125    5.95311e-06
62.375     6.22295e-06
62.4375    6.86792e-06
62.5       7.5108e-06
62.5625    7.82801e-06
62.625     8.35505e-06
62.6875    8.91833e-06
62.75      8.87373e-06
62.8125    8.74136e-06
62.875     8.78785e-06
62.9375    8.61256e-06
63         8.69874e-06
63.0625    8.52265e-06
63.125     8.2932e-06
63.1875    8.10073e-06
63.25      8.08575e-06
63.3125    8.44443e-06
63.375     8.69522e-06
63.4375    8.35322e-06
63.5       8.02217e-06
63.5625    8.3507e-06
63.625     8.19278e-06
63.6875    7.7974e-06
63.75      7.78635e-06
63.8125    7.82156e-06
63.875     7.56965e-06
63.9375    7.13005e-06
64         7.33671e-06
64.0625    8.12729e-06
64.125     8.82698e-06
64.1875    9.44196e-06
64.25      9.17291e-06
64.3125    8.78576e-06
64.375     8.50906e-06
64.4375    7.65671e-06
64.5       6.98459e-06
64.5625    6.82246e-06
64.625     7.12064e-06
64.6875    7.19877e-06
64.75      7.35166e-06
64.8125    7.68545e-06
64.875     7.36915e-06
64.9375    7.41993e-06
65         7.70394e-06
65.0625    7.69931e-06
65.125     7.82218e-06
65.1875    8.18558e-06
65.25      8.49837e-06
65.3125    8.77445e-06
65.375     8.83287e-06
65.4375    8.1645e-06
65.5       7.36745e-06
65.5625    7.3414e-06
65.625     7.99429e-06
65.6875    8.36631e-06
65.75      8.43061e-06
65.8125    8.20288e-06
65.875     8.59119e-06
65.9375    9.0355e-06
66         9.07304e-06
66.0625    9.13022e-06
66.125     8.78114e-06
66.1875    8.46033e-06
66.25      8.28828e-06
66.3125    8.35374e-06
66.375     8.25541e-06
66.4375    8.17842e-06
66.5       8.39755e-06
66.5625    8.62234e-06
66.625     8.44672e-06
66.6875    8.16168e-06
66.75      8.41421e-06
66.8125    8.66618e-06
66.875     8.85435e-06
66.9375    8.83984e-06
67         8.65349e-06
67.0625    8.65029e-06
67.125     8.45124e-06
67.1875    7.84921e-06
67.25      6.81894e-06
67.3125    6.48198e-06
67.375     6.71562e-06
67.4375    6.84508e-06
67.5       6.80726e-06
67.5625    6.78352e-06
67.625     7.24188e-06
67.6875    7.58775e-06
67.75      7.47483e-06
67.8125    7.23619e-06
67.875     7.4425e-06
67.9375    7.7298e-06
68         7.22645e-06
68.0625    6.51496e-06
68.125     6.20418e-06
68.1875    6.95798e-06
68.25      7.78026e-06
68.3125    7.9054e-06
68.375     7.56114e-06
68.4375    7.40278e-06
68.5       7.51559e-06
68.5625    7.62312e-06
68.625     7.43635e-06
68.6875    7.20709e-06
68.75      6.61582e-06
68.8125    6.31785e-06
68.875     6.4304e-06
68.9375    7.03596e-06
69         7.16902e-06
69.0625    7.26078e-06
69.125     7.83801e-06
69.1875    8.05957e-06
69.25      8.01138e-06
69.3125    7.5888e-06
69.375     7.67212e-06
69.4375    7.96019e-06
69.5       7.94162e-06
69.5625    7.74877e-06
69.625     7.30707e-06
69.6875    6.9383e-06
69.75      7.06622e-06
69.8125    6.97403e-06
69.875     6.57015e-06
69.9375    6.27552e-06
70         6.35851e-06
70.0625    6.65786e-06
70.125     6.75971e-06
70.1875    6.74765e-06
70.25      7.1285e-06
70.3125    7.55821e-06
70.375     7.59375e-06
70.4375    7.35829e-06
70.5       7.15824e-06
70.5625    7.53148e-06
70.625     7.97119e-06
70.6875    7.76352e-06
70.75      7.67382e-06
70.8125    7.58643e-06
70.875     7.35737e-06
70.9375    7.31489e-06
71         7.32607e-06
71.0625    7.48736e-06
71.125     7.55012e-06
71.1875    7.56908e-06
71.25      7.54446e-06
71.3125    6.94101e-06
71.375     6.54071e-06
71.4375    7.27905e-06
71.5       7.93347e-06
71.5625    8.26018e-06
71.625     7.77754e-06
71.6875    7.19174e-06
71.75      7.07279e-06
71.8125    7.07451e-06
71.875     7.12441e-06
71.9375    7.20358e-06
72         6.80807e-06
72.0625    6.47364e-06
72.125     6.52758e-06
72.1875    6.80619e-06
72.25      6.88693e-06
72.3125    7.05077e-06
72.375     7.02442e-06
72.4375    7.21047e-06
72.5       7.6428e-06
72.5625    7.59718e-06
72.625     7.17517e-06
72.6875    6.7091e-06
72.75      6.38317e-06
72.8125    6.13357e-06
72.875     6.07465e-06
72.9375    6.8002e-06
73         7.89376e-06
73.0625    8.24329e-06
73.125     7.36192e-06
73.1875    6.27342e-06
73.25      6.19929e-06
73.3125    6.51189e-06
73.375     6.50885e-06
73.4375    6.49699e-06
73.5       6.9205e-06
73.5625    6.89958e-06
73.625     6.76089e-06
73.6875    6.42843e-06
73.75      5.92652e-06
73.8125    5.8725e-06
73.875     6.17564e-06
73.9375    6.42852e-06
74         6.67726e-06
74.0625    7.03201e-06
74.125     7.64084e-06
74.1875    7.80858e-06
74.25      7.20604e-06
74.3125    6.39374e-06
74.375     5.91798e-06
74.4375    6.12428e-06
74.5       6.80521e-06
74.5625    7.27618e-06
74.625     7.35331e-06
74.6875    7.46582e-06
74.75      7.82059e-06
74.8125    7.49567e-06
74.875     6.91991e-06
74.9375    6.97255e-06
75         7.30733e-06
75.0625    7.54285e-06
75.125     7.69185e-06
75.1875    7.87769e-06
75.25      8.07369e-06
75.3125    8.13643e-06
75.375     8.09488e-06
75.4375    7.32691e-06
75.5       6.88666e-06
75.5625    6.77188e-06
75.625     6.5895e-06
75.6875    6.9229e-06
75.75      7.09451e-06
75.8125    6.78892e-06
75.875     6.08165e-06
75.9375    5.59189e-06
76         6.50154e-06
76.0625    7.4655e-06
76.125     7.71681e-06
76.1875    7.7173e-06
76.25      7.36345e-06
76.3125    7.30835e-06
76.375     7.30886e-06
76.4375    7.03447e-06
76.5       6.91378e-06
76.5625    7.02527e-06
76.625     7.11097e-06
76.6875    7.1916e-06
76.75      7.18213e-06
76.8125    7.20467e-06
76.875     7.45076e-06
76.9375    7.34976e-06
77         6.4794e-06
77.0625    6.14024e-06
77.125     6.35386e-06
77.1875    6.45818e-06
77.25      6.48305e-06
77.3125    6.53834e-06
77.375     6.76596e-06
77.4375    6.78074e-06
77.5       6.78989e-06
77.5625    6.74239e-06
77.625     6.7551e-06
77.6875    6.81475e-06
77.75      6.93156e-06
77.8125    7.10657e-06
77.875     7.44085e-06
77.9375    7.85384e-06
78         8.03316e-06
78.0625    7.85251e-06
78.125     7.27264e-06
78.1875    6.62322e-06
78.25      6.64122e-06
78.3125    7.03216e-06
78.375     7.37094e-06
78.4375    7.37056e-06
78.5       6.92161e-06
78.5625    6.38255e-06
78.625     6.16931e-06
78.6875    5.99932e-06
78.75      6.1168e-06
78.8125    6.74344e-06
78.875     6.82155e-06
78.9375    6.35721e-06
79         6.18474e-06
79.0625    6.62128e-06
79.125     7.02839e-06
79.1875    6.78668e-06
79.25      6.80123e-06
79.3125    7.32327e-06
79.375     7.26228e-06
79.4375    6.89475e-06
79.5       6.55146e-06
79.5625    6.09922e-06
79.625     5.42005e-06
79.6875    5.45159e-06
79.75      6.07034e-06
79.8125    6.58355e-06
79.875     6.70618e-06
79.9375    6.62436e-06
80         6.67678e-06
80.0625    6.98845e-06
80.125     7.12476e-06
80.1875    7.09209e-06
80.25      6.76618e-06
80.3125    6.1051e-06
80.375     5.74998e-06
80.4375    5.71686e-06
80.5       5.96903e-06
80.5625    5.84484e-06
80.625     5.66511e-06
80.6875    5.84518e-06
80.75      6.25123e-06
80.8125    6.31853e-06
80.875     6.02416e-06
80.9375    5.6862e-06
81         5.96334e-06
81.0625    6.27585e-06
81.125     6.63263e-06
81.1875    7.27511e-06
81.25      7.43236e-06
81.3125    7.4652e-06
81.375     7.28557e-06
81.4375    7.26721e-06
81.5       7.68786e-06
81.5625    7.78806e-06
81.625     7.53271e-06
81.6875    7.00959e-06
81.75      6.41467e-06
81.8125    6.18499e-06
81.875     6.11877e-06
81.9375    6.14689e-06
82         6.13641e-06
82.0625    6.53593e-06
82.125     7.20074e-06
82.1875    7.37091e-06
82.25      7.0373e-06
82.3125    6.45435e-06
82.375     5.78185e-06
82.4375    5.75036e-06
82.5       5.964e-06 
82.5625    5.83679e-06
82.625     5.30085e-06
82.6875    5.41251e-06
82.75      5.96203e-06
82.8125    6.56192e-06
82.875     6.76432e-06
82.9375    6.82783e-06
83         6.72112e-06
83.0625    6.71007e-06
83.125     6.62696e-06
83.1875    6.34556e-06
83.25      5.94624e-06
83.3125    6.26236e-06
83.375     6.77362e-06
83.4375    7.22138e-06
83.5       7.64199e-06
83.5625    7.31073e-06
83.625     6.69113e-06
83.6875    6.63154e-06
83.75      6.97452e-06
83.8125    7.02509e-06
83.875     6.8575e-06
83.9375    6.50626e-06
84         6.23836e-06
84.0625    5.88684e-06
84.125     5.62254e-06
84.1875    5.96677e-06
84.25      6.35092e-06
84.3125    6.23583e-06
84.375     5.86365e-06
84.4375    5.34893e-06
84.5       4.95171e-06
84.5625    5.57619e-06
84.625     6.09713e-06
84.6875    6.42621e-06
84.75      6.55401e-06
84.8125    6.21469e-06
84.875     5.97688e-06
84.9375    5.76307e-06
85         5.65572e-06
85.0625    5.69773e-06
85.125     5.76001e-06
85.1875    5.98454e-06
85.25      6.4033e-06
85.3125    6.63681e-06
85.375     6.48908e-06
85.4375    6.29848e-06
85.5       6.08776e-06
85.5625    5.98756e-06
85.625     5.84477e-06
85.6875    5.64172e-06
85.75      5.42598e-06
85.8125    5.33401e-06
85.875     5.76141e-06
85.9375    6.33969e-06
86         6.65409e-06
86.0625    6.80309e-06
86.125     6.62337e-06
86.1875    6.21713e-06
86.25      5.62555e-06
86.3125    5.04637e-06
86.375     4.96901e-06
86.4375    5.12157e-06
86.5       5.19843e-06
86.5625    5.51808e-06
86.625     5.93134e-06
86.6875    6.33899e-06
86.75      6.49642e-06
86.8125    6.4169e-06
86.875     6.29849e-06
86.9375    6.29289e-06
87         6.22905e-06
87.0625    6.10722e-06
87.125     5.97012e-06
87.1875    6.1497e-06
87.25      6.32357e-06
87.3125    6.75913e-06
87.375     7.11181e-06
87.4375    6.96108e-06
87.5       6.74466e-06
87.5625    6.5586e-06
87.625     6.46965e-06
87.6875    6.64199e-06
87.75      6.30195e-06
87.8125    6.09945e-06
87.875     5.98878e-06
87.9375    5.90251e-06
88         6.12575e-06
88.0625    6.18791e-06
88.125     5.75023e-06
88.1875    5.45182e-06
88.25      5.52933e-06
88.3125    5.69936e-06
88.375     5.87543e-06
88.4375    6.13471e-06
88.5       6.49514e-06
88.5625    6.57627e-06
88.625     6.00609e-06
88.6875    5.68284e-06
88.75      5.65847e-06
88.8125    5.82249e-06
88.875     5.95634e-06
88.9375    5.68389e-06
89         5.63616e-06
89.0625    6.08806e-06
89.125     6.27613e-06
89.1875    6.1388e-06
89.25      5.75757e-06
89.3125    5.52388e-06
89.375     5.65509e-06
89.4375    6.2258e-06
89.5       6.96231e-06
89.5625    7.21694e-06
89.625     7.18101e-06
89.6875    7.2468e-06
89.75      7.3218e-06
89.8125    7.10108e-06
89.875     6.72414e-06
89.9375    6.23803e-06
90         5.86015e-06
90.0625    5.72591e-06
90.125     5.92151e-06
90.1875    6.03322e-06
90.25      5.91088e-06
90.3125    5.69084e-06
90.375     5.384e-06 
90.4375    5.20013e-06
90.5       5.3429e-06
90.5625    5.6056e-06
90.625     6.10439e-06
90.6875    6.32839e-06
90.75      6.21648e-06
90.8125    5.75435e-06
90.875     5.34363e-06
90.9375    5.26158e-06
91         4.92956e-06
91.0625    4.91845e-06
91.125     4.78889e-06
91.1875    4.76974e-06
91.25      5.17182e-06
91.3125    5.62903e-06
91.375     5.63206e-06
91.4375    5.67009e-06
91.5       5.79568e-06
91.5625    5.82876e-06
91.625     5.96712e-06
91.6875    5.89076e-06
91.75      5.63958e-06
91.8125    5.28971e-06
91.875     4.90876e-06
91.9375    4.72926e-06
92         4.71128e-06
92.0625    5.01686e-06
92.125     5.16025e-06
92.1875    5.35276e-06
92.25      6.07262e-06
92.3125    6.53622e-06
92.375     6.55216e-06
92.4375    6.35102e-06
92.5       6.06446e-06
92.5625    5.97569e-06
92.625     5.98636e-06
92.6875    5.91875e-06
92.75      5.99481e-06
92.8125    6.00984e-06
92.875     5.78803e-06
92.9375    5.51013e-06
93         5.42459e-06
93.0625    5.47739e-06
93.125     5.6662e-06
93.1875    5.76199e-06
93.25      5.51588e-06
93.3125    5.24874e-06
93.375     4.93096e-06
93.4375    4.82494e-06
93.5       5.18195e-06
93.5625    5.54628e-06
93.625     5.50714e-06
93.6875    5.69013e-06
93.75      6.14685e-06
93.8125    6.02469e-06
93.875     5.98269e-06
93.9375    5.92725e-06
94         5.682e-06 
94.0625    5.79364e-06
94.125     5.59453e-06
94.1875    5.78638e-06
94.25      5.99192e-06
94.3125    5.90889e-06
94.375     5.59669e-06
94.4375    5.32733e-06
94.5       5.08327e-06
94.5625    4.81562e-06
94.625     5.02625e-06
94.6875    5.14496e-06
94.75      5.09268e-06
94.8125    5.25383e-06
94.875     5.35276e-06
94.9375    5.32086e-06
95         5.24992e-06
95.0625    5.31795e-06
95.125     5.57956e-06
95.1875    5.44444e-06
95.25      5.27991e-06
95.3125    5.29622e-06
95.375     5.49496e-06
95.4375    5.82053e-06
95.5       5.86732e-06
95.5625    5.6332e-06
95.625     5.56073e-06
95.6875    5.74449e-06
95.75      6.05982e-06
95.8125    6.16122e-06
95.875     6.07688e-06
95.9375    5.45146e-06
96         4.80161e-06
96.0625    5.58746e-06
96.125     6.51293e-06
96.1875    6.59979e-06
96.25      6.23486e-06
96.3125    5.74073e-06
96.375     5.95952e-06
96.4375    6.11718e-06
96.5       5.60299e-06
96.5625    5.58327e-06
96.625     5.75151e-06
96.6875    5.93201e-06
96.75      5.93175e-06
96.8125    5.94155e-06
96.875     5.84231e-06
96.9375    5.63436e-06
97         5.88955e-06
97.0625    6.08521e-06
97.125     6.04718e-06
97.1875    5.7138e-06
97.25      5.40451e-06
97.3125    5.54028e-06
97.375     5.64188e-06
97.4375    5.34152e-06
97.5       5.14768e-06
97.5625    5.38162e-06
97.625     5.71078e-06
97.6875    5.80925e-06
97.75      5.33459e-06
97.8125    5.03035e-06
97.875     5.3337e-06
97.9375    5.74505e-06
98         5.99885e-06
98.0625    6.23006e-06
98.125     6.26506e-06
98.1875    6.03207e-06
98.25      6.09774e-06
98.3125    6.2631e-06
98.375     6.47286e-06
98.4375    6.39566e-06
98.5       5.96477e-06
98.5625    5.49377e-06
98.625     5.07515e-06
98.6875    4.97077e-06
98.75      5.0031e-06
98.8125    4.61033e-06
98.875     4.36593e-06
98.9375    4.64538e-06
99         5.36877e-06
99.0625    5.9747e-06
99.125     5.83698e-06
99.1875    5.32928e-06
99.25      5.16596e-06
99.3125    5.4344e-06
99.375     5.72713e-06
99.4375    5.93791e-06
99.5       6.00776e-06
99.5625    5.83139e-06
99.625     5.76488e-06
99.6875    5.6067e-06
99.75      5.33407e-06
99.8125    5.01772e-06
99.875     4.6616e-06
99.9375    4.47678e-06
100        4.71811e-06
